20140417-35 +2
 0.9998850    -0.0102550
 0.9964737    -0.0097847
 0.9898614    -0.0089227
 0.9819592    -0.0079466
 0.9734870    -0.0069230
 0.9648148    -0.0059011
 0.9560728    -0.0048890
 0.9473214    -0.0039023
 0.9385402    -0.0029255
 0.9297690    -0.0019687
 0.9209973    -0.0010277
 0.9121963    -0.0001001
 0.9034259     0.0008115
 0.8946251     0.0017087
 0.8858243     0.0025960
 0.8770341     0.0034679
 0.8682439     0.0043199
 0.8594433     0.0051671
 0.8506334     0.0059901
 0.8418334     0.0068122
 0.8330335     0.0076147
 0.8242142     0.0084026
 0.8154040     0.0091805
 0.8065947     0.0099478
 0.7977855     0.0106962
 0.7889664     0.0114341
 0.7801369     0.0121675
 0.7713174     0.0128812
 0.7624881     0.0135844
 0.7536591     0.0142826
 0.7448199     0.0149668
 0.7359906     0.0156406
 0.7271810     0.0162987
 0.7183522     0.0169465
 0.7095227     0.0175953
 0.7007537     0.0182211
 0.6920059     0.0188316
 0.6831869     0.0194457
 0.6743582     0.0200523
 0.6655399     0.0206554
 0.6567010     0.0212496
 0.6478527     0.0218325
 0.6389943     0.0224118
 0.6301361     0.0229846
 0.6212876     0.0235542
 0.6124395     0.0241069
 0.6035815     0.0246643
 0.5947233     0.0252145
 0.5858554     0.0257607
 0.5769976     0.0263008
 0.5681396     0.0268339
 0.5592820     0.0273654
 0.5504143     0.0278950
 0.5415469     0.0284179
 0.5326792     0.0289376
 0.5238317     0.0294495
 0.5149742     0.0299621
 0.5061074     0.0304655
 0.4972501     0.0309699
 0.4883832     0.0314625
 0.4795263     0.0319558
 0.4706793     0.0324458
 0.4618226     0.0329203
 0.4529657     0.0333935
 0.4441093     0.0338536
 0.4352627     0.0343122
 0.4264261     0.0347595
 0.4175795     0.0351971
 0.4087334     0.0356236
 0.3998969     0.0360437
 0.3910607     0.0364499
 0.3822144     0.0368428
 0.3733883     0.0372211
 0.3645522     0.0375903
 0.3557159     0.0379458
 0.3468899     0.0382869
 0.3380638     0.0386184
 0.3292480     0.0389278
 0.3204320     0.0392222
 0.3116259     0.0394961
 0.3028101     0.0397484
 0.2940041     0.0399860
 0.2852081     0.0401976
 0.2764221     0.0403914
 0.2676461     0.0405563
 0.2588601     0.0406956
 0.2500838     0.0408088
 0.2413176     0.0408895
 0.2325613     0.0409446
 0.2238249     0.0409676
 0.2150983     0.0409454
 0.2063815     0.0408841
 0.1976745     0.0407811
 0.1889873     0.0406297
 0.1803197     0.0404330
 0.1716818     0.0401795
 0.1630535     0.0398663
 0.1544650     0.0394918
 0.1459057     0.0390444
 0.1373758     0.0385286
 0.1288654     0.0379223
 0.1203942     0.0372382
 0.1119723     0.0364666
 0.1035997     0.0355939
 0.0952858     0.0346151
 0.0870404     0.0335212
 0.0788936     0.0323093
 0.0708356     0.0309464
 0.0629066     0.0294403
 0.0551254     0.0277784
 0.0475316     0.0259382
 0.0401870     0.0239230
 0.0331608     0.0217142
 0.0265738     0.0193501
 0.0206323     0.0168784
 0.0155139     0.0144121
 0.0113880     0.0121143
 0.0082329     0.0100706
 0.0058633     0.0082854
 0.0040746     0.0067267
 0.0027223     0.0053302
 0.0017009     0.0040621
 0.0009420     0.0028922
 0.0004081     0.0017997
 0.0000983     0.0007573
-0.0000099    -0.0002125
 0.0000884    -0.0011628
 0.0004541    -0.0021283
 0.0011129    -0.0030337
 0.0020768    -0.0038430
 0.0033265    -0.0045805
 0.0049018    -0.0053010
 0.0068956    -0.0060382
 0.0094788    -0.0068216
 0.0129334    -0.0076745
 0.0175701    -0.0086033
 0.0235474    -0.0095629
 0.0306461    -0.0104588
 0.0384256    -0.0112501
 0.0465755    -0.0119202
 0.0549261    -0.0124831
 0.0633964    -0.0129412
 0.0719571    -0.0133220
 0.0805779    -0.0136341
 0.0892185    -0.0138866
 0.0979193    -0.0140871
 0.1066401    -0.0142379
 0.1153709    -0.0143460
 0.1241217    -0.0144230
 0.1329025    -0.0144626
 0.1416933    -0.0144688
 0.1504840    -0.0144539
 0.1592848    -0.0144066
 0.1680956    -0.0143414
 0.1769263    -0.0142568
 0.1857471    -0.0141522
 0.1945779    -0.0140230
 0.2034285    -0.0138833
 0.2122692    -0.0137260
 0.2211099    -0.0135551
 0.2299605    -0.0133755
 0.2388212    -0.0131811
 0.2476819    -0.0129781
 0.2565426    -0.0127612
 0.2654032    -0.0125345
 0.2742639    -0.0123007
 0.2831446    -0.0120577
 0.2920151    -0.0118075
 0.3008858    -0.0115541
 0.3097666    -0.0112933
 0.3186372    -0.0110274
 0.3275178    -0.0107507
 0.3364085    -0.0104685
 0.3452891    -0.0101935
 0.3541698    -0.0099094
 0.3630504    -0.0096236
 0.3719411    -0.0093309
 0.3808319    -0.0090411
 0.3897325    -0.0087464
 0.3986232    -0.0084527
 0.4075039    -0.0081590
 0.4163946    -0.0078651
 0.4252754    -0.0075663
 0.4341761    -0.0072723
 0.4430667    -0.0069779
 0.4519674    -0.0066853
 0.4608584    -0.0063905
 0.4697590    -0.0060970
 0.4786399    -0.0058084
 0.4875306    -0.0055251
 0.4964214    -0.0052465
 0.5053123    -0.0049670
 0.5142031    -0.0046890
 0.5230941    -0.0044150
 0.5319749    -0.0041467
 0.5408559    -0.0038827
 0.5497367    -0.0036243
 0.5586177    -0.0033704
 0.5675085    -0.0031218
 0.5763895    -0.0028776
 0.5852603    -0.0026397
 0.5941314    -0.0024113
 0.6030223    -0.0021866
 0.6119133    -0.0019630
 0.6207942    -0.0017492
 0.6296652    -0.0015346
 0.6385362    -0.0013213
 0.6474071    -0.0011274
 0.6562980    -0.0009331
 0.6651789    -0.0007492
 0.6740398    -0.0005643
 0.6828406    -0.0003863
 0.6915917    -0.0002442
 0.7000327    -0.0001639
 0.7084435    -0.0002076
 0.7171745    -0.0003311
 0.7259651    -0.0004886
 0.7347858    -0.0006734
 0.7436664    -0.0008530
 0.7525471    -0.0010372
 0.7614079    -0.0012174
 0.7702686    -0.0014228
 0.7791291    -0.0016321
 0.7880098    -0.0018464
 0.7968807    -0.0020658
 0.8057413    -0.0022904
 0.8145921    -0.0025302
 0.8234528    -0.0027842
 0.8323236    -0.0030332
 0.8411746    -0.0032976
 0.8500054    -0.0035769
 0.8588462    -0.0038659
 0.8676972    -0.0041697
 0.8765484    -0.0044787
 0.8853794    -0.0048028
 0.8942106    -0.0051416
 0.9030421    -0.0054949
 0.9118636    -0.0058586
 0.9206749    -0.0062471
 0.9295064    -0.0066511
 0.9383082    -0.0070592
 0.9470900    -0.0074978
 0.9558919    -0.0079564
 0.9646339    -0.0084347
 0.9733262    -0.0089491
 0.9818388    -0.0094696
 0.9897612    -0.0099932
 0.9964033    -0.0104612
 0.9998350    -0.0107450
