tipAirfoils2D_073_-1.0_0.6B
9.999999950108329205e-01 1.696486950044892616e-04
9.998684062681924001e-01 1.779652371127714012e-04
9.994737150739030351e-01 2.028972648429190043e-04
9.988161464793654520e-01 2.444348483276428583e-04
9.978960754101705577e-01 3.025543041015837757e-04
9.967140264256010296e-01 3.772224965722383808e-04
9.952706733823355467e-01 4.683968592632278371e-04
9.935668390024254837e-01 5.760254221045410733e-04
9.916034943458124085e-01 7.000468447527791876e-04
9.893817581901318547e-01 8.403160045732930477e-04
9.869028963068418037e-01 9.968040631102123746e-04
9.841683206548667018e-01 1.169435074779144601e-03
9.811795884764031861e-01 1.358046623080054255e-03
9.779384012940030013e-01 1.562519050058599037e-03
9.744466038183821066e-01 1.782801392354251176e-03
9.707061827749174920e-01 2.018610456606737772e-03
9.667192656125848105e-01 2.269939467018533552e-03
9.624881191567244976e-01 2.536513481099522856e-03
9.580151481393921475e-01 2.818253934075657264e-03
9.533028936693457300e-01 3.114872258295722351e-03
9.483540315865769399e-01 3.426315615735906796e-03
9.431713707638537114e-01 3.752175185104901414e-03
9.377578512792966725e-01 4.092425435302812255e-03
9.321165425500518298e-01 4.446759699050745890e-03
9.262506413513950099e-01 4.814884107680144493e-03
9.201634697585671097e-01 5.196660328147809788e-03
9.138584730217526042e-01 5.591816113697543889e-03
9.073392173528412874e-01 5.999920637961744796e-03
9.006093876182054148e-01 6.420843749643138226e-03
8.936727849848359329e-01 6.854287072454449264e-03
8.865333244707279681e-01 7.299941529626256809e-03
8.791950324265045413e-01 7.757487700322989246e-03
8.716620439475332160e-01 8.226509483709407503e-03
8.639386002041269386e-01 8.706751190492882306e-03
8.560290457187383906e-01 9.197880045179681469e-03
8.479378255662107788e-01 9.699540705164433341e-03
8.396694825096282511e-01 1.021136932389906521e-02
8.312286540726431250e-01 1.073299395842590431e-02
8.226200695496181936e-01 1.126403498439805875e-02
8.138485469554197493e-01 1.180410551820750865e-02
8.049189899167115136e-01 1.235281184580626357e-02
7.958363845066518394e-01 1.290975385781345346e-02
7.866057960249173142e-01 1.347452549046483650e-02
7.772323657250087559e-01 1.404671517197733990e-02
7.677213074908297852e-01 1.462590627392243783e-02
7.580779044681232870e-01 1.521156771182135929e-02
7.483075056370805944e-01 1.580331840496696297e-02
7.384155223541448709e-01 1.640076733315072241e-02
7.284074248471343882e-01 1.700348167745961356e-02
7.182887386676615193e-01 1.761102597238890441e-02
7.080650411065334549e-01 1.822296257821242813e-02
6.977419575777914496e-01 1.883870608173739136e-02
6.873251579554824353e-01 1.945778720119227534e-02
6.768203528854060957e-01 2.007990957767851609e-02
6.662332900794902812e-01 2.070463165564643410e-02
6.555697505677348103e-01 2.133151217930735061e-02
6.448355449431916186e-01 2.195969705694344673e-02
6.340365095312177068e-01 2.258913032118932407e-02
6.231785026157733443e-01 2.321937584889165879e-02
6.122674004522679070e-01 2.385443485509701825e-02
6.013090880627224299e-01 2.466747655252543581e-02
5.903094722314785603e-01 2.548261467298711114e-02
5.792744608511454230e-01 2.629084048331982795e-02
5.682099642567821629e-01 2.708966702035231836e-02
5.571218914928481869e-01 2.787833617586852816e-02
5.460161464657560249e-01 2.865638972960583147e-02
5.348986241055522228e-01 2.942187419031145473e-02
5.237752064256766538e-01 3.017266169722163799e-02
5.126517585350780504e-01 3.090928590612696328e-02
5.015341248884754854e-01 3.163057299842315234e-02
4.904281254304076465e-01 3.233272138421330877e-02
4.793395514518565825e-01 3.301746686412385112e-02
4.682741619868797667e-01 3.368395963565787993e-02
4.572376799540125991e-01 3.432886612527304149e-02
4.462357881203086740e-01 3.495236451706253827e-02
4.352741254204775534e-01 3.555372685237644798e-02
4.243582832051955300e-01 3.612964308818175652e-02
4.134938014102396142e-01 3.667560380818676857e-02
4.026861645945630785e-01 3.719199530157115546e-02
3.919407984468151196e-01 3.767653353817638356e-02
3.812630661050077086e-01 3.812323899714765985e-02
3.706582641697180325e-01 3.853168367347230283e-02
3.601316192159275120e-01 3.890181138964727420e-02
3.496882842325375051e-01 3.923193493949008598e-02
3.393333351159605327e-01 3.951607316371563011e-02
3.290717667623985210e-01 3.975467425137530625e-02
3.189084897378882122e-01 3.994866933680184945e-02
3.088483268484084610e-01 4.009773289866253032e-02
2.988960096194240856e-01 4.020250085713999305e-02
2.890561750384046946e-01 4.025991333716263942e-02
2.793333617410143632e-01 4.027690372699028326e-02
2.697320071205562275e-01 4.025697580997505964e-02
2.602564439517113248e-01 4.020301162610982748e-02
2.509108971557719725e-01 4.011705028629108244e-02
2.416994806173968502e-01 3.999982150265687930e-02
2.326261940351621593e-01 3.985059290347012922e-02
2.236949198074749123e-01 3.966729132661674095e-02
2.149094199539652306e-01 3.944689830674946024e-02
2.062733331289495764e-01 3.918437730460387625e-02
1.977901714645121933e-01 3.887819313975034857e-02
1.894633177535609281e-01 3.852671764005259625e-02
1.812960225284722948e-01 3.812916083616468832e-02
1.732914011990057401e-01 3.768596417372334362e-02
1.654524312443686473e-01 3.719877275096651614e-02
1.577819495133747640e-01 3.666827781269462599e-02
1.502826493910172090e-01 3.609729810819721496e-02
1.429570780898160309e-01 3.549108324098745881e-02
1.358076340892339084e-01 3.485403513198667008e-02
1.288365644802275112e-01 3.419021320871663827e-02
1.220459623621833189e-01 3.350297596410256595e-02
1.154377642465942017e-01 3.279502226106391360e-02
1.090137474843803217e-01 3.206815077824572147e-02
1.027755281643625007e-01 3.130879284969837612e-02
9.672455718553275850e-02 3.052973246515959527e-02
9.086211890538019309e-02 2.973242433628803597e-02
8.518932814527518937e-02 2.891933221789960012e-02
7.970712848707339759e-02 2.806575285421780697e-02
7.441628718331332049e-02 2.719455487779933248e-02
6.931739444694880181e-02 2.631464368586916222e-02
6.441086118570193975e-02 2.540510971953013550e-02
5.969691407398599464e-02 2.447851187208360813e-02
5.517559336680566417e-02 2.355646780252879449e-02
5.084675226598319581e-02 2.259333663451977905e-02
4.671004853441939469e-02 2.163311964358245049e-02
4.276494578516564643e-02 2.066273369377682328e-02
3.901070800530494903e-02 1.966580607228635147e-02
3.544639339702487096e-02 1.868848254666533384e-02
3.207085610261909553e-02 1.765207172035704319e-02
2.888273147514391556e-02 1.665860874698564531e-02
2.588044379989829988e-02 1.559063870792149614e-02
2.306218487587004262e-02 1.458813114743560263e-02
2.042592419045734589e-02 1.353146300490681853e-02
1.796938496439420135e-02 1.254620965499966476e-02
1.569005045477688334e-02 1.154419133835360607e-02
1.358514173491912058e-02 1.060029798595630776e-02
1.165161510038494226e-02 9.675045537389240918e-03
9.886142906003782954e-03 8.782973295039393433e-03
8.285098662165320260e-03 7.949861350644245317e-03
6.844540718756979801e-03 7.110767489541981214e-03
5.560180082926689457e-03 6.362655183544226739e-03
4.427362766383774809e-03 5.594328642735980732e-03
3.441018591077460529e-03 4.910031942529995488e-03
2.595626232041786576e-03 4.225081315327555188e-03
1.885139109347658184e-03 3.595834076771604708e-03
1.302908129173116622e-03 2.950622494321442687e-03
8.415514761164470019e-04 2.365582623429493114e-03
4.927871077284118675e-04 1.692082343989207696e-03
2.471301958265987252e-04 1.092128567813545250e-03
9.340537850914159602e-05 6.122581496160452120e-04
1.769933897989642697e-05 1.160164939773564375e-04
0.000000000000000000e+00 0.000000000000000000e+00
1.799482019609130597e-05 -1.606825571379698098e-04
9.496036816689803583e-05 -7.189736024726577296e-04
2.512020138585488145e-04 -1.159549059338212899e-03
5.008674256042042238e-04 -1.669042222484710698e-03
8.553090888729611343e-04 -2.248130539386446625e-03
1.324156356544621028e-03 -2.882054374031021646e-03
1.915823982925988090e-03 -3.506551204751059969e-03
2.637802125401436919e-03 -4.017562986468646916e-03
3.496845496000084916e-03 -4.476718789209638803e-03
4.499091294757468634e-03 -4.951206813450332797e-03
5.650142885227939053e-03 -5.400712483288461555e-03
6.955140551825463209e-03 -5.874203592983589031e-03
8.418805484073886569e-03 -6.360361378376973122e-03
1.004547957612657305e-02 -6.843317170557073476e-03
1.183915786058456487e-02 -7.373183482643069775e-03
1.380350654677140951e-02 -7.872742956143751261e-03
1.594189202684688847e-02 -8.416562254662326645e-03
1.825738852123625841e-02 -8.957552850375739145e-03
2.075279779871432029e-02 -9.506177659113967601e-03
2.343065920639677072e-02 -1.007622618539353795e-02
2.629325746739571978e-02 -1.061357222691215740e-02
2.934263761332252946e-02 -1.118597959990044743e-02
3.258060319170821145e-02 -1.169266616025828841e-02
3.600873475483176017e-02 -1.222521054897122809e-02
3.962838356092242276e-02 -1.268931228667930476e-02
4.344068870048355818e-02 -1.316567960397312630e-02
4.744657138168663357e-02 -1.358442888080754751e-02
5.164674867629798216e-02 -1.401084277758017291e-02
5.604172965043158205e-02 -1.440044714036565511e-02
6.063182516341092398e-02 -1.478333667073938526e-02
6.541714772676682221e-02 -1.515041757627554921e-02
7.039761624827153841e-02 -1.549604244972941497e-02
7.557295982253139921e-02 -1.583644242781389461e-02
8.094271900866251146e-02 -1.615507691112637312e-02
8.650625056692612391e-02 -1.645769795858182186e-02
9.226272951694476643e-02 -1.674775729262235197e-02
9.821115158405013812e-02 -1.701584179496989230e-02
1.043503365372699110e-01 -1.725810700376875437e-02
1.106789310794254605e-01 -1.748208525485493367e-02
1.171954108537988787e-01 -1.768609595368515058e-02
1.238980834243568058e-01 -1.786901670312304735e-02
1.307850907431840903e-01 -1.802443158593439870e-02
1.378544124209077348e-01 -1.815935826303027162e-02
1.451038677399915378e-01 -1.827400127814888045e-02
1.525311185626770649e-01 -1.836849681034073353e-02
1.601336720569143945e-01 -1.844338578057896222e-02
1.679088834365699556e-01 -1.849970953690015241e-02
1.758539587289911499e-01 -1.853900963369093519e-02
1.839659575675275383e-01 -1.856305514134515625e-02
1.922417960187237096e-01 -1.857350879265240798e-02
2.006782494509185555e-01 -1.857166591577974826e-02
2.092719554461971998e-01 -1.855826545269698147e-02
2.180194167589762921e-01 -1.853342468576579458e-02
2.269170043228425082e-01 -1.849670854540693549e-02
2.359609603096148311e-01 -1.844742582705874434e-02
2.451474012365546795e-01 -1.838500597034788478e-02
2.544723211086628023e-01 -1.830904107702255659e-02
2.639315946014181291e-01 -1.821915143495495340e-02
2.735209802942601409e-01 -1.811499110516572378e-02
2.832361239497125927e-01 -1.799624243313933253e-02
2.930725618383784314e-01 -1.786261795060604951e-02
3.030257240741703328e-01 -1.771278998713467570e-02
3.130909381067650266e-01 -1.754678800472691050e-02
3.232634321503723984e-01 -1.736509701008899509e-02
3.335383386541054263e-01 -1.716772299062215359e-02
3.439106978667163528e-01 -1.695488014132073493e-02
3.543754613878548620e-01 -1.672602041939217146e-02
3.649274958589323603e-01 -1.648195109542154035e-02
3.755615866106973288e-01 -1.622445930900513755e-02
3.862724412966917487e-01 -1.595438549959275060e-02
3.970546936361077361e-01 -1.567199034181428891e-02
4.079029072126948430e-01 -1.537802483029829075e-02
4.188115792939661741e-01 -1.507445638512577325e-02
4.297751445857871389e-01 -1.476229411696912928e-02
4.407879790969106426e-01 -1.444193601570512020e-02
4.518444040824899366e-01 -1.411514354551873449e-02
4.629386898906917569e-01 -1.378329583406536808e-02
4.740650598826957052e-01 -1.344721941779387052e-02
4.852176943892053118e-01 -1.310752212504355703e-02
4.963907346915455432e-01 -1.276512789072833422e-02
5.075782869736542580e-01 -1.242042662657885134e-02
5.187744263233966535e-01 -1.207351590732334487e-02
5.299732007662810718e-01 -1.172508115195266057e-02
5.411686352526173804e-01 -1.137555439308147315e-02
5.523547356839861866e-01 -1.102526013364352880e-02
5.635254929487785169e-01 -1.067468765275112613e-02
5.746748869461003606e-01 -1.032432312715158423e-02
5.857968906138601994e-01 -9.974598316502514619e-03
5.968854739591421543e-01 -9.625968308485889982e-03
6.079346080772419780e-01 -9.278770953862912688e-03
6.189382691682737692e-01 -8.933213330508428529e-03
6.298904425454145972e-01 -8.589374869595579887e-03
6.407851266310590210e-01 -8.247184770709216350e-03
6.516163369448416676e-01 -7.906567359859976649e-03
6.623781100718448833e-01 -7.567468753007089780e-03
6.730645076063106469e-01 -7.229693094686005274e-03
6.836696200927239175e-01 -6.893292999453431991e-03
6.941875709216426271e-01 -6.558275760209695236e-03
7.046125202108861618e-01 -6.224638329303872585e-03
7.149386686540658564e-01 -5.892248946137964086e-03
7.251602613447755141e-01 -5.560902394145330468e-03
7.352715915834502347e-01 -5.230835356186670955e-03
7.452670046235321255e-01 -4.902439237313236525e-03
7.551409013982178786e-01 -4.576509617985895402e-03
7.648877421992597014e-01 -4.254224541026569925e-03
7.745020503124228073e-01 -3.937062352570743287e-03
7.839784156170341856e-01 -3.626955693639045790e-03
7.933114981031480495e-01 -3.325320498995824360e-03
8.024960313858012784e-01 -3.033470226269294884e-03
8.115268261546511042e-01 -2.752584025820509987e-03
8.203987735723995423e-01 -2.483706271261320719e-03
8.291068486189386855e-01 -2.227747360776998094e-03
8.376461133788400959e-01 -1.985476147013691493e-03
8.460117202705587092e-01 -1.757516103850294232e-03
8.541989152156292953e-01 -1.544353702259478045e-03
8.622030407448506573e-01 -1.346326698792638457e-03
8.700195390394389605e-01 -1.163589560120789190e-03
8.776439549061616496e-01 -9.960832426084088777e-04
8.850719387140552064e-01 -8.444150128454877471e-04
8.922992491962205008e-01 -7.087365507987401260e-04
8.993217561737588683e-01 -5.874289660203950523e-04
9.061354433331940683e-01 -4.796855282255846776e-04
9.127364108143386501e-01 -3.845717060008153193e-04
9.191208777799401153e-01 -3.018799652295781912e-04
9.252851849266328088e-01 -2.335837069394769178e-04
9.312257965875051502e-01 -1.751868156716040710e-04
9.369393033489751277e-01 -1.253813176223890946e-04
9.424224243452477001e-01 -8.833340102335858663e-05
9.476720089075612030e-01 -5.871645900375009998e-05
9.526850390719364681e-01 -3.576184025438553220e-05
9.574586315295894323e-01 -2.283863803998554463e-05
9.619900390107096744e-01 -1.231422899601894085e-05
9.662766528599701088e-01 -9.790499513256322269e-06
9.703160040887975901e-01 -1.428163244272981156e-05
9.741057649903274163e-01 -1.849525958617389111e-05
9.776437513278986025e-01 -2.958149228208133738e-05
9.809279228414522489e-01 -4.103247157289085373e-05
9.839563852570969438e-01 -5.368636944354771527e-05
9.867273913350778081e-01 -7.008564124278172393e-05
9.892393416957728780e-01 -8.495177850554780819e-05
9.914907862849514641e-01 -9.827619957132920829e-05
9.934804253007023522e-01 -1.148434998496370617e-04
9.952071095544771095e-01 -1.293584312814051104e-04
9.966698417124646436e-01 -1.416545166425911041e-04
9.978677767820239852e-01 -1.517246527177589920e-04
9.988002226556002006e-01 -1.595630214810154969e-04
9.994666405604247794e-01 -1.651650938762925581e-04
9.998666454085758382e-01 -1.685276327600492398e-04
1.000000006047176093e+00 -1.696486950044893158e-04
