20140424-35_0.65+2
9.998844999999999539e-01 -1.025500000000000023e-02
9.964887000000000050e-01 -9.781800000000000217e-03
9.899162999999999712e-01 -8.907999999999999252e-03
9.820778999999999481e-01 -7.906599999999999739e-03
9.736278000000000432e-01 -6.856199999999999795e-03
9.649809000000000303e-01 -5.804899999999999990e-03
9.562690000000000357e-01 -4.768200000000000216e-03
9.475348999999999577e-01 -3.748599999999999936e-03
9.387927999999999829e-01 -2.747799999999999895e-03
9.300418000000000296e-01 -1.764500000000000009e-03
9.212884999999999547e-01 -7.984999999999999477e-04
9.125315999999999983e-01 1.497000000000000067e-04
9.037684000000000273e-01 1.081799999999999949e-03
8.950042000000000275e-01 1.997699999999999823e-03
8.862379000000000229e-01 2.896899999999999996e-03
8.774659999999999682e-01 3.780400000000000166e-03
8.686913000000000551e-01 4.649200000000000034e-03
8.599166000000000309e-01 5.502299999999999899e-03
8.511385999999999674e-01 6.340000000000000149e-03
8.423555999999999822e-01 7.163499999999999729e-03
8.335709999999999509e-01 7.972999999999999185e-03
8.247864000000000306e-01 8.767900000000000346e-03
8.159986999999999657e-01 9.548400000000000290e-03
8.072063000000000432e-01 1.031550000000000002e-02
7.984118000000000048e-01 1.106979999999999943e-02
7.896172000000000191e-01 1.181079999999999977e-02
7.808207999999999815e-01 1.253839999999999989e-02
7.720200000000000395e-01 1.325330000000000084e-02
7.632155999999999940e-01 1.395659999999999956e-02
7.544102999999999781e-01 1.464829999999999952e-02
7.456045999999999507e-01 1.532799999999999961e-02
7.367957000000000534e-01 1.599590000000000040e-02
7.279824000000000295e-01 1.665319999999999995e-02
7.191663000000000361e-01 1.730059999999999931e-02
7.103496999999999728e-01 1.793799999999999908e-02
7.015325000000000033e-01 1.856510000000000105e-02
6.927122000000000002e-01 1.918219999999999995e-02
6.838878000000000457e-01 1.979049999999999906e-02
6.750610000000000221e-01 2.039039999999999950e-02
6.662341000000000513e-01 2.098210000000000006e-02
6.574069999999999636e-01 2.156510000000000024e-02
6.485773999999999706e-01 2.213969999999999827e-02
6.397439999999999793e-01 2.270679999999999921e-02
6.309082999999999775e-01 2.326699999999999949e-02
6.220723999999999698e-01 2.382050000000000139e-02
6.132370000000000321e-01 2.436680000000000096e-02
6.044000999999999957e-01 2.490579999999999877e-02
5.955601000000000367e-01 2.543839999999999990e-02
5.867172999999999972e-01 2.596520000000000078e-02
5.778742000000000045e-01 2.648649999999999963e-02
5.690321000000000407e-01 2.700170000000000001e-02
5.601899000000000184e-01 2.751079999999999845e-02
5.513453000000000381e-01 2.801379999999999842e-02
5.424980000000000357e-01 2.851180000000000034e-02
5.336499000000000104e-01 2.900499999999999953e-02
5.248028999999999611e-01 2.949310000000000126e-02
5.159572000000000047e-01 2.997560000000000155e-02
5.071103999999999612e-01 3.045230000000000159e-02
4.982612000000000152e-01 3.092390000000000069e-02
4.894107999999999792e-01 3.139089999999999936e-02
4.805614999999999748e-01 3.185310000000000225e-02
4.717145999999999839e-01 3.230969999999999676e-02
4.628682000000000074e-01 3.276040000000000202e-02
4.540205999999999964e-01 3.320510000000000128e-02
4.451714999999999978e-01 3.364459999999999673e-02
4.363235999999999781e-01 3.407870000000000343e-02
4.274788999999999950e-01 3.450650000000000245e-02
4.186367999999999756e-01 3.492719999999999853e-02
4.097948000000000146e-01 3.534040000000000098e-02
4.009522999999999837e-01 3.574630000000000168e-02
3.921116000000000046e-01 3.614499999999999658e-02
3.832754999999999912e-01 3.653519999999999684e-02
3.744444000000000106e-01 3.691549999999999693e-02
3.656157999999999908e-01 3.728499999999999870e-02
3.567899999999999960e-01 3.764320000000000166e-02
3.479705000000000159e-01 3.798929999999999668e-02
3.391623000000000276e-01 3.832060000000000327e-02
3.303642999999999996e-01 3.863369999999999999e-02
3.215684999999999794e-01 3.892709999999999920e-02
3.127685000000000048e-01 3.920150000000000023e-02
3.039654999999999996e-01 3.945850000000000052e-02
2.951683999999999974e-01 3.969779999999999837e-02
2.863837000000000188e-01 3.991619999999999890e-02
2.776076000000000099e-01 4.011050000000000032e-02
2.688336000000000059e-01 4.027970000000000161e-02
2.600613999999999981e-01 4.042400000000000160e-02
2.512982999999999745e-01 4.054259999999999808e-02
2.425502999999999965e-01 4.063169999999999976e-02
2.338139999999999941e-01 4.068770000000000026e-02
2.250844999999999929e-01 4.070880000000000332e-02
2.163647999999999960e-01 4.069400000000000100e-02
2.076617000000000046e-01 4.064020000000000132e-02
1.989760999999999891e-01 4.054300000000000265e-02
1.903028999999999971e-01 4.039899999999999741e-02
1.816432000000000047e-01 4.020660000000000206e-02
1.730058999999999902e-01 3.996249999999999802e-02
1.643941999999999903e-01 3.966100000000000181e-02
1.558030999999999999e-01 3.929730000000000029e-02
1.472345999999999933e-01 3.886860000000000315e-02
1.387009999999999910e-01 3.837020000000000014e-02
1.302055000000000018e-01 3.779459999999999764e-02
1.217435000000000045e-01 3.713550000000000184e-02
1.133253000000000038e-01 3.638860000000000011e-02
1.049662999999999985e-01 3.554580000000000239e-02
9.666539999999999855e-02 3.459679999999999700e-02
8.842990000000000572e-02 3.353489999999999943e-02
8.028599999999999626e-02 3.235149999999999831e-02
7.224099999999999966e-02 3.103260000000000046e-02
6.430959999999999455e-02 2.956869999999999984e-02
5.653450000000000142e-02 2.794989999999999974e-02
4.893560000000000271e-02 2.615999999999999923e-02
4.156610000000000166e-02 2.419340000000000032e-02
3.450349999999999945e-02 2.204750000000000112e-02
2.785520000000000010e-02 1.973979999999999832e-02
2.182090000000000071e-02 1.733250000000000068e-02
1.660040000000000127e-02 1.492650000000000053e-02
1.235660000000000057e-02 1.265810000000000025e-02
9.057499999999999579e-03 1.060799999999999937e-02
6.545300000000000423e-03 8.803099999999999467e-03
4.638899999999999621e-03 7.218300000000000410e-03
3.184300000000000151e-03 5.806200000000000076e-03
2.070900000000000084e-03 4.526500000000000141e-03
1.227100000000000066e-03 3.347000000000000149e-03
6.133999999999999479e-04 2.241700000000000116e-03
2.109000000000000035e-04 1.193100000000000107e-03
1.550301633760605961e-05 1.995477548970068897e-04
1.838523701241038044e-05 -7.451693989020199841e-04
2.562438952945173074e-04 -1.706660589022988622e-03
7.768500463701447480e-04 -2.637464072827288859e-03
1.589309161818803270e-03 -3.482764064383176046e-03
2.680014880398753560e-03 -4.238884025405892722e-03
4.056234972955305440e-03 -4.945111479448599176e-03
5.775153176025586352e-03 -5.649947872630474606e-03
7.953325887199777858e-03 -6.385992226114744173e-03
1.078668248031873673e-02 -7.170106641381627371e-03
1.456375840049359098e-02 -8.022593505348037460e-03
1.955905220461849267e-02 -8.942379382860512690e-03
2.581093913806821460e-02 -9.857097979676323132e-03
3.308580795865538604e-02 -1.070245211449116080e-02
4.093728896154051611e-02 -1.143841159118409723e-02
4.911817268347990623e-02 -1.205970276938242262e-02
5.745607490338312806e-02 -1.257562297768304201e-02
6.590631000292224151e-02 -1.299454929879117863e-02
7.446501886379688906e-02 -1.334018842387080239e-02
8.305892056696487225e-02 -1.362366675864562331e-02
9.168551615097737806e-02 -1.384558861402693936e-02
1.003591242215575441e-01 -1.401672931043441289e-02
1.090524577547206109e-01 -1.414463592160940253e-02
1.177612183091115011e-01 -1.423021586251566918e-02
1.264993160399129346e-01 -1.427934515074939618e-02
1.352520623521505649e-01 -1.429864912989991556e-02
1.440040565788406612e-01 -1.428775436127293318e-02
1.527696981811491883e-01 -1.424633600932535826e-02
1.615611981791481577e-01 -1.418077302293622305e-02
1.703616671187744847e-01 -1.409719454082577171e-02
1.791529024400154713e-01 -1.399413195515592130e-02
1.879437982655807748e-01 -1.386816992096244830e-02
1.967524588803534480e-01 -1.372177721706825324e-02
2.055773949798375411e-01 -1.356115642133408697e-02
2.144026103822176954e-01 -1.338853512603147694e-02
2.232239019892420795e-01 -1.320212057766783145e-02
2.320503690974873023e-01 -1.300149708187262922e-02
2.408869161839413131e-01 -1.278925618364355754e-02
2.497259477441837183e-01 -1.256801098699678911e-02
2.585588622387561819e-01 -1.233687632587564080e-02
2.673905556935113892e-01 -1.209354375256572675e-02
2.762337301592259764e-01 -1.183919136131947845e-02
2.850906932212537437e-01 -1.157821517873322374e-02
2.939507498972012134e-01 -1.131353365501351800e-02
3.028010988263291070e-01 -1.104436886778515509e-02
3.116434334521674954e-01 -1.076691789067348547e-02
3.204907522031315570e-01 -1.048025830363788664e-02
3.293511598963940745e-01 -1.018717613226985397e-02
3.382211636085188933e-01 -9.891777406996492966e-03
3.470895661157183953e-01 -9.595681442318629642e-03
3.559508638042577222e-01 -9.296797727327799424e-03
3.648099530449340211e-01 -8.993017814012151806e-03
3.736751348602351253e-01 -8.684927386291018542e-03
3.825466140790840242e-01 -8.375326095055573433e-03
3.914200939848466176e-01 -8.066121353782233425e-03
4.002917735483422224e-01 -7.756719717305025734e-03
4.091599500125448485e-01 -7.445524120030189152e-03
4.180302225067645816e-01 -7.132024904261116335e-03
4.269008946554451733e-01 -6.818324998900915715e-03
4.357689702574357171e-01 -6.506629574841896191e-03
4.446400496493516097e-01 -6.197128973346305129e-03
4.535127292113598774e-01 -5.887725612147617221e-03
4.623838073959706252e-01 -5.577525011693160173e-03
4.712499862777579929e-01 -5.267732861779016000e-03
4.801081717253856129e-01 -4.961754503984832677e-03
4.889639673524395214e-01 -4.661680276746933173e-03
4.978268712475965030e-01 -4.366393796847335175e-03
5.066978778902605507e-01 -4.072693344324029852e-03
5.155706843577750886e-01 -3.778889787450795228e-03
5.244351932522446358e-01 -3.486500543683567366e-03
5.332870114790991822e-01 -3.199533195847515787e-03
5.421359433355666946e-01 -2.920470837953821445e-03
5.509914865653796623e-01 -2.647997087081969264e-03
5.598569361619374352e-01 -2.379206255964346536e-03
5.687217892088305415e-01 -2.112416456704944902e-03
5.775764496871971243e-01 -1.849944243209088136e-03
5.864198238076699932e-01 -1.595391507316011506e-03
5.952654146546688674e-01 -1.350534962608547149e-03
6.041247165195090529e-01 -1.112054779697894914e-03
6.129912206157782650e-01 -8.748621768590650587e-04
6.218590228129202702e-01 -6.365673335183795727e-04
6.307114302071317180e-01 -4.012990464264637284e-04
6.395454548759248459e-01 -1.760624793364203510e-04
6.483815535861960910e-01 7.188041370263333117e-05
6.570169683834831131e-01 -4.865008945410710938e-05
6.656495992005980744e-01 -1.697173520931434879e-04
6.742794174045665390e-01 -2.918416491976585621e-04
6.829063982137401068e-01 -4.155422192385809844e-04
6.915305133345176491e-01 -5.413371628142867086e-04
7.001517377745868354e-01 -6.697435433937728912e-04
7.087700432441247367e-01 -8.012772936672258239e-04
7.173854048926795457e-01 -9.364533190366461281e-04
7.259977941039611471e-01 -1.075785389777669668e-03
7.346071863569038074e-01 -1.219786267679599670e-03
7.432135528854684203e-01 -1.368967573245365469e-03
7.518168689761987045e-01 -1.523839926992472072e-03
7.604171066916622923e-01 -1.684912826929423589e-03
7.690142401854184184e-01 -1.852694744878839598e-03
7.776082429168926780e-01 -2.027693079279768631e-03
7.861990875936908374e-01 -2.210414153458638547e-03
7.947867491208113755e-01 -2.401363281248503762e-03
8.033711993944027130e-01 -2.601044656507036073e-03
8.119524133675414257e-01 -2.809961490481826304e-03
8.205303645951874669e-01 -3.028615914761354031e-03
8.291050258194235800e-01 -3.257508991600429910e-03
8.376763723052125243e-01 -3.497140806172506066e-03
8.462443771961969397e-01 -3.748010346019024167e-03
8.548090143469015967e-01 -4.010615577908773280e-03
8.633702588558030966e-01 -4.285453472236376571e-03
8.719280842352272742e-01 -4.573019917288719156e-03
8.804824647905574730e-01 -4.873809794913609543e-03
8.890333759269558600e-01 -5.188317000306925074e-03
8.975807919992681017e-01 -5.517034368995854358e-03
9.061246871172908834e-01 -5.860453703371702738e-03
9.146650374738741762e-01 -6.219065872397783537e-03
9.232018183168820835e-01 -6.593360697452381805e-03
9.317350042205370109e-01 -6.983826958854693831e-03
9.402645713626703872e-01 -7.390952502522078749e-03
9.487904960919637531e-01 -7.815224185676197463e-03
9.573127545785216075e-01 -8.257127863016883174e-03
9.658313224924885976e-01 -8.717148369970322691e-03
9.743461769805459305e-01 -9.195769633157732312e-03
9.828572954347971624e-01 -9.693474616331076987e-03
9.913646551791701622e-01 -1.021074530703436692e-02
9.998682338643366529e-01 -1.074806274451414745e-02
