Airfoils1D_316F
9.998590598834844467e-01 2.990777845200385285e-04
9.913430708269980185e-01 1.171459268529871645e-03
9.828170928767082648e-01 2.035657719508616060e-03
9.742810028628370311e-01 2.893436721945640087e-03
9.657346700171944853e-01 3.746573222206436415e-03
9.571778425927358613e-01 4.596868899204445760e-03
9.486105423239329371e-01 5.446111149528637743e-03
9.400401842064993740e-01 6.295367497192270491e-03
9.314793034640633795e-01 7.145200959389038688e-03
9.229122112168901548e-01 7.997848410384630902e-03
9.143585909715506999e-01 8.847676734473442633e-03
9.058309766928032136e-01 9.688758746785477646e-03
8.973290854508493286e-01 1.051652992209401935e-02
8.888524271828920353e-01 1.132653260683643727e-02
8.804003900904100455e-01 1.211440444646258441e-02
8.719725404233660271e-01 1.287584773322859519e-02
8.635682534534966370e-01 1.360666128269692916e-02
8.551557612730594782e-01 1.430711799646978803e-02
8.467048789677489307e-01 1.498412896229836186e-02
8.382155331451117686e-01 1.564378529412816660e-02
8.296876321015720368e-01 1.629234264508813007e-02
8.211209817246676312e-01 1.693623266101688951e-02
8.125440343827902145e-01 1.757990534095053847e-02
8.040039386778715658e-01 1.822644378686740993e-02
7.955015356423532635e-01 1.888225489670606813e-02
7.870053200975872798e-01 1.955423089765546615e-02
7.784867123887443396e-01 2.024223708050278472e-02
7.699453581943931368e-01 2.094237673559728313e-02
7.613808667456538615e-01 2.165069103754589663e-02
7.527980616282028414e-01 2.236272248595354631e-02
7.442317689776585254e-01 2.307148152550032513e-02
7.356884861843948631e-01 2.377236717476746350e-02
7.271675822962343494e-01 2.446143531902127480e-02
7.186560545280579193e-01 2.513659112040688218e-02
7.101434465743318158e-01 2.579818837144672722e-02
7.016297068909375101e-01 2.644628754029462042e-02
6.931148409241952857e-01 2.708094453812158464e-02
6.845988537812582875e-01 2.770221531005648968e-02
6.760817472933210448e-01 2.831015603987330903e-02
6.675635309330691936e-01 2.890482237079865582e-02
6.590442102062060714e-01 2.948627024854514472e-02
6.505237906328664721e-01 3.005455562785033438e-02
6.420022739517514676e-01 3.060973471699160453e-02
6.334796688953897581e-01 3.115186327161839283e-02
6.249559816231754494e-01 3.168099723510564569e-02
6.164312177122273084e-01 3.219719259973613523e-02
6.079053798338800441e-01 3.270050553767928775e-02
5.993784749888539931e-01 3.319099196837218407e-02
5.908505103049391805e-01 3.366870782349353636e-02
5.823214914142680332e-01 3.413370913509735510e-02
5.737914218807654843e-01 3.458605205434370916e-02
5.652603070496530213e-01 3.502579264063423320e-02
5.567281549748442915e-01 3.545298682914756888e-02
5.481949713414787650e-01 3.586769069377896552e-02
5.396607605633704230e-01 3.626996037877870671e-02
5.311255264117196173e-01 3.665985206127362478e-02
5.225892778216867374e-01 3.703742169408915513e-02
5.140520205293862555e-01 3.740272539487905085e-02
5.055137597534583582e-01 3.775581931404248942e-02
4.969744977771549665e-01 3.809675972586944875e-02
4.884342443697038405e-01 3.842560261388931753e-02
4.798930053161425402e-01 3.874240414128334031e-02
4.713507864133236192e-01 3.904722048286487363e-02
4.628075890850880114e-01 3.934010797243869817e-02
4.542635095746322960e-01 3.962111954455247581e-02
4.457212887592518769e-01 3.989003619142893198e-02
4.371827086237772275e-01 4.014617287412734770e-02
4.286478670806829205e-01 4.038881910623318833e-02
4.201167858611978834e-01 4.061726877947407360e-02
4.115895075800360958e-01 4.083081717501559071e-02
4.030660863981329056e-01 4.102876133437474010e-02
3.945466018008941256e-01 4.121039987768815305e-02
3.860311097658559731e-01 4.137503415094702375e-02
3.775196361859260996e-01 4.152196810177866126e-02
3.690122346852406365e-01 4.165050713756018180e-02
3.605089586754849917e-01 4.175995874225695709e-02
3.520099116001192963e-01 4.184963200003590650e-02
3.435150962232986216e-01 4.191883924612802709e-02
3.350245644691935420e-01 4.196689417470515077e-02
3.265383685497006416e-01 4.199311252258298988e-02
3.180565747813421384e-01 4.199681208176484631e-02
3.095792540283892058e-01 4.197731285644638877e-02
3.011064227359736556e-01 4.193393674975737923e-02
2.926381313109360782e-01 4.186600761477006494e-02
2.841744296103593248e-01 4.177285130350277126e-02
2.757153844099180517e-01 4.165379592726932423e-02
2.672610552273970708e-01 4.150817166700969396e-02
2.588114610547995742e-01 4.133530992886635252e-02
2.503666491065896227e-01 4.113454441811775081e-02
2.419266658293757755e-01 4.090521075739165374e-02
2.334915654064124990e-01 4.064664674301463748e-02
2.250614187502933405e-01 4.035819280214702348e-02
2.166362344132110873e-01 4.003918916055947130e-02
2.082160552885858329e-01 3.968897888641122890e-02
1.998009232686230874e-01 3.930690684179871663e-02
1.913908791967452450e-01 3.889231965219193399e-02
1.829870084971650102e-01 3.844461490410661791e-02
1.746114205621550342e-01 3.796278775689123502e-02
1.662751347924438239e-01 3.744190276022986430e-02
1.579783627719459072e-01 3.687614017949510797e-02
1.497212962562089467e-01 3.625983497690144636e-02
1.415041009240798342e-01 3.558747088165265665e-02
1.333269098560928845e-01 3.485367417590158612e-02
1.251898168396589073e-01 3.405320708509508576e-02
1.170925343260517115e-01 3.318092639059319615e-02
1.090274534469294482e-01 3.223154652114239294e-02
1.009933867681726549e-01 3.120176237898845614e-02
9.299350315939285128e-02 3.008897323672734755e-02
8.503093030017919163e-02 2.889064245168288664e-02
7.710874715010274105e-02 2.760429751892208572e-02
6.922997861572904865e-02 2.622753004126512216e-02
6.139759008812310792e-02 2.475799529479464842e-02
5.363529971995653622e-02 2.319749407320961451e-02
4.624200636879666898e-02 2.158564535378674348e-02
3.928694458442615056e-02 1.988945984716688348e-02
3.272130582158104539e-02 1.806329972726602659e-02
2.649056506627334162e-02 1.606907199044872031e-02
2.055319666180414548e-02 1.387670099478945443e-02
1.486830735992167307e-02 1.145742113117242424e-02
9.396106292435712354e-03 8.780692584007487866e-03
5.048668434237361426e-03 6.364258711542656634e-03
3.134599893021252064e-03 5.060628744522385758e-03
2.034656864143619646e-03 4.072157776040935366e-03
1.346187052659836118e-03 3.249369764616088542e-03
8.509104562527615608e-04 2.443745617444828110e-03
5.156518140874230159e-04 1.654183616405823344e-03
3.057860170924142922e-04 8.432509561589805833e-04
2.240085137274632258e-04 6.522374876466602853e-05
2.583887783965140407e-04 -7.147810375260687859e-04
3.988001365580351064e-04 -1.428614114572758975e-03
6.361218175587457632e-04 -2.101151910824014188e-03
9.683353030890420009e-04 -2.730983660893294279e-03
1.403754509285839959e-03 -3.315358734712733815e-03
1.922646207992153742e-03 -3.819771813101888354e-03
2.687320140101427841e-03 -4.359984265433609896e-03
3.631759460556772869e-03 -4.844055576841513680e-03
5.608094831035533891e-03 -5.550338657375905593e-03
1.120913627262383992e-02 -7.083268670900898407e-03
1.775058072251336355e-02 -8.597381453940624099e-03
2.447139468524013942e-02 -9.881289608086471499e-03
3.139454161587387770e-02 -1.095503725980582696e-02
3.855417350050019398e-02 -1.184213478597135986e-02
4.597424284861367089e-02 -1.256798043126636233e-02
5.368887785208220631e-02 -1.316464469240597943e-02
6.173585586332066416e-02 -1.367219949932797600e-02
7.003335205798595642e-02 -1.412992554841052857e-02
7.835489851754776081e-02 -1.454164386133450365e-02
8.669137677152011223e-02 -1.490874586533462963e-02
9.504259655811926610e-02 -1.523307380609019608e-02
1.034083621077346027e-01 -1.551648607587206158e-02
1.117884727186461424e-01 -1.576085747740892107e-02
1.201827827207225391e-01 -1.596808079864872609e-02
1.285910853996442282e-01 -1.614006365603667947e-02
1.370131111966313431e-01 -1.627872990321861321e-02
1.454486451214439535e-01 -1.638602216724528715e-02
1.538974698978022859e-01 -1.646390046656466197e-02
1.623593763050512895e-01 -1.651434240312340054e-02
1.708342663243567205e-01 -1.653934331703752619e-02
1.793217905414069835e-01 -1.654091536408750646e-02
1.878217270417630314e-01 -1.652108962160562730e-02
1.963338537442784193e-01 -1.648191525530792040e-02
2.048541868548227063e-01 -1.642530555478607587e-02
2.133762580743320536e-01 -1.635207421644611914e-02
2.218998313753627605e-01 -1.626255740622431153e-02
2.304249166309225993e-01 -1.615708926252550429e-02
2.389515248073317832e-01 -1.603600436747576463e-02
2.474796890475757238e-01 -1.589963738304822627e-02
2.560093943313393461e-01 -1.574832416963116433e-02
2.645406500981900555e-01 -1.558240073012240150e-02
2.730734656952043538e-01 -1.540220353841957081e-02
2.816078705134018589e-01 -1.520806906729941024e-02
2.901438600327038153e-01 -1.500033498766569461e-02
2.986814370596762025e-01 -1.477933933825516764e-02
3.072206106249896207e-01 -1.454542049782342125e-02
3.157614045784694068e-01 -1.429891688444339184e-02
3.243038251103445568e-01 -1.404016785885176845e-02
3.328478690329047529e-01 -1.376951358432258569e-02
3.413935451459641501e-01 -1.348729436917658203e-02
3.499408736211602755e-01 -1.319385060737557000e-02
3.584898678739211197e-01 -1.288952336524066232e-02
3.670405205909970658e-01 -1.257465495069507930e-02
3.755928404190312375e-01 -1.224958762114651545e-02
3.841468457266106751e-01 -1.191466373594846258e-02
3.927025536234647896e-01 -1.157022615262953517e-02
4.012599545489705100e-01 -1.121661930155777413e-02
4.098190570660423804e-01 -1.085418740491807775e-02
4.183798796206597559e-01 -1.048327474403507563e-02
4.269424394529448552e-01 -1.010422611069537562e-02
4.355067266354687439e-01 -9.717388001355303437e-03
4.440727497083020170e-01 -9.323106616062804344e-03
4.526405290767345768e-01 -8.921728089952446830e-03
4.612100785212813747e-01 -8.513599336685039390e-03
4.697813896267442058e-01 -8.099068836461961393e-03
4.783541352273120162e-01 -7.678483948143267727e-03
4.869278728677691181e-01 -7.252107036129407450e-03
4.955026021721884999e-01 -6.820149147558367611e-03
5.040783246597948519e-01 -6.382821423653407822e-03
5.126550501074815802e-01 -5.940334780290927597e-03
5.212328006837713135e-01 -5.492899666330368358e-03
5.298115792821919134e-01 -5.040727708241571348e-03
5.383913902347486902e-01 -4.584030654623092067e-03
5.469722433330329592e-01 -4.123020154216819680e-03
5.555541644128494383e-01 -3.657907166167822730e-03
5.641371492640875340e-01 -3.188904453831661705e-03
5.727212057165200765e-01 -2.716224324459804666e-03
5.813063457565871284e-01 -2.240079041493500331e-03
5.898925930662375361e-01 -1.760680394543819634e-03
5.984799414991117672e-01 -1.278242020246218944e-03
6.070684008981579449e-01 -7.929768562781986611e-04
6.156644783771728635e-01 -3.050858639738951092e-04
6.242601504537275137e-01 1.827565282542398673e-04
6.328404621753920267e-01 6.670137690104820756e-04
6.414055421503155330e-01 1.145032764997897965e-03
6.499554423191769015e-01 1.614184998894890475e-03
6.584903811470567137e-01 2.071879708872585626e-03
6.670106180793560213e-01 2.515556049891476322e-03
6.755163239741722725e-01 2.942675805253341503e-03
6.840076136334529711e-01 3.350725307251495224e-03
6.924845881487026178e-01 3.737217682774440428e-03
7.009475460004673808e-01 4.099701586894195435e-03
7.093966562242004503e-01 4.435745412446310230e-03
7.178320886732491024e-01 4.742943324814580947e-03
7.262539760025863433e-01 5.018913711928050213e-03
7.346624233686342986e-01 5.261299838419246887e-03
7.430580274680107511e-01 5.467781804927792505e-03
7.514629454316962276e-01 5.637727998970971412e-03
7.598990664384674965e-01 5.775282635549594361e-03
7.683667465810166686e-01 5.885382449808292810e-03
7.768663258782451120e-01 5.973069935498553744e-03
7.853976965813873612e-01 6.043494992772999175e-03
7.939608225731978886e-01 6.101925454396512835e-03
8.025557665755755909e-01 6.153749094223464125e-03
8.111636267205314388e-01 6.204361489950971538e-03
8.197695178425006279e-01 6.257028996277984138e-03
8.283459133427280019e-01 6.306238175048189086e-03
8.368790373653068881e-01 6.344570973518751621e-03
8.453691737885871138e-01 6.364913296607552576e-03
8.538172104398049633e-01 6.360364252726007951e-03
8.622239211222203492e-01 6.324223521625367377e-03
8.705899313850871124e-01 6.249985086667518216e-03
8.789165626259426434e-01 6.131318715788987295e-03
8.872480866521730292e-01 5.963733522759577521e-03
8.956244660892421772e-01 5.751599794805251596e-03
9.040467366292429530e-01 5.502096927225384737e-03
9.125154611990354825e-01 5.222660894871590520e-03
9.210313903524534052e-01 4.920977869733237677e-03
9.295952972926233571e-01 4.604998188787443915e-03
9.381957056760938940e-01 4.283405011700042522e-03
9.467636867661688438e-01 3.967206558400520298e-03
9.552380935338273815e-01 3.653971221237663387e-03
9.633844999137959331e-01 3.304743454526978732e-03
9.712208400024318067e-01 2.872174841289261687e-03
9.787765590566014362e-01 2.318351315562687271e-03
9.860784937190023580e-01 1.612713357720629371e-03
9.931448711370758353e-01 7.309468113493290892e-04
1.000005701249101042e+00 -3.489897934543800687e-04
