Airfoils1D_240
9.997054934501647949e-01 1.429573050700128078e-03
9.918671250343322754e-01 1.886688871309161186e-03
9.832599759101867676e-01 2.549696015194058418e-03
9.741092324256896973e-01 3.368000034242868423e-03
9.646401405334472656e-01 4.291005898267030716e-03
9.505577087402343750e-01 5.725352093577384949e-03
9.414016008377075195e-01 6.654290948063135147e-03
9.325119853019714355e-01 7.546002045273780823e-03
9.240422248840332031e-01 8.388674817979335785e-03
9.161141514778137207e-01 9.177579544484615326e-03
9.078348278999328613e-01 1.002450566738843918e-02
8.995324969291687012e-01 1.087228022515773773e-02
8.911796212196350098e-01 1.171786431223154068e-02
8.827463984489440918e-01 1.255638431757688522e-02
8.742455840110778809e-01 1.337244082242250443e-02
8.657150268554687500e-01 1.415822375565767288e-02
8.571538329124450684e-01 1.491784118115901947e-02
8.486127853393554688e-01 1.565605401992797852e-02
8.400903344154357910e-01 1.638208143413066864e-02
8.315837383270263672e-01 1.710753701627254486e-02
8.230763077735900879e-01 1.782959140837192535e-02
8.145539164543151855e-01 1.854736357927322388e-02
8.060273528099060059e-01 1.926929689943790436e-02
7.974622249603271484e-01 1.999098621308803558e-02
7.888770699501037598e-01 2.069519832730293274e-02
7.802619934082031250e-01 2.138187736272811890e-02
7.716490030288696289e-01 2.206601575016975403e-02
7.630324363708496094e-01 2.275294438004493713e-02
7.544061541557312012e-01 2.344987727701663971e-02
7.457759976387023926e-01 2.417195774614810944e-02
7.371255159378051758e-01 2.491279132664203644e-02
7.285114526748657227e-01 2.566946856677532196e-02
7.198984622955322266e-01 2.641920559108257294e-02
7.113201022148132324e-01 2.712599560618400574e-02
7.027641534805297852e-01 2.779317647218704224e-02
6.942291259765625000e-01 2.843115292489528656e-02
6.856820583343505859e-01 2.903610467910766602e-02
6.771104931831359863e-01 2.961912006139755249e-02
6.684853434562683105e-01 3.020168095827102661e-02
6.598020792007446289e-01 3.077357634902000427e-02
6.511144042015075684e-01 3.133516013622283936e-02
6.424176692962646484e-01 3.188547864556312561e-02
6.337314248085021973e-01 3.241909667849540710e-02
6.250674724578857422e-01 3.294300660490989685e-02
6.164277195930480957e-01 3.346144035458564758e-02
6.078070402145385742e-01 3.397275134921073914e-02
5.992131829261779785e-01 3.448655828833580017e-02
5.906363725662231445e-01 3.500079736113548279e-02
5.820837020874023438e-01 3.549731895327568054e-02
5.735512375831604004e-01 3.598407283425331116e-02
5.650340914726257324e-01 3.646577894687652588e-02
5.565182566642761230e-01 3.694154694676399231e-02
5.479897856712341309e-01 3.740754723548889160e-02
5.394511818885803223e-01 3.786557540297508240e-02
5.308846235275268555e-01 3.831207007169723511e-02
5.222931504249572754e-01 3.875885158777236938e-02
5.136868953704833984e-01 3.919425234198570251e-02
5.050430297851562500e-01 3.960738331079483032e-02
4.963638782501220703e-01 4.001171141862869263e-02
4.876672327518463135e-01 4.040224850177764893e-02
4.789594113826751709e-01 4.078384488821029663e-02
4.702233672142028809e-01 4.115630313754081726e-02
4.615092277526855469e-01 4.151365533471107483e-02
4.527884423732757568e-01 4.184574633836746216e-02
4.440858662128448486e-01 4.216095432639122009e-02
4.354203641414642334e-01 4.244533181190490723e-02
4.267762005329132080e-01 4.269411787390708923e-02
4.181651771068572998e-01 4.291595146059989929e-02
4.096028208732604980e-01 4.310531541705131531e-02
4.010795950889587402e-01 4.327651113271713257e-02
3.925608694553375244e-01 4.343739897012710571e-02
3.840817213058471680e-01 4.358172416687011719e-02
3.755812942981719971e-01 4.371000453829765320e-02
3.670708239078521729e-01 4.383540898561477661e-02
3.585518598556518555e-01 4.395627230405807495e-02
3.500153422355651855e-01 4.407306760549545288e-02
3.414626121520996094e-01 4.417607933282852173e-02
3.329055011272430420e-01 4.425566270947456360e-02
3.243449628353118896e-01 4.431820288300514221e-02
3.157996833324432373e-01 4.435507953166961670e-02
3.073022067546844482e-01 4.435006901621818542e-02
2.988308966159820557e-01 4.430177062749862671e-02
2.904056012630462646e-01 4.421674087643623352e-02
2.820492982864379883e-01 4.409049823880195618e-02
2.737566530704498291e-01 4.392614960670471191e-02
2.655130922794342041e-01 4.370922595262527466e-02
2.572860419750213623e-01 4.345094040036201477e-02
2.490705996751785278e-01 4.315987601876258850e-02
2.408790290355682373e-01 4.283795878291130066e-02
2.326895296573638916e-01 4.248746111989021301e-02
2.245092689990997314e-01 4.210767149925231934e-02
2.163478434085845947e-01 4.169449582695960999e-02
2.082383334636688232e-01 4.123787954449653625e-02
2.001693248748779297e-01 4.073342308402061462e-02
1.921461969614028931e-01 4.017099738121032715e-02
1.841495037078857422e-01 3.955943509936332703e-02
1.761991083621978760e-01 3.889696300029754639e-02
1.683021932840347290e-01 3.819485008716583252e-02
1.604373604059219360e-01 3.745945543050765991e-02
1.526352614164352417e-01 3.668108209967613220e-02
1.448879837989807129e-01 3.585492447018623352e-02
1.372056752443313599e-01 3.497406095266342163e-02
1.295826286077499390e-01 3.404328972101211548e-02
1.220254227519035339e-01 3.306194394826889038e-02
1.145255416631698608e-01 3.203686326742172241e-02
1.070926859974861145e-01 3.097241744399070740e-02
9.971316903829574585e-02 2.988152951002120972e-02
9.237159788608551025e-02 2.876381389796733856e-02
8.509615063667297363e-02 2.759646065533161163e-02
7.788969576358795166e-02 2.636893093585968018e-02
7.079532742500305176e-02 2.506977505981922150e-02
6.386039406061172485e-02 2.370544150471687317e-02
5.711479857563972473e-02 2.226296998560428619e-02
5.059507861733436584e-02 2.075371332466602325e-02
4.431473463773727417e-02 1.918692700564861298e-02
3.826756030321121216e-02 1.758107170462608337e-02
3.249252587556838989e-02 1.594950444996356964e-02
2.703367173671722412e-02 1.428916957229375839e-02
2.193595655262470245e-02 1.261838432401418686e-02
1.729746162891387939e-02 1.095547154545783997e-02
1.317479182034730911e-02 9.329897351562976837e-03
9.627434425055980682e-03 7.759320084005594254e-03
6.675970740616321564e-03 6.271624006330966949e-03
4.316545557230710983e-03 4.887030925601720810e-03
2.508188365027308464e-03 3.618301823735237122e-03
1.240344834513962269e-03 2.474371576681733131e-03
4.248786717653274536e-04 1.427522860467433929e-03
2.171644700865726918e-05 4.635329241864383221e-04
7.070257197483442724e-06 -4.507055855356156826e-04
3.157789178658276796e-04 -1.339700073003768921e-03
9.634935995563864708e-04 -2.225530100986361504e-03
1.944862655363976955e-03 -3.124304581433534622e-03
3.327374346554279327e-03 -4.049975890666246414e-03
5.169346462935209274e-03 -5.017176270484924316e-03
7.548882160335779190e-03 -6.020627450197935104e-03
1.047976408153772354e-02 -7.072710897773504257e-03
1.404302008450031281e-02 -8.147206157445907593e-03
1.823266036808490753e-02 -9.231729432940483093e-03
2.301224134862422943e-02 -1.029223483055830002e-02
2.834492735564708710e-02 -1.129616238176822662e-02
3.415607661008834839e-02 -1.222136151045560837e-02
4.040637612342834473e-02 -1.306538656353950500e-02
4.703301936388015747e-02 -1.384148281067609787e-02
5.397200584411621094e-02 -1.455512922257184982e-02
6.115977838635444641e-02 -1.522560045123100281e-02
6.858127564191818237e-02 -1.583511382341384888e-02
7.618343085050582886e-02 -1.638621278107166290e-02
8.394102752208709717e-02 -1.686696521937847137e-02
9.181287884712219238e-02 -1.727557554841041565e-02
9.977806359529495239e-02 -1.761794462800025940e-02
1.078100949525833130e-01 -1.790573261678218842e-02
1.158891096711158752e-01 -1.816004887223243713e-02
1.239986419677734375e-01 -1.838357560336589813e-02
1.321309804916381836e-01 -1.858101040124893188e-02
1.402821838855743408e-01 -1.872706413269042969e-02
1.484549492597579956e-01 -1.881841383874416351e-02
1.566640585660934448e-01 -1.884316094219684601e-02
1.649197936058044434e-01 -1.880455762147903442e-02
1.732231229543685913e-01 -1.871575601398944855e-02
1.815617382526397705e-01 -1.859108544886112213e-02
1.899525523185729980e-01 -1.845077238976955414e-02
1.983765512704849243e-01 -1.830050349235534668e-02
2.068216353654861450e-01 -1.813920587301254272e-02
2.152609080076217651e-01 -1.795610040426254272e-02
2.237122803926467896e-01 -1.773907802999019623e-02
2.321926802396774292e-01 -1.747739687561988831e-02
2.407156974077224731e-01 -1.716862432658672333e-02
2.492665946483612061e-01 -1.682961545884609222e-02
2.578539550304412842e-01 -1.647567749023437500e-02
2.664614319801330566e-01 -1.612856984138488770e-02
2.750516831874847412e-01 -1.579034887254238129e-02
2.836154699325561523e-01 -1.545745786279439926e-02
2.921099662780761719e-01 -1.512224040925502777e-02
3.005962371826171875e-01 -1.476598158478736877e-02
3.090991675853729248e-01 -1.439057663083076477e-02
3.176318407058715820e-01 -1.398700755089521408e-02
3.261902928352355957e-01 -1.356761995702981949e-02
3.347814679145812988e-01 -1.314281765371561050e-02
3.433861434459686279e-01 -1.271718554198741913e-02
3.520197272300720215e-01 -1.227720733731985092e-02
3.606792390346527100e-01 -1.181848440319299698e-02
3.693400025367736816e-01 -1.132526621222496033e-02
3.780713975429534912e-01 -1.079491898417472839e-02
3.868664503097534180e-01 -1.024924218654632568e-02
3.956856429576873779e-01 -9.689192287623882294e-03
4.044925570487976074e-01 -9.129186160862445831e-03
4.132557213306427002e-01 -8.585112169384956360e-03
4.219976365566253662e-01 -8.060698397457599640e-03
4.307275712490081787e-01 -7.564223837107419968e-03
4.394225478172302246e-01 -7.094485685229301453e-03
4.480969607830047607e-01 -6.639981642365455627e-03
4.567694067955017090e-01 -6.201046984642744064e-03
4.654504656791687012e-01 -5.776957143098115921e-03
4.741115570068359375e-01 -5.351986270397901535e-03
4.827652871608734131e-01 -4.919005557894706726e-03
4.914199411869049072e-01 -4.478694871068000793e-03
5.001419782638549805e-01 -4.025504924356937408e-03
5.088991522789001465e-01 -3.572973655536770821e-03
5.176584124565124512e-01 -3.116232808679342270e-03
5.264270901679992676e-01 -2.670132322236895561e-03
5.351776480674743652e-01 -2.233428414911031723e-03
5.439243912696838379e-01 -1.803068444132804871e-03
5.526470541954040527e-01 -1.371015445329248905e-03
5.613698363304138184e-01 -9.398741531185805798e-04
5.700915455818176270e-01 -5.120275309309363365e-04
5.788244009017944336e-01 -7.666062447242438793e-05
5.875174403190612793e-01 3.564386279322206974e-04
5.961645245552062988e-01 7.803681655786931515e-04
6.047783493995666504e-01 1.169333700090646744e-03
6.133806109428405762e-01 1.526465872302651405e-03
6.219946146011352539e-01 1.853987690992653370e-03
6.306331157684326172e-01 2.156677423045039177e-03
6.393280625343322754e-01 2.423513913527131081e-03
6.480720043182373047e-01 2.658657729625701904e-03
6.568533182144165039e-01 2.882185159251093864e-03
6.656603217124938965e-01 3.097116481512784958e-03
6.744518876075744629e-01 3.306328784674406052e-03
6.831998229026794434e-01 3.509402042254805565e-03
6.919016838073730469e-01 3.707125084474682808e-03
7.005335688591003418e-01 3.899811068549752235e-03
7.090800404548645020e-01 4.074503201991319656e-03
7.175871133804321289e-01 4.221449606120586395e-03
7.260658144950866699e-01 4.339115228503942490e-03
7.345529794692993164e-01 4.426285158842802048e-03
7.431061863899230957e-01 4.488494712859392166e-03
7.516774535179138184e-01 4.537887871265411377e-03
7.603011727333068848e-01 4.578735679388046265e-03
7.689709663391113281e-01 4.603295121341943741e-03
7.776798009872436523e-01 4.607952665537595749e-03
7.864077091217041016e-01 4.590615630149841309e-03
7.951536774635314941e-01 4.564842674881219864e-03
8.038743734359741211e-01 4.529793746769428253e-03
8.125588297843933105e-01 4.479506053030490875e-03
8.212169408798217773e-01 4.425724502652883530e-03
8.298009037971496582e-01 4.371298942714929581e-03
8.383734226226806641e-01 4.303634632378816605e-03
8.469412922859191895e-01 4.207873251289129257e-03
8.555457592010498047e-01 4.082000814378261566e-03
8.641892075538635254e-01 3.927327226847410202e-03
8.728559017181396484e-01 3.754256758838891983e-03
8.815226554870605469e-01 3.563978010788559914e-03
8.901830315589904785e-01 3.352852305397391319e-03
8.988261222839355469e-01 3.128789365291595459e-03
9.074440598487854004e-01 2.889484865590929985e-03
9.160327911376953125e-01 2.610925585031509399e-03
9.245836734771728516e-01 2.298488514497876167e-03
9.334553480148315430e-01 1.931139617227017879e-03
9.417517185211181641e-01 1.555297058075666428e-03
9.495887756347656250e-01 1.167007372714579105e-03
9.570996165275573730e-01 7.628775783814489841e-04
9.644357562065124512e-01 3.427882911637425423e-04
9.679585099220275879e-01 1.395784056512638927e-04
9.751322865486145020e-01 -2.652146795298904181e-04
9.827014207839965820e-01 -6.660231738351285458e-04
9.909351468086242676e-01 -1.060668146237730980e-03
1.000102639198303223e+00 -1.446970622055232525e-03
