Airfoils2D_106
9.994832873344421387e-01 2.769303100649267435e-04
9.918666481971740723e-01 1.105596194975078106e-03
9.833730459213256836e-01 2.009357791393995285e-03
9.742487072944641113e-01 2.965395106002688408e-03
9.647397398948669434e-01 3.950887359678745270e-03
9.505445361137390137e-01 5.414879415184259415e-03
9.412831664085388184e-01 6.363485474139451981e-03
9.322679042816162109e-01 7.281510625034570694e-03
9.236230254173278809e-01 8.151921443641185760e-03
9.154946208000183105e-01 8.958625607192516327e-03
9.070070385932922363e-01 9.781925939023494720e-03
8.985312581062316895e-01 1.059428416192531586e-02
8.900913000106811523e-01 1.138560473918914795e-02
8.816792368888854980e-01 1.215879712253808975e-02
8.732651472091674805e-01 1.293782424181699753e-02
8.648301959037780762e-01 1.370800472795963287e-02
8.563680648803710938e-01 1.447951886802911758e-02
8.478731513023376465e-01 1.524264086037874222e-02
8.393536806106567383e-01 1.599435880780220032e-02
8.308119773864746094e-01 1.673289947211742401e-02
8.222469687461853027e-01 1.747042499482631683e-02
8.136780261993408203e-01 1.821056380867958069e-02
8.050985336303710938e-01 1.894210465252399445e-02
7.965146303176879883e-01 1.967130415141582489e-02
7.879384160041809082e-01 2.039016596972942352e-02
7.793858051300048828e-01 2.110704779624938965e-02
7.708731293678283691e-01 2.180994488298892975e-02
7.623800635337829590e-01 2.249929495155811310e-02
7.538987994194030762e-01 2.317665144801139832e-02
7.454152107238769531e-01 2.384933643043041229e-02
7.369256615638732910e-01 2.451456524431705475e-02
7.284241318702697754e-01 2.516148239374160767e-02
7.199092507362365723e-01 2.579788118600845337e-02
7.113850712776184082e-01 2.643285319209098816e-02
7.028717398643493652e-01 2.706767618656158447e-02
6.943743824958801270e-01 2.770009636878967285e-02
6.858789324760437012e-01 2.833006344735622406e-02
6.773912906646728516e-01 2.895514480769634247e-02
6.688985228538513184e-01 2.957558631896972656e-02
6.604110002517700195e-01 3.017668426036834717e-02
6.519163250923156738e-01 3.075835295021533966e-02
6.433974504470825195e-01 3.132153302431106567e-02
6.348605751991271973e-01 3.187183290719985962e-02
6.263181567192077637e-01 3.240618109703063965e-02
6.177610754966735840e-01 3.292582556605339050e-02
6.091970801353454590e-01 3.342644497752189636e-02
6.006342768669128418e-01 3.390796855092048645e-02
5.920678973197937012e-01 3.437361866235733032e-02
5.835233330726623535e-01 3.482723236083984375e-02
5.749784111976623535e-01 3.527748957276344299e-02
5.664185285568237305e-01 3.572377935051918030e-02
5.578542351722717285e-01 3.616905584931373596e-02
5.492913126945495605e-01 3.660843893885612488e-02
5.407236218452453613e-01 3.703847527503967285e-02
5.321729779243469238e-01 3.744474053382873535e-02
5.236391425132751465e-01 3.782506287097930908e-02
5.151248574256896973e-01 3.818007558584213257e-02
5.066444277763366699e-01 3.852119669318199158e-02
4.981633126735687256e-01 3.885223716497421265e-02
4.896702766418457031e-01 3.916860371828079224e-02
4.811739325523376465e-01 3.946735337376594543e-02
4.726779758930206299e-01 3.975352272391319275e-02
4.641698598861694336e-01 4.003330692648887634e-02
4.556654691696166992e-01 4.029612243175506592e-02
4.471529722213745117e-01 4.054013267159461975e-02
4.386414289474487305e-01 4.077034816145896912e-02
4.301315248012542725e-01 4.099362716078758240e-02
4.215920865535736084e-01 4.121293872594833374e-02
4.130416810512542725e-01 4.141375422477722168e-02
4.045030772686004639e-01 4.159441590309143066e-02
3.959831893444061279e-01 4.176117852330207825e-02
3.874764740467071533e-01 4.191469773650169373e-02
3.789898753166198730e-01 4.204197227954864502e-02
3.705128729343414307e-01 4.213669151067733765e-02
3.620485663414001465e-01 4.221345484256744385e-02
3.535935282707214355e-01 4.227150231599807739e-02
3.451269865036010742e-01 4.230909049510955811e-02
3.366812765598297119e-01 4.232328012585639954e-02
3.282499909400939941e-01 4.232135042548179626e-02
3.198176026344299316e-01 4.229391366243362427e-02
3.113838136196136475e-01 4.224891960620880127e-02
3.029421567916870117e-01 4.217806831002235413e-02
2.944877743721008301e-01 4.208604991436004639e-02
2.860304117202758789e-01 4.198803752660751343e-02
2.775880098342895508e-01 4.187543317675590515e-02
2.691726088523864746e-01 4.174413904547691345e-02
2.608090639114379883e-01 4.160141572356224060e-02
2.524622380733489990e-01 4.143030196428298950e-02
2.441175580024719238e-01 4.121465981006622314e-02
2.357901632785797119e-01 4.096325114369392395e-02
2.274636030197143555e-01 4.067453742027282715e-02
2.191275954246520996e-01 4.035207256674766541e-02
2.107881456613540649e-01 3.999570384621620178e-02
2.024552077054977417e-01 3.960058465600013733e-02
1.941524893045425415e-01 3.917745500802993774e-02
1.858863085508346558e-01 3.872852772474288940e-02
1.776335835456848145e-01 3.821966797113418579e-02
1.694196015596389771e-01 3.766130283474922180e-02
1.612778455018997192e-01 3.705262765288352966e-02
1.532069295644760132e-01 3.641140088438987732e-02
1.452037841081619263e-01 3.572550415992736816e-02
1.372723579406738281e-01 3.498933464288711548e-02
1.294125467538833618e-01 3.420588746666908264e-02
1.216236948966979980e-01 3.338216245174407959e-02
1.138868555426597595e-01 3.250790387392044067e-02
1.061771512031555176e-01 3.154693916440010071e-02
9.851751476526260376e-02 3.051899001002311707e-02
9.092344343662261963e-02 2.941609174013137817e-02
8.340279012918472290e-02 2.825279347598552704e-02
7.597377151250839233e-02 2.701912075281143188e-02
6.867325305938720703e-02 2.571395039558410645e-02
6.153536215424537659e-02 2.434222958981990814e-02
5.458263307809829712e-02 2.290540374815464020e-02
4.784189164638519287e-02 2.140210755169391632e-02
4.133808985352516174e-02 1.981651037931442261e-02
3.511571884155273438e-02 1.815489307045936584e-02
2.921936661005020142e-02 1.641230285167694092e-02
2.369928546249866486e-02 1.459643431007862091e-02
1.863028667867183685e-02 1.272798143327236176e-02
1.410515885800123215e-02 1.083506643772125244e-02
1.020127069205045700e-02 8.971859700977802277e-03
6.971630267798900604e-03 7.202180102467536926e-03
4.434109665453433990e-03 5.586444865912199020e-03
2.557848813012242317e-03 4.168136510998010635e-03
1.266119186766445637e-03 2.957788296043872833e-03
4.667517205234616995e-04 1.942877308465540409e-03
4.881020504399202764e-05 1.083916518837213516e-03
-8.738878386793658137e-05 3.373493091203272343e-04
1.503440216765739024e-05 -3.596325113903731108e-04
3.291191533207893372e-04 -1.045861281454563141e-03
8.805957622826099396e-04 -1.753272023051977158e-03
1.715712714940309525e-03 -2.501704962924122810e-03
2.918135840445756912e-03 -3.304340876638889313e-03
4.599336069077253342e-03 -4.176068585366010666e-03
6.895159836858510971e-03 -5.117516499012708664e-03
9.920449927449226379e-03 -6.121985148638486862e-03
1.374583505094051361e-02 -7.170671131461858749e-03
1.843333244323730469e-02 -8.253878913819789886e-03
2.394493296742439270e-02 -9.333360940217971802e-03
3.020409867167472839e-02 -1.038232259452342987e-02
3.706323727965354919e-02 -1.137237343937158585e-02
4.437039047479629517e-02 -1.229248661547899246e-02
5.197438225150108337e-02 -1.312847435474395752e-02
5.976194143295288086e-02 -1.387408562004566193e-02
6.765822321176528931e-02 -1.452166400849819183e-02
7.561399787664413452e-02 -1.508380565792322159e-02
8.361926674842834473e-02 -1.556590013206005096e-02
9.166172891855239868e-02 -1.597601734101772308e-02
9.975241124629974365e-02 -1.633383706212043762e-02
1.078831255435943604e-01 -1.665933243930339813e-02
1.160654276609420776e-01 -1.697091013193130493e-02
1.242776140570640564e-01 -1.727003045380115509e-02
1.325341761112213135e-01 -1.756177470088005066e-02
1.408449709415435791e-01 -1.783497817814350128e-02
1.492006480693817139e-01 -1.809212006628513336e-02
1.575871109962463379e-01 -1.830924116075038910e-02
1.659971028566360474e-01 -1.848110184073448181e-02
1.744228899478912354e-01 -1.860830746591091156e-02
1.828556209802627563e-01 -1.870447769761085510e-02
1.913097202777862549e-01 -1.876554824411869049e-02
1.997725069522857666e-01 -1.879886724054813385e-02
2.082629501819610596e-01 -1.881021261215209961e-02
2.167732566595077515e-01 -1.879655942320823669e-02
2.252872586250305176e-01 -1.876296475529670715e-02
2.337920367717742920e-01 -1.870483718812465668e-02
2.422804385423660278e-01 -1.861719414591789246e-02
2.507464587688446045e-01 -1.851501315832138062e-02
2.591964900493621826e-01 -1.840738952159881592e-02
2.676565349102020264e-01 -1.828050985932350159e-02
2.761364281177520752e-01 -1.814316585659980774e-02
2.846396863460540771e-01 -1.798810437321662903e-02
2.931675910949707031e-01 -1.780576072633266449e-02
3.017115294933319092e-01 -1.760068722069263458e-02
3.102625608444213867e-01 -1.737423986196517944e-02
3.188171088695526123e-01 -1.712095178663730621e-02
3.273628354072570801e-01 -1.685387454926967621e-02
3.358959257602691650e-01 -1.657658442854881287e-02
3.444226086139678955e-01 -1.628439314663410187e-02
3.529351651668548584e-01 -1.598893851041793823e-02
3.614234030246734619e-01 -1.568260602653026581e-02
3.699152469635009766e-01 -1.536809559911489487e-02
3.784051239490509033e-01 -1.504875440150499344e-02
3.869132995605468750e-01 -1.471713837236166000e-02
3.954455256462097168e-01 -1.437250711023807526e-02
4.039916992187500000e-01 -1.401319913566112518e-02
4.125539064407348633e-01 -1.364365406334400177e-02
4.211339354515075684e-01 -1.325909327715635300e-02
4.297025799751281738e-01 -1.287135761231184006e-02
4.382503330707550049e-01 -1.248567178845405579e-02
4.468012750148773193e-01 -1.211456488817930222e-02
4.553423821926116943e-01 -1.174876280128955841e-02
4.638970196247100830e-01 -1.138799451291561127e-02
4.724558293819427490e-01 -1.103834062814712524e-02
4.810201525688171387e-01 -1.068804785609245300e-02
4.895954430103302002e-01 -1.033680699765682220e-02
4.981862604618072510e-01 -9.977345354855060577e-03
5.067611932754516602e-01 -9.617219679057598114e-03
5.153295993804931641e-01 -9.262803010642528534e-03
5.239060521125793457e-01 -8.910685777664184570e-03
5.324861407279968262e-01 -8.550118654966354370e-03
5.410815477371215820e-01 -8.187050931155681610e-03
5.496825575828552246e-01 -7.824929431080818176e-03
5.582957863807678223e-01 -7.455258630216121674e-03
5.669110417366027832e-01 -7.079321425408124924e-03
5.755312442779541016e-01 -6.695799529552459717e-03
5.841363072395324707e-01 -6.310374476015567780e-03
5.927285552024841309e-01 -5.926982965320348740e-03
6.013102531433105469e-01 -5.541722755879163742e-03
6.098867654800415039e-01 -5.155181977897882462e-03
6.184620857238769531e-01 -4.773150198161602020e-03
6.270393729209899902e-01 -4.399236757308244705e-03
6.356239318847656250e-01 -4.030780866742134094e-03
6.442050933837890625e-01 -3.666453761979937553e-03
6.527828574180603027e-01 -3.309424966573715210e-03
6.613419055938720703e-01 -2.967695705592632294e-03
6.698876619338989258e-01 -2.642266219481825829e-03
6.784292459487915039e-01 -2.319893566891551018e-03
6.869804859161376953e-01 -1.999781001359224319e-03
6.955366134643554688e-01 -1.682087779045104980e-03
7.041093707084655762e-01 -1.368003897368907928e-03
7.126842737197875977e-01 -1.055806176736950874e-03
7.212458252906799316e-01 -7.527195848524570465e-04
7.297825813293457031e-01 -4.693210357800126076e-04
7.382930517196655273e-01 -2.141960867447778583e-04
7.467929124832153320e-01 1.894763408927246928e-05
7.552861571311950684e-01 2.532500366214662790e-04
7.637816667556762695e-01 4.860473272856324911e-04
7.722789645195007324e-01 7.060167845338582993e-04
7.807904481887817383e-01 9.196209139190614223e-04
7.892948985099792480e-01 1.120970235206186771e-03
7.977952957153320312e-01 1.302865683101117611e-03
8.062872290611267090e-01 1.461506937630474567e-03
8.147765398025512695e-01 1.597625319845974445e-03
8.232600092887878418e-01 1.708854106254875660e-03
8.317468762397766113e-01 1.801473787054419518e-03
8.402504920959472656e-01 1.872376189567148685e-03
8.487768173217773438e-01 1.911522471345961094e-03
8.573102355003356934e-01 1.941428054124116898e-03
8.658325076103210449e-01 1.952075050212442875e-03
8.743482232093811035e-01 1.961336238309741020e-03
8.828183412551879883e-01 1.968137454241514206e-03
8.912404179573059082e-01 1.973513280972838402e-03
8.996116518974304199e-01 1.959171146154403687e-03
9.079615473747253418e-01 1.925122807733714581e-03
9.163083434104919434e-01 1.876059919595718384e-03
9.246605634689331055e-01 1.799411140382289886e-03
9.333862662315368652e-01 1.687976880930364132e-03
9.416039586067199707e-01 1.556848525069653988e-03
9.494530558586120605e-01 1.411799923516809940e-03
9.570415019989013672e-01 1.241322024725377560e-03
9.645059704780578613e-01 1.042439951561391354e-03
9.680981636047363281e-01 9.319753735326230526e-04
9.753939509391784668e-01 6.868765922263264656e-04
9.830331206321716309e-01 4.072435840498656034e-04
9.912497997283935547e-01 9.030730871018022299e-05
1.000277876853942871e+00 -2.667014487087726593e-04
