Airfoils1D_452
9.996919035911560059e-01 4.671569622587412596e-04
9.921489953994750977e-01 1.139674452133476734e-03
9.837337732315063477e-01 1.956511987373232841e-03
9.746866822242736816e-01 2.878694795072078705e-03
9.652481079101562500e-01 3.867248538881540298e-03
9.511176943778991699e-01 5.358400288969278336e-03
9.418643712997436523e-01 6.320207845419645309e-03
9.328646659851074219e-01 7.237325422465801239e-03
9.242689609527587891e-01 8.098120801150798798e-03
9.162418842315673828e-01 8.887169882655143738e-03
9.078784584999084473e-01 9.714573621749877930e-03
8.995036482810974121e-01 1.054470427334308624e-02
8.911201357841491699e-01 1.137487217783927917e-02
8.826959133148193359e-01 1.220676302909851074e-02
8.742242455482482910e-01 1.302945613861083984e-02
8.657112121582031250e-01 1.383707951754331589e-02
8.572105169296264648e-01 1.462582498788833618e-02
8.487187027931213379e-01 1.540087070316076279e-02
8.402594327926635742e-01 1.615943945944309235e-02
8.318290114402770996e-01 1.692126505076885223e-02
8.234097957611083984e-01 1.768986321985721588e-02
8.150262832641601562e-01 1.847101002931594849e-02
8.066283464431762695e-01 1.925863511860370636e-02
7.981961965560913086e-01 2.003600075840950012e-02
7.897185087203979492e-01 2.080104127526283264e-02
7.812190055847167969e-01 2.154546603560447693e-02
7.726765871047973633e-01 2.227221988141536713e-02
7.641199827194213867e-01 2.298278175294399261e-02
7.555764913558959961e-01 2.368987165391445160e-02
7.470347285270690918e-01 2.438693121075630188e-02
7.385364770889282227e-01 2.507592923939228058e-02
7.300456166267395020e-01 2.574912831187248230e-02
7.215719819068908691e-01 2.640466950833797455e-02
7.131168246269226074e-01 2.704503387212753296e-02
7.046719193458557129e-01 2.766827307641506195e-02
6.962298154830932617e-01 2.828588336706161499e-02
6.877950429916381836e-01 2.890502288937568665e-02
6.793490648269653320e-01 2.952710539102554321e-02
6.708598732948303223e-01 3.013978153467178345e-02
6.623460650444030762e-01 3.074337728321552277e-02
6.537951827049255371e-01 3.133485838770866394e-02
6.452245116233825684e-01 3.192102909088134766e-02
6.366455554962158203e-01 3.249689936637878418e-02
6.280539035797119141e-01 3.305407986044883728e-02
6.194671392440795898e-01 3.359837085008621216e-02
6.108835935592651367e-01 3.413525968790054321e-02
6.022833585739135742e-01 3.465315699577331543e-02
5.936670899391174316e-01 3.514542430639266968e-02
5.850571393966674805e-01 3.561615571379661560e-02
5.764620304107666016e-01 3.607084229588508606e-02
5.678843259811401367e-01 3.651171177625656128e-02
5.593146085739135742e-01 3.693822398781776428e-02
5.507400035858154297e-01 3.735055774450302124e-02
5.421662330627441406e-01 3.776025772094726562e-02
5.335666537284851074e-01 3.817151859402656555e-02
5.249373316764831543e-01 3.857148066163063049e-02
5.162905454635620117e-01 3.896350041031837463e-02
5.076470375061035156e-01 3.934523835778236389e-02
4.990299642086029053e-01 3.971557319164276123e-02
4.904192388057708740e-01 4.006477817893028259e-02
4.818097651004791260e-01 4.039903730154037476e-02
4.731989502906799316e-01 4.072112590074539185e-02
4.646004140377044678e-01 4.103452339768409729e-02
4.559786617755889893e-01 4.133692756295204163e-02
4.473649859428405762e-01 4.162026941776275635e-02
4.387524724006652832e-01 4.188114777207374573e-02
4.301615953445434570e-01 4.211155697703361511e-02
4.215911626815795898e-01 4.231353476643562317e-02
4.130184054374694824e-01 4.248955100774765015e-02
4.044469892978668213e-01 4.264991357922554016e-02
3.958612084388732910e-01 4.280339553952217102e-02
3.872803449630737305e-01 4.295479133725166321e-02
3.786842823028564453e-01 4.310934245586395264e-02
3.701074421405792236e-01 4.325091838836669922e-02
3.615514039993286133e-01 4.336475580930709839e-02
3.530398309230804443e-01 4.344275593757629395e-02
3.445720672607421875e-01 4.348556324839591980e-02
3.361484110355377197e-01 4.349151626229286194e-02
3.277624845504760742e-01 4.346227645874023438e-02
3.193910717964172363e-01 4.340952634811401367e-02
3.110320568084716797e-01 4.333757609128952026e-02
3.026776909828186035e-01 4.324895143508911133e-02
2.943207025527954102e-01 4.314010217785835266e-02
2.859712243080139160e-01 4.300874471664428711e-02
2.776121497154235840e-01 4.284717515110969543e-02
2.692565619945526123e-01 4.265089705586433411e-02
2.608970701694488525e-01 4.242090880870819092e-02
2.525483071804046631e-01 4.215852543711662292e-02
2.442062199115753174e-01 4.186875000596046448e-02
2.358715683221817017e-01 4.154650121927261353e-02
2.275969535112380981e-01 4.119458422064781189e-02
2.193761169910430908e-01 4.082771763205528259e-02
2.112218737602233887e-01 4.043556749820709229e-02
2.031026184558868408e-01 4.000463709235191345e-02
1.950457394123077393e-01 3.953342512249946594e-02
1.870279759168624878e-01 3.902729973196983337e-02
1.790548861026763916e-01 3.848036006093025208e-02
1.711051911115646362e-01 3.789049014449119568e-02
1.631770730018615723e-01 3.725587204098701477e-02
1.553267091512680054e-01 3.658466786146163940e-02
1.475493311882019043e-01 3.588517010211944580e-02
1.398532390594482422e-01 3.514760732650756836e-02
1.322368532419204712e-01 3.436023369431495667e-02
1.247427836060523987e-01 3.352330997586250305e-02
1.173606440424919128e-01 3.263413533568382263e-02
1.100904271006584167e-01 3.168531879782676697e-02
1.029164642095565796e-01 3.068159520626068115e-02
9.583517163991928101e-02 2.963160909712314606e-02
8.886598050594329834e-02 2.854243665933609009e-02
8.201054483652114868e-02 2.742530964314937592e-02
7.526656985282897949e-02 2.627892792224884033e-02
6.865270435810089111e-02 2.509338036179542542e-02
6.221021711826324463e-02 2.387227490544319153e-02
5.595710873603820801e-02 2.261032350361347198e-02
4.992447420954704285e-02 2.129572816193103790e-02
4.412600025534629822e-02 1.992099545896053314e-02
3.858134523034095764e-02 1.848357170820236206e-02
3.330548480153083801e-02 1.697917282581329346e-02
2.832246944308280945e-02 1.541855279356241226e-02
2.363185770809650421e-02 1.380960457026958466e-02
1.926069147884845734e-02 1.217087544500827789e-02
1.523745432496070862e-02 1.052999496459960938e-02
1.160718593746423721e-02 8.914428763091564178e-03
8.432616479694843292e-03 7.340275682508945465e-03
5.740055348724126816e-03 5.821285303682088852e-03
3.557619638741016388e-03 4.375121556222438812e-03
1.902268500998616219e-03 3.015051363036036491e-03
7.845977088436484337e-04 1.748211565427482128e-03
1.611389016034081578e-04 5.763461813330650330e-04
2.150077762053115293e-06 -5.085058510303497314e-04
2.486391458660364151e-04 -1.527802669443190098e-03
8.851892198435962200e-04 -2.497133566066622734e-03
1.905941637232899666e-03 -3.446491435170173645e-03
3.299491945654153824e-03 -4.401645623147487640e-03
5.086249206215143204e-03 -5.375854205340147018e-03
7.319404743611812592e-03 -6.368263624608516693e-03
1.004011742770671844e-02 -7.373854983597993851e-03
1.326013542711734772e-02 -8.372312411665916443e-03
1.700990274548530579e-02 -9.343722835183143616e-03
2.127740904688835144e-02 -1.027196366339921951e-02
2.607881836593151093e-02 -1.113548781722784042e-02
3.138990327715873718e-02 -1.193203404545783997e-02
3.718223050236701965e-02 -1.266467478126287460e-02
4.341697692871093750e-02 -1.333749666810035706e-02
5.007259175181388855e-02 -1.396172214299440384e-02
5.708109214901924133e-02 -1.454554032534360886e-02
6.437923759222030640e-02 -1.508796308189630508e-02
7.190808653831481934e-02 -1.558778621256351471e-02
7.959397137165069580e-02 -1.604253798723220825e-02
8.739999681711196899e-02 -1.644689217209815979e-02
9.527149051427841187e-02 -1.680286414921283722e-02
1.031746938824653625e-01 -1.711563020944595337e-02
1.111035048961639404e-01 -1.738182082772254944e-02
1.190803945064544678e-01 -1.761199533939361572e-02
1.271137148141860962e-01 -1.780743338167667389e-02
1.352416127920150757e-01 -1.796583272516727448e-02
1.434772461652755737e-01 -1.809175498783588409e-02
1.518010050058364868e-01 -1.818707399070262909e-02
1.601984202861785889e-01 -1.825205422937870026e-02
1.686353236436843872e-01 -1.829252764582633972e-02
1.770638078451156616e-01 -1.831335388123989105e-02
1.854768991470336914e-01 -1.830719597637653351e-02
1.938692480325698853e-01 -1.827820949256420135e-02
2.022621482610702515e-01 -1.822359487414360046e-02
2.106964141130447388e-01 -1.814232580363750458e-02
2.191876322031021118e-01 -1.804657466709613800e-02
2.277332842350006104e-01 -1.793950609862804413e-02
2.363211810588836670e-01 -1.782430894672870636e-02
2.449491173028945923e-01 -1.770397834479808807e-02
2.535812854766845703e-01 -1.757943630218505859e-02
2.622134387493133545e-01 -1.743968017399311066e-02
2.708445787429809570e-01 -1.728713512420654297e-02
2.794795632362365723e-01 -1.711601205170154572e-02
2.881402373313903809e-01 -1.692255772650241852e-02
2.968104779720306396e-01 -1.671267114579677582e-02
3.055120706558227539e-01 -1.648728549480438232e-02
3.142282068729400635e-01 -1.624911278486251831e-02
3.229694664478302002e-01 -1.599752530455589294e-02
3.317073881626129150e-01 -1.573858596384525299e-02
3.404397964477539062e-01 -1.546937227249145508e-02
3.491738140583038330e-01 -1.519878860563039780e-02
3.578978180885314941e-01 -1.492858584970235825e-02
3.666232228279113770e-01 -1.465308386832475662e-02
3.753271996974945068e-01 -1.436970476061105728e-02
3.840383887290954590e-01 -1.408946700394153595e-02
3.927586376667022705e-01 -1.380459778010845184e-02
4.014950692653656006e-01 -1.351729128509759903e-02
4.102280139923095703e-01 -1.322353165596723557e-02
4.189659357070922852e-01 -1.291701104491949081e-02
4.277122318744659424e-01 -1.260155346244573593e-02
4.364718496799468994e-01 -1.228470448404550552e-02
4.452381730079650879e-01 -1.195891387760639191e-02
4.540082216262817383e-01 -1.162420306354761124e-02
4.627942740917205811e-01 -1.129209902137517929e-02
4.716084599494934082e-01 -1.095153205096721649e-02
4.804297387599945068e-01 -1.061370503157377243e-02
4.892376065254211426e-01 -1.026421505957841873e-02
4.980339705944061279e-01 -9.903756901621818542e-03
5.068055987358093262e-01 -9.542726911604404449e-03
5.155701041221618652e-01 -9.189235046505928040e-03
5.243218541145324707e-01 -8.841399103403091431e-03
5.330742001533508301e-01 -8.507878519594669342e-03
5.418365597724914551e-01 -8.183334954082965851e-03
5.506094098091125488e-01 -7.864247076213359833e-03
5.593771934509277344e-01 -7.558619137853384018e-03
5.681458115577697754e-01 -7.250858005136251450e-03
5.769254565238952637e-01 -6.945149507373571396e-03
5.857173204421997070e-01 -6.643408909440040588e-03
5.945534706115722656e-01 -6.339910440146923065e-03
6.034338474273681641e-01 -6.040284410119056702e-03
6.123511791229248047e-01 -5.746887996792793274e-03
6.212905049324035645e-01 -5.448748357594013214e-03
6.302115321159362793e-01 -5.156561266630887985e-03
6.390959024429321289e-01 -4.878246225416660309e-03
6.479496955871582031e-01 -4.609256051480770111e-03
6.567719578742980957e-01 -4.352520685642957687e-03
6.655700206756591797e-01 -4.107090178877115250e-03
6.743708252906799316e-01 -3.860525554046034813e-03
6.831738352775573730e-01 -3.621865529567003250e-03
6.919867992401123047e-01 -3.380156122148036957e-03
7.008053660392761230e-01 -3.133883699774742126e-03
7.095996737480163574e-01 -2.891564276069402695e-03
7.183817028999328613e-01 -2.657220000401139259e-03
7.271642088890075684e-01 -2.433663932606577873e-03
7.359371781349182129e-01 -2.216768451035022736e-03
7.447080016136169434e-01 -2.012728946283459663e-03
7.534779310226440430e-01 -1.816079718992114067e-03
7.622552514076232910e-01 -1.641447423025965691e-03
7.710524797439575195e-01 -1.479155966080725193e-03
7.798721790313720703e-01 -1.328500686213374138e-03
7.886890172958374023e-01 -1.185719273053109646e-03
7.975115776062011719e-01 -1.050579827278852463e-03
8.063250780105590820e-01 -9.249257855117321014e-04
8.151085972785949707e-01 -7.965712575241923332e-04
8.238677978515625000e-01 -6.784563884139060974e-04
8.325905799865722656e-01 -5.692830309271812439e-04
8.413089513778686523e-01 -4.767221689689904451e-04
8.500363826751708984e-01 -3.960122412536293268e-04
8.587879538536071777e-01 -3.230301954317837954e-04
8.675537705421447754e-01 -2.577017585281282663e-04
8.763624429702758789e-01 -2.027197915595024824e-04
8.852044939994812012e-01 -1.627921592444181442e-04
8.940767645835876465e-01 -1.272840745514258742e-04
9.029764533042907715e-01 -1.029585109790787101e-04
9.118678569793701172e-01 -8.116418757708743215e-05
9.207254052162170410e-01 -6.258243956835940480e-05
9.299346804618835449e-01 -5.767995025962591171e-05
9.385643601417541504e-01 -6.095688513596542180e-05
9.467555880546569824e-01 -8.155351679306477308e-05
9.546684026718139648e-01 -1.243216247530654073e-04
9.624315500259399414e-01 -1.902734948089346290e-04
9.661662578582763672e-01 -2.279734180774539709e-04
9.737158417701721191e-01 -3.037853457499295473e-04
9.815595149993896484e-01 -3.723235859069973230e-04
9.899217486381530762e-01 -4.242004652041941881e-04
9.990270137786865234e-01 -4.500282811932265759e-04
