Airfoils2D_107F
9.997882477265632728e-01 3.146997748810442482e-04
9.918822696096597502e-01 1.349877449200332074e-03
9.838820524397742240e-01 2.305693172889049583e-03
9.757858932216303405e-01 3.194632884374529972e-03
9.675917285983883787e-01 4.030066749193152512e-03
9.592981822833408501e-01 4.826222618608145415e-03
9.509037336721594125e-01 5.598366124379469851e-03
9.424086084477392156e-01 6.362718754527329351e-03
9.339168351711660820e-01 7.127281240355370223e-03
9.254538004661738704e-01 7.902694524309975682e-03
9.169645034210879286e-01 8.692131403316193453e-03
9.084482022260720324e-01 9.490949049861491932e-03
8.999143195289271979e-01 1.029345607666181522e-02
8.914027263372320542e-01 1.109104805218910465e-02
8.829186271145235132e-01 1.187844543906367047e-02
8.744610300517915435e-01 1.265104439338081942e-02
8.660286653901420051e-01 1.340435721220209313e-02
8.576004211829039159e-01 1.413711397894328037e-02
8.491631115414993713e-01 1.485109137143158543e-02
8.407167740792123034e-01 1.554751983510161729e-02
8.322615434599287543e-01 1.622762828235135152e-02
8.237975083714009772e-01 1.689265618685926312e-02
8.153247583949561061e-01 1.754384961119693012e-02
8.068433187545576146e-01 1.818246611869552345e-02
7.983533159658812162e-01 1.880976225337294486e-02
7.898548698621290498e-01 1.942700205712800943e-02
7.813480728433827016e-01 2.003545849568802092e-02
7.728329869885226522e-01 2.063641353932722106e-02
7.643096657984678188e-01 2.123115658551416596e-02
7.557782722104889883e-01 2.182097639729847424e-02
7.472389005401101070e-01 2.240717362197444315e-02
7.386916233017992717e-01 2.299105744714402197e-02
7.301366389874789364e-01 2.357393515090388733e-02
7.215801824580754253e-01 2.415629806624382606e-02
7.130264261234799950e-01 2.473759983516055083e-02
7.044753516858673903e-01 2.531736981700384581e-02
6.959269482430959775e-01 2.589513778633945398e-02
6.873811593813273779e-01 2.647043750103525786e-02
6.788379567705046247e-01 2.704280171258605786e-02
6.702973217175448584e-01 2.761176343059788471e-02
6.617592440309143509e-01 2.817685601773339821e-02
6.532236677495240063e-01 2.873761676594704939e-02
6.446905647787306570e-01 2.929358199735001764e-02
6.361599127074339943e-01 2.984428855892495500e-02
6.276317085828246878e-01 3.038927296417521379e-02
6.191058935537061547e-01 3.092807619976450581e-02
6.105824397042948215e-01 3.146023812967630590e-02
6.020613191521456686e-01 3.198529949760559737e-02
5.935425379316696670e-01 3.250279988190700464e-02
5.850260356731337152e-01 3.301228380814806573e-02
5.765117829904748969e-01 3.351329474987007478e-02
5.679997520791058019e-01 3.400537695699779733e-02
5.594899377352200442e-01 3.448807428105359757e-02
5.509823013497399113e-01 3.496093338478387103e-02
5.424768030953193154e-01 3.542350181709267437e-02
5.339734151407002916e-01 3.587532730337943815e-02
5.254721177242606123e-01 3.631595801732157708e-02
5.169729002980464339e-01 3.674494257730884228e-02
5.084757092662200995e-01 3.716183264076212273e-02
4.999805166461310235e-01 3.756617937320887862e-02
4.914872943962650398e-01 3.795753479276902514e-02
4.829960374995775352e-01 3.833545075818603487e-02
4.745067040116155987e-01 3.869948167727051830e-02
4.660192560809568452e-01 3.904918254651587595e-02
4.575336734475109468e-01 3.938410845443460900e-02
4.490504649778396806e-01 3.970376400101455899e-02
4.405701813885566920e-01 4.000754313133442208e-02
4.320928456063094503e-01 4.029483700846148153e-02
4.236185185527420183e-01 4.056503692507026221e-02
4.151472610416935272e-01 4.081753577098645031e-02
4.066791422343191686e-01 4.105172780601516053e-02
3.982142471994131738e-01 4.126700856921437788e-02
3.897526029083409060e-01 4.146277669471538224e-02
3.812942694929383203e-01 4.163843144479030534e-02
3.728393068488528028e-01 4.179337366569219059e-02
3.643877802815443379e-01 4.192700570144684835e-02
3.559397774616834820e-01 4.203873126174075686e-02
3.474953230365935841e-01 4.212795651288032961e-02
3.390544756667814852e-01 4.219408859959267177e-02
3.306172936306305821e-01 4.223653622583337097e-02
3.221838347934559699e-01 4.225470964787984146e-02
3.137541879125919086e-01 4.224802073844623890e-02
3.053283846645762356e-01 4.221588298670004430e-02
2.969064750072542558e-01 4.215771126500540700e-02
2.884885148200180827e-01 4.207292195700956805e-02
2.800745594046468168e-01 4.196093295058080097e-02
2.716646714984318756e-01 4.182116377241645866e-02
2.632589244767436498e-01 4.165303578205761803e-02
2.548573438719828332e-01 4.145597088633255767e-02
2.464599823127581191e-01 4.122939285389476405e-02
2.380668916735153851e-01 4.097272688157600762e-02
2.296781230383697359e-01 4.068539957522269296e-02
2.212937359117038427e-01 4.036683929791312631e-02
2.129137940831884179e-01 4.001647614656485274e-02
2.045383218883609910e-01 3.963373995272607975e-02
1.961673668650049940e-01 3.921806273603152537e-02
1.878010217746508004e-01 3.876888037988522606e-02
1.794497947431703544e-01 3.828569336340511414e-02
1.711266806362375381e-01 3.776573089010386991e-02
1.628327008983849189e-01 3.720491670274970325e-02
1.545684302342263949e-01 3.659922760777976902e-02
1.463344857638950447e-01 3.594472023791355636e-02
1.381315186250374749e-01 3.523753018309206536e-02
1.299601594995619391e-01 3.447386673096594634e-02
1.218210295745663085e-01 3.365001226921991023e-02
1.137170348461366554e-01 3.276245901973413172e-02
1.056516731288031780e-01 3.180730992756916620e-02
9.762540894277454973e-02 3.078027561853642971e-02
8.963859090748801939e-02 2.967714911689850465e-02
8.169151373476447875e-02 2.849380716113385920e-02
7.378441344478696429e-02 2.722620379100227500e-02
6.591746288953470589e-02 2.587036329521326047e-02
5.809195624703731436e-02 2.442260016457494312e-02
5.047493799428122430e-02 2.290467972221625625e-02
4.326464932013929926e-02 2.131500020842132595e-02
3.644399141362242300e-02 1.961310804281771875e-02
2.997605291536325697e-02 1.776455647621948131e-02
2.383901012080948817e-02 1.574557384280744071e-02
1.800859106704002718e-02 1.353633523567696409e-02
1.245453693015100526e-02 1.111645444830403930e-02
7.177645737622141177e-03 8.480738728920612923e-03
4.322995386048953705e-03 6.829592597981317022e-03
2.831805452794286613e-03 5.707643921117454971e-03
1.810735332751498613e-03 4.688014650027961042e-03
1.048739399954871443e-03 3.657792843224023146e-03
5.365504626456660308e-04 2.698760889469633065e-03
1.765171654382939278e-04 1.690848136667484625e-03
1.629323072292649689e-05 8.628825386672881121e-04
-1.187460383055252331e-05 2.559183225028219179e-05
8.636964987231588592e-05 -7.086938904717107312e-04
2.783106381918741133e-04 -1.363607124469560280e-03
5.610639196528873635e-04 -1.973114978677996921e-03
9.600057124401041933e-04 -2.555226436172914478e-03
1.464822403465370878e-03 -3.063700745402116697e-03
2.056419932751006509e-03 -3.496894022137961560e-03
3.287112264680586062e-03 -4.131808814583114338e-03
6.063656397230829560e-03 -5.182569180787482792e-03
1.164623286535675095e-02 -6.994755639661410715e-03
1.745881709213483943e-02 -8.541611138569955158e-03
2.354397695735883228e-02 -9.843110522148541819e-03
2.994444371895766885e-02 -1.091855844843995192e-02
3.670289609686261389e-02 -1.179015595712852235e-02
4.387294868910440043e-02 -1.248828370329806842e-02
5.151153058910334925e-02 -1.305541767587851086e-02
5.965623211139305104e-02 -1.355208729804080817e-02
6.793834171021022328e-02 -1.400395463359712517e-02
7.623382393239290511e-02 -1.440930642048108591e-02
8.454268948124286920e-02 -1.477008337100311174e-02
9.286494238573372861e-02 -1.508824294787105072e-02
1.012005806040028183e-01 -1.536575982549021752e-02
1.095495966170823565e-01 -1.560462631352803851e-02
1.179120392406534379e-01 -1.580685409655559551e-02
1.262878857790501463e-01 -1.597447104162200843e-02
1.346770655835395347e-01 -1.610952328548275955e-02
1.430795548641147774e-01 -1.621407731411171962e-02
1.514953270991568068e-01 -1.629021892797603149e-02
1.599243535201782807e-01 -1.634005351019801253e-02
1.683666926249893503e-01 -1.636570643096326577e-02
1.768222810346046503e-01 -1.636932235190977428e-02
1.852910335880411374e-01 -1.635306673146484993e-02
1.937722014897184375e-01 -1.631911863442210911e-02
2.022580846712934144e-01 -1.626903483641786718e-02
2.107459994026457673e-01 -1.620328787640154880e-02
2.192359345923418079e-01 -1.612224424781706633e-02
2.277278810042661639e-01 -1.602627106448663991e-02
2.362218373522859127e-01 -1.591573595745006398e-02
2.447178028303940711e-01 -1.579100712310887999e-02
2.532158018482536521e-01 -1.565245289765575948e-02
2.617158065282128576e-01 -1.550044300833886349e-02
2.702178152262150190e-01 -1.533534739777369510e-02
2.787218262262202706e-01 -1.515753659009286616e-02
2.872278504161048795e-01 -1.496738140024928346e-02
2.957358883841493258e-01 -1.476525340802227471e-02
3.042459232833711891e-01 -1.455152521745287780e-02
3.127579531706546900e-01 -1.432656969612403075e-02
3.212719760613069186e-01 -1.409076029988098021e-02
3.297880181531706034e-01 -1.384447024099887298e-02
3.383060494368356208e-01 -1.358807491480022375e-02
3.468260677185476260e-01 -1.332194955504585089e-02
3.553480709006264782e-01 -1.304646998467555614e-02
3.638720750615439536e-01 -1.276201200371681645e-02
3.723980707381901456e-01 -1.246895282524535832e-02
3.809260450918937058e-01 -1.216767041041661411e-02
3.894559959907637481e-01 -1.185854296462335138e-02
3.979879316776612219e-01 -1.154194890094892983e-02
4.065218588961738155e-01 -1.121826725475995844e-02
4.150577564392400887e-01 -1.088787872871897072e-02
4.235956222079457767e-01 -1.055116392452907711e-02
4.321354588915736761e-01 -1.020850385116321354e-02
4.406772850720802603e-01 -9.860279454963479656e-03
4.492210734457013910e-01 -9.506874150093089226e-03
4.577668220018307754e-01 -9.148670948257003541e-03
4.663143871063481494e-01 -8.786057605425856912e-03
4.748603533880014216e-01 -8.419299315643001200e-03
4.834032611478336072e-01 -8.048049773199346391e-03
4.919431059839725617e-01 -7.671838065046207404e-03
5.004798835608605945e-01 -7.290194188870510218e-03
5.090135560776383183e-01 -6.902650585993812260e-03
5.175441499946281665e-01 -6.508737719774058614e-03
5.260716643289313765e-01 -6.107988169001619949e-03
5.345960950550188162e-01 -5.699935553281494129e-03
5.431174137918542977e-01 -5.284115593935152615e-03
5.516356300843596738e-01 -4.860063102671021394e-03
5.601507515023651518e-01 -4.427313839727788601e-03
5.686627744157135567e-01 -3.985404999364656684e-03
5.771716832606217373e-01 -3.533875306537381106e-03
5.856774641579375329e-01 -3.072264340479178169e-03
5.941801366307275512e-01 -2.600110746170427624e-03
6.026803863968850372e-01 -2.116919907763588782e-03
6.111999889703307876e-01 -1.622520762432063356e-03
6.197515980844230388e-01 -1.121119615557158045e-03
6.282980619500175834e-01 -6.205151334350732977e-04
6.368122475514724767e-01 -1.279030105946229556e-04
6.452946944031209275e-01 3.512654037806185519e-04
6.537456949170770137e-01 8.116492971633248793e-04
6.621659087404443422e-01 1.248049497522119413e-03
6.705563947521765433e-01 1.655402157009207330e-03
6.789371131090675693e-01 2.030829499351760083e-03
6.873226468708966141e-01 2.374921406681274050e-03
6.957130080585447462e-01 2.688289169140102922e-03
7.041081793134523759e-01 2.971543848844546837e-03
7.125080844888046494e-01 3.225296009079798871e-03
7.209126676254525856e-01 3.450158727819232010e-03
7.293218771006283463e-01 3.646746902291556763e-03
7.377357204783605571e-01 3.815678592334597035e-03
7.461559390037827422e-01 3.957729025195748374e-03
7.545835435600112273e-01 4.073960340789739044e-03
7.630184150688107403e-01 4.165463120881182993e-03
7.714604941722250642e-01 4.233334367434912412e-03
7.799097206982327224e-01 4.278676421850287695e-03
7.883660337665298057e-01 4.302597000627956907e-03
7.968294337510400949e-01 4.306209183614467459e-03
8.052998130925352882e-01 4.290631260964848301e-03
8.137770944401538920e-01 4.256987265899144120e-03
8.222612150607887527e-01 4.206406754700980737e-03
8.307521119822917077e-01 4.140024810194452287e-03
8.392498017948247790e-01 4.058981243391330228e-03
8.477541467385805163e-01 3.964422792888691767e-03
8.562650798099858962e-01 3.857501342641664333e-03
8.647825378490896497e-01 3.739374377760204364e-03
8.733063162597769491e-01 3.611207014176665009e-03
8.818267093842608872e-01 3.473711297436339867e-03
8.903363485593502880e-01 3.325650619060677160e-03
8.988352766681448891e-01 3.165306133787760493e-03
9.073235371761769752e-01 2.990971386189261380e-03
9.158010630552411158e-01 2.800954796702905935e-03
9.242680059552875749e-01 2.593572328877367765e-03
9.327244198018987964e-01 2.367153851565719728e-03
9.411703518924310341e-01 2.120041288675672368e-03
9.496058509237514933e-01 1.850588313508475273e-03
9.580308772781640503e-01 1.557163471431374921e-03
9.664455624263771361e-01 1.238141215267386493e-03
9.748499744246219567e-01 8.919091297356296572e-04
9.832441697688965032e-01 5.168663741258306245e-04
9.916282074940683255e-01 1.114230364437480102e-04
1.000002149430800458e+00 -3.260000630984910140e-04
