Airfoils2D_040
9.997482299804687500e-01 1.953662576852366328e-04
9.920120239257812500e-01 1.292278058826923370e-03
9.834163188934326172e-01 2.389841945841908455e-03
9.742119312286376953e-01 3.478760132566094398e-03
9.646497368812561035e-01 4.549735225737094879e-03
9.504381418228149414e-01 6.078343372792005539e-03
9.412225484848022461e-01 7.059115450829267502e-03
9.323017001152038574e-01 8.010379038751125336e-03
9.237838983535766602e-01 8.917824365198612213e-03
9.157883524894714355e-01 9.784283116459846497e-03
9.074031710624694824e-01 1.071696169674396515e-02
8.989750742912292480e-01 1.166306529194116592e-02
8.905217647552490234e-01 1.263312343508005142e-02
8.820553421974182129e-01 1.359626371413469315e-02
8.735620379447937012e-01 1.453903131186962128e-02
8.650597333908081055e-01 1.544772926717996597e-02
8.565520644187927246e-01 1.630926877260208130e-02
8.480340838432312012e-01 1.711461320519447327e-02
8.395149111747741699e-01 1.788529008626937866e-02
8.309985399246215820e-01 1.863191649317741394e-02
8.224889636039733887e-01 1.935627125203609467e-02
8.139967918395996094e-01 2.007137611508369446e-02
8.055307865142822266e-01 2.075949870049953461e-02
7.970864176750183105e-01 2.141254954040050507e-02
7.886494994163513184e-01 2.205320447683334351e-02
7.802134156227111816e-01 2.268944308161735535e-02
7.717738151550292969e-01 2.332584373652935028e-02
7.633193135261535645e-01 2.397391758859157562e-02
7.548509836196899414e-01 2.463718689978122711e-02
7.463628053665161133e-01 2.530397661030292511e-02
7.378520965576171875e-01 2.595744468271732330e-02
7.293366789817810059e-01 2.658576890826225281e-02
7.208122014999389648e-01 2.718683518469333649e-02
7.122840881347656250e-01 2.777714468538761139e-02
7.037649750709533691e-01 2.836038172245025635e-02
6.952551007270812988e-01 2.894876897335052490e-02
6.867534518241882324e-01 2.955737523734569550e-02
6.782624125480651855e-01 3.017356060445308685e-02
6.697656512260437012e-01 3.078376315534114838e-02
6.612558960914611816e-01 3.138458728790283203e-02
6.527357697486877441e-01 3.196161612868309021e-02
6.441915035247802734e-01 3.252290189266204834e-02
6.356365680694580078e-01 3.307031840085983276e-02
6.270753741264343262e-01 3.360380604863166809e-02
6.185180544853210449e-01 3.413655981421470642e-02
6.099762320518493652e-01 3.467422723770141602e-02
6.014539003372192383e-01 3.519039228558540344e-02
5.929553508758544922e-01 3.568432852625846863e-02
5.844758749008178711e-01 3.614529967308044434e-02
5.759998559951782227e-01 3.657482936978340149e-02
5.675176978111267090e-01 3.699320927262306213e-02
5.590332746505737305e-01 3.738550469279289246e-02
5.505321025848388672e-01 3.775823861360549927e-02
5.420139431953430176e-01 3.813185542821884155e-02
5.334721207618713379e-01 3.850706294178962708e-02
5.249118804931640625e-01 3.887674584984779358e-02
5.163592100143432617e-01 3.923810273408889771e-02
5.078031420707702637e-01 3.957512602210044861e-02
4.992480576038360596e-01 3.991151973605155945e-02
4.907080531120300293e-01 4.024334624409675598e-02
4.821880161762237549e-01 4.054089263081550598e-02
4.736774861812591553e-01 4.083106294274330139e-02
4.651689827442169189e-01 4.112104699015617371e-02
4.566473662853240967e-01 4.141474142670631409e-02
4.481255710124969482e-01 4.170192033052444458e-02
4.396013319492340088e-01 4.196984320878982544e-02
4.310615956783294678e-01 4.221272468566894531e-02
4.225174784660339355e-01 4.244236648082733154e-02
4.139735102653503418e-01 4.266097396612167358e-02
4.054312109947204590e-01 4.284619539976119995e-02
3.968889117240905762e-01 4.303218796849250793e-02
3.883526027202606201e-01 4.321382567286491394e-02
3.798286318778991699e-01 4.339791834354400635e-02
3.713296949863433838e-01 4.357016459107398987e-02
3.628411591053009033e-01 4.372520744800567627e-02
3.543596267700195312e-01 4.385611787438392639e-02
3.458845317363739014e-01 4.396182298660278320e-02
3.374095261096954346e-01 4.405240342020988464e-02
3.289228081703186035e-01 4.410229995846748352e-02
3.204177021980285645e-01 4.412322118878364563e-02
3.119160532951354980e-01 4.411397874355316162e-02
3.034397959709167480e-01 4.407688230276107788e-02
2.949800789356231689e-01 4.403190314769744873e-02
2.865301668643951416e-01 4.398056864738464355e-02
2.780879139900207520e-01 4.391195625066757202e-02
2.696630060672760010e-01 4.381708428263664246e-02
2.612476944923400879e-01 4.370117187500000000e-02
2.528234124183654785e-01 4.355075210332870483e-02
2.443849444389343262e-01 4.335795342922210693e-02
2.359558343887329102e-01 4.312538355588912964e-02
2.275465130805969238e-01 4.285078123211860657e-02
2.191264480352401733e-01 4.256528615951538086e-02
2.106974273920059204e-01 4.225491732358932495e-02
2.022854536771774292e-01 4.190194234251976013e-02
1.939094066619873047e-01 4.150123149156570435e-02
1.855637878179550171e-01 4.106838628649711609e-02
1.772454380989074707e-01 4.059578105807304382e-02
1.689477115869522095e-01 4.006918892264366150e-02
1.606850475072860718e-01 3.949005529284477234e-02
1.524458229541778564e-01 3.885492309927940369e-02
1.442153900861740112e-01 3.817484155297279358e-02
1.359984129667282104e-01 3.743429481983184814e-02
1.278342306613922119e-01 3.663970530033111572e-02
1.197325587272644043e-01 3.579634428024291992e-02
1.116945743560791016e-01 3.491599485278129578e-02
1.037232503294944763e-01 3.397341445088386536e-02
9.581150859594345093e-02 3.295709192752838135e-02
8.795718103647232056e-02 3.186195716261863708e-02
8.015484362840652466e-02 3.066200576722621918e-02
7.241120934486389160e-02 2.935371734201908112e-02
6.473916769027709961e-02 2.792138606309890747e-02
5.719161778688430786e-02 2.639093436300754547e-02
4.980991035699844360e-02 2.473987452685832977e-02
4.266029596328735352e-02 2.297768369317054749e-02
3.580876439809799194e-02 2.107207290828227997e-02
2.934211306273937225e-02 1.902583613991737366e-02
2.333975769579410553e-02 1.684682443737983704e-02
1.793035678565502167e-02 1.452835835516452789e-02
1.320681348443031311e-02 1.215489022433757782e-02
9.261437691748142242e-03 9.811251424252986908e-03
6.134783383458852768e-03 7.624211721122264862e-03
3.792507341131567955e-03 5.670542828738689423e-03
2.166314050555229187e-03 4.034456796944141388e-03
1.111353863961994648e-03 2.721016993746161461e-03
4.871257697232067585e-04 1.706407521851360798e-03
1.395249564666301012e-04 9.297297219745814800e-04
-1.704991882434114814e-05 2.629704540595412254e-04
-6.728387961629778147e-05 -3.389802877791225910e-04
-1.119066382671007887e-05 -9.409502381458878517e-04
1.491163275204598904e-04 -1.585500082001090050e-03
4.536679189186543226e-04 -2.286952920258045197e-03
9.943584445863962173e-04 -3.062082920223474503e-03
1.905604964122176170e-03 -3.920579794794321060e-03
3.361818147823214531e-03 -4.857716150581836700e-03
5.533687770366668701e-03 -5.863570142537355423e-03
8.573531173169612885e-03 -6.976434029638767242e-03
1.256630010902881622e-02 -8.159426040947437286e-03
1.753432303667068481e-02 -9.391909465193748474e-03
2.337920665740966797e-02 -1.063297968357801437e-02
2.995265275239944458e-02 -1.180765498429536819e-02
3.706275671720504761e-02 -1.290038600564002991e-02
4.455650597810745239e-02 -1.388802658766508102e-02
5.229026451706886292e-02 -1.472411770373582840e-02
6.017225608229637146e-02 -1.541154924780130386e-02
6.815198808908462524e-02 -1.599127985537052155e-02
7.620778679847717285e-02 -1.647951826453208923e-02
8.434242010116577148e-02 -1.691698282957077026e-02
9.253873676061630249e-02 -1.729302294552326202e-02
1.007915362715721130e-01 -1.760759577155113220e-02
1.090777739882469177e-01 -1.789679005742073059e-02
1.174021437764167786e-01 -1.816849410533905029e-02
1.257549077272415161e-01 -1.838727481663227081e-02
1.341345310211181641e-01 -1.856061257421970367e-02
1.425396054983139038e-01 -1.869315467774868011e-02
1.509595513343811035e-01 -1.878625154495239258e-02
1.594077646732330322e-01 -1.886771991848945618e-02
1.678620725870132446e-01 -1.890809461474418640e-02
1.763244718313217163e-01 -1.892044395208358765e-02
1.847831904888153076e-01 -1.891201362013816833e-02
1.932488530874252319e-01 -1.889236643910408020e-02
2.017219066619873047e-01 -1.884955167770385742e-02
2.102010697126388550e-01 -1.879195123910903931e-02
2.186876535415649414e-01 -1.871860213577747345e-02
2.271753549575805664e-01 -1.863116957247257233e-02
2.356760203838348389e-01 -1.854815892875194550e-02
2.441701143980026245e-01 -1.844908669590950012e-02
2.526668310165405273e-01 -1.832554861903190613e-02
2.611612379550933838e-01 -1.817550323903560638e-02
2.696684002876281738e-01 -1.800970733165740967e-02
2.781833708286285400e-01 -1.782721094787120819e-02
2.867154181003570557e-01 -1.763419806957244873e-02
2.952735126018524170e-01 -1.742887683212757111e-02
3.038491904735565186e-01 -1.722134649753570557e-02
3.124436140060424805e-01 -1.702019385993480682e-02
3.210392296314239502e-01 -1.681568846106529236e-02
3.296321630477905273e-01 -1.659201458096504211e-02
3.382123708724975586e-01 -1.635104790329933167e-02
3.467866480350494385e-01 -1.609415560960769653e-02
3.553520143032073975e-01 -1.582662388682365417e-02
3.639256656169891357e-01 -1.554788742214441299e-02
3.725133538246154785e-01 -1.525843888521194458e-02
3.811036944389343262e-01 -1.496337261050939560e-02
3.897066414356231689e-01 -1.466093584895133972e-02
3.983082473278045654e-01 -1.435294561088085175e-02
4.068957865238189697e-01 -1.402641553431749344e-02
4.154695868492126465e-01 -1.368348766118288040e-02
4.240348637104034424e-01 -1.332977972924709320e-02
4.325895309448242188e-01 -1.297433208674192429e-02
4.411332011222839355e-01 -1.262282021343708038e-02
4.496694505214691162e-01 -1.228366605937480927e-02
4.582004249095916748e-01 -1.195271126925945282e-02
4.667376875877380371e-01 -1.162654627114534378e-02
4.752701818943023682e-01 -1.131686940789222717e-02
4.837912023067474365e-01 -1.100339461117982864e-02
4.923238158226013184e-01 -1.068476215004920959e-02
5.008666515350341797e-01 -1.034735795110464096e-02
5.094189643859863281e-01 -9.989267215132713318e-03
5.179666876792907715e-01 -9.620429947972297668e-03
5.265228748321533203e-01 -9.256721474230289459e-03
5.350936651229858398e-01 -8.889280259609222412e-03
5.436718463897705078e-01 -8.519532158970832825e-03
5.522461533546447754e-01 -8.160767145454883575e-03
5.608121752738952637e-01 -7.796483580023050308e-03
5.693786144256591797e-01 -7.436794228851795197e-03
5.779383182525634766e-01 -7.065827492624521255e-03
5.864935517311096191e-01 -6.679154466837644577e-03
5.950309634208679199e-01 -6.293108221143484116e-03
6.035728454589843750e-01 -5.924600642174482346e-03
6.121231317520141602e-01 -5.556570366024971008e-03
6.206758022308349609e-01 -5.196550395339727402e-03
6.292262077331542969e-01 -4.845599643886089325e-03
6.377636194229125977e-01 -4.505400545895099640e-03
6.462801694869995117e-01 -4.180427175015211105e-03
6.547792553901672363e-01 -3.860306227579712868e-03
6.632664799690246582e-01 -3.533089533448219299e-03
6.717378497123718262e-01 -3.215235890820622444e-03
6.802147030830383301e-01 -2.904101973399519920e-03
6.887100338935852051e-01 -2.580793574452400208e-03
6.972270011901855469e-01 -2.264603273943066597e-03
7.057631611824035645e-01 -1.946941483765840530e-03
7.143071293830871582e-01 -1.624433672986924648e-03
7.228468060493469238e-01 -1.288042753003537655e-03
7.313788533210754395e-01 -9.543943451717495918e-04
7.398940920829772949e-01 -6.151737179607152939e-04
7.483830451965332031e-01 -2.951888600364327431e-04
7.568594217300415039e-01 1.840334516600705683e-05
7.653402090072631836e-01 3.188825794495642185e-04
7.738325595855712891e-01 5.754994344897568226e-04
7.823513746261596680e-01 8.142800652422010899e-04
7.908948063850402832e-01 1.052062492817640305e-03
7.994385957717895508e-01 1.295006717555224895e-03
8.079808950424194336e-01 1.532674068585038185e-03
8.165154457092285156e-01 1.766163739375770092e-03
8.250436186790466309e-01 1.959470100700855255e-03
8.335523009300231934e-01 2.138445153832435608e-03
8.420398831367492676e-01 2.268934855237603188e-03
8.505184054374694824e-01 2.334780525416135788e-03
8.589974045753479004e-01 2.383026992902159691e-03
8.674571514129638672e-01 2.421199809759855270e-03
8.758792281150817871e-01 2.487528137862682343e-03
8.842692375183105469e-01 2.571885008364915848e-03
8.926385641098022461e-01 2.649730769917368889e-03
9.009848237037658691e-01 2.694988623261451721e-03
9.092781543731689453e-01 2.733587753027677536e-03
9.175251126289367676e-01 2.720064250752329826e-03
9.257728457450866699e-01 2.646092791110277176e-03
9.343793392181396484e-01 2.514474326744675636e-03
9.424681663513183594e-01 2.351841423660516739e-03
9.501767754554748535e-01 2.176302950829267502e-03
9.576367139816284180e-01 1.960287103429436684e-03
9.649792313575744629e-01 1.690990407951176167e-03
9.685091972351074219e-01 1.542564481496810913e-03
9.756717681884765625e-01 1.206661108881235123e-03
9.831607937812805176e-01 8.133848314173519611e-04
9.912039637565612793e-01 3.563713107723742723e-04
1.000028848648071289e+00 -1.707440533209592104e-04
