Airfoils1D_024_-1.0_0.6F
1.000000000000000000e+00 6.033309735574249018e-04
9.917484668881034748e-01 1.897430585164111908e-03
9.834798287685654339e-01 3.150644666720288107e-03
9.751943166127974294e-01 4.364739838626942488e-03
9.668921678234060346e-01 5.541496339646755954e-03
9.585736257968647811e-01 6.682708374610724263e-03
9.502389394940570222e-01 7.790184435991789023e-03
9.418883389059680145e-01 8.865750660467431113e-03
9.335220178945833336e-01 9.911252719677804066e-03
9.251403245717840784e-01 1.092853259832799427e-02
9.167435260968122002e-01 1.191945875323126985e-02
9.083318932163241266e-01 1.288591523344648389e-02
8.999056999181190841e-01 1.382980189340721547e-02
8.914651244089606408e-01 1.475304526904615970e-02
8.830105060718003163e-01 1.565757041351823961e-02
8.745421612976557180e-01 1.654532202983078834e-02
8.660603739334427065e-01 1.741826523155243223e-02
8.575666781343150857e-01 1.827822048195834950e-02
8.490682842076804349e-01 1.912566048206785704e-02
8.405665026958005770e-01 1.996088259580401647e-02
8.320613548383262170e-01 2.078428249797894048e-02
8.235528620280300194e-01 2.159625650149342435e-02
8.150410274884183348e-01 2.239720327213462828e-02
8.065258792306732039e-01 2.318751975553477382e-02
7.980074508661706423e-01 2.396760308338448386e-02
7.894857643433212946e-01 2.473785215488859962e-02
7.809608328132083832e-01 2.549866731326503808e-02
7.724326653251804009e-01 2.625044988870902860e-02
7.639013060631912877e-01 2.699359878521146588e-02
7.553667774431717108e-01 2.772851553164796395e-02
7.468291000281608305e-01 2.845560248506529694e-02
7.382882686927096927e-01 2.917526482195056253e-02
7.297443356748846144e-01 2.988790354086002382e-02
7.211986090787823045e-01 3.059378006415326701e-02
7.126569285733185266e-01 3.129208155796148888e-02
7.041203076595936583e-01 3.198176680644506525e-02
6.955886611338276682e-01 3.266186674046999555e-02
6.870619574472146551e-01 3.333141178042058755e-02
6.785401730224073225e-01 3.398943560969015093e-02
6.700233255724341586e-01 3.463497270652569904e-02
6.615113807109711530e-01 3.526706551516754773e-02
6.530004340538591023e-01 3.588515129350364902e-02
6.444734766337677501e-01 3.649165481486472268e-02
6.359278474118382762e-01 3.708976812528221728e-02
6.273634271805078599e-01 3.768259736799511178e-02
6.187805335889908775e-01 3.827325845234040569e-02
6.101948858906204309e-01 3.886384696177435510e-02
6.016273013456804319e-01 3.945611245886408713e-02
5.930783995910936524e-01 4.005315673786648267e-02
5.845423254664259272e-01 4.065832104131463648e-02
5.759956905153221784e-01 4.127327552997227950e-02
5.674352391656447558e-01 4.189590773675649915e-02
5.588605828426140842e-01 4.252381168958719454e-02
5.502732513639547740e-01 4.315441621124051913e-02
5.416924848326687414e-01 4.378383007087593981e-02
5.331257447931679883e-01 4.440903622721364269e-02
5.245729962646438205e-01 4.502759248104643008e-02
5.160338652191501785e-01 4.563710556061718188e-02
5.075081609239872060e-01 4.623519268410453131e-02
4.989956945155578638e-01 4.681949456513677388e-02
4.904964015192478377e-01 4.738766707085845936e-02
4.820100119181574549e-01 4.793740330793661020e-02
4.735362962689557143e-01 4.846641606629500942e-02
4.650750702189286323e-01 4.897243759561914489e-02
4.566261495872355747e-01 4.945322236764757018e-02
4.481864439391468613e-01 4.990679598703141179e-02
4.397441920820854278e-01 5.033307728885040577e-02
4.312980225981999927e-01 5.073252436163615264e-02
4.228480099272824977e-01 5.110554675064923197e-02
4.143942289348502284e-01 5.145255473119372119e-02
4.059367483205660876e-01 5.177395955538009742e-02
3.974756296237936803e-01 5.207017339361882935e-02
3.890109694078534019e-01 5.234160794175352766e-02
3.805428440843707794e-01 5.258867646048253491e-02
3.720713304092169715e-01 5.281179296961447528e-02
3.635965054668390817e-01 5.301137225244052786e-02
3.551184188144584364e-01 5.318783040153222258e-02
3.466371754896754309e-01 5.334158305707170644e-02
3.381528538095871506e-01 5.347304731053354604e-02
3.296655320246240639e-01 5.358264103790508909e-02
3.211752886380599414e-01 5.367078289476096692e-02
3.126849161333045690e-01 5.373779362821726191e-02
3.042082297422447623e-01 5.378238747556048777e-02
2.957474014178138044e-01 5.380199756681550843e-02
2.873025689437143093e-01 5.379405097069168973e-02
2.788738686669198219e-01 5.375600381145483747e-02
2.704614931751894158e-01 5.368534152587832453e-02
2.620655946155160398e-01 5.357957834812993730e-02
2.536862138335703731e-01 5.343625486646542272e-02
2.453234735834960156e-01 5.325293974248344192e-02
2.369774910546060820e-01 5.302722870826759999e-02
2.286483769408243216e-01 5.275674407738029786e-02
2.203362344819176089e-01 5.243913420813502840e-02
2.120411584809298589e-01 5.207207291212116035e-02
2.037633069237258232e-01 5.165326271295296590e-02
1.955026912241481785e-01 5.118042392936763413e-02
1.872593583876382972e-01 5.065130167926071986e-02
1.790326697502337694e-01 5.006363198572293810e-02
1.708196367159922069e-01 4.941536431279921343e-02
1.626206203120555971e-01 4.870504403858218895e-02
1.544366043447252257e-01 4.793128722878423759e-02
1.462685628239241697e-01 4.709272211015103765e-02
1.381174592935023315e-01 4.618798891819157759e-02
1.299842461542362881e-01 4.521573970066462833e-02
1.218698639818828477e-01 4.417463807342072307e-02
1.137863411555298798e-01 4.306462738685989250e-02
1.057910303239582017e-01 4.188644263945753843e-02
9.789494057999528764e-02 4.062972820547037373e-02
9.009885463329045385e-02 3.928328620999199661e-02
8.240331703390259277e-02 3.783659845564825430e-02
7.480858581941594865e-02 3.627975073237831027e-02
6.731459252876652311e-02 3.460335315807060164e-02
5.992117922079138320e-02 3.279852394714181246e-02
5.266941967177984907e-02 3.086711730718724733e-02
4.573622254191341691e-02 2.883454018268637523e-02
3.914474578263160004e-02 2.667959209536862469e-02
3.287981582721083429e-02 2.437742177136097144e-02
2.693327489523240220e-02 2.191102321053070220e-02
2.128592157788632838e-02 1.926253153870466708e-02
1.591959114783203511e-02 1.641549971322232501e-02
1.082330322727609317e-02 1.335759168799562600e-02
6.905181320590785508e-03 1.069162590993804306e-02
4.529201335982592502e-03 8.713049186674814983e-03
2.939679856700678443e-03 7.029314497907768015e-03
1.760303504020797926e-03 5.406854837169535084e-03
8.910667563688618939e-04 3.798198600990941066e-03
3.445070264014045273e-04 2.346868588281295857e-03
7.584817298250242311e-05 1.137361049824317993e-03
0.000000000000000000e+00 0.000000000000000000e+00
9.331711164514304218e-05 -9.910850074798605372e-04
3.336011087359164770e-04 -1.951200883728885799e-03
6.794230302866508626e-04 -2.791166039629524795e-03
1.132804008783299884e-03 -3.554284509590305719e-03
1.714986285003122822e-03 -4.253652026722247806e-03
2.403406805441015391e-03 -4.861871649945925453e-03
3.443199331611476212e-03 -5.538156142679355118e-03
5.044366055393501198e-03 -6.284138383714109842e-03
8.795310358782049837e-03 -7.565974197384160715e-03
1.461369391139506237e-02 -9.226761865646347996e-03
2.065711971053316165e-02 -1.062215753104141756e-02
2.696652303433779568e-02 -1.177225588566598036e-02
3.358279959811406173e-02 -1.269757100381511787e-02
4.055537708193157620e-02 -1.342331445413727162e-02
4.793052926903379474e-02 -1.398183878961009770e-02
5.577711657204589835e-02 -1.442020358322469546e-02
6.401771967734204427e-02 -1.479361643270985828e-02
7.229794100770355059e-02 -1.511286159141379121e-02
8.059319598167490051e-02 -1.537920990728105022e-02
8.890338076198853190e-02 -1.559479768080718892e-02
9.722845551365104366e-02 -1.576178539306613557e-02
1.055683723853368117e-01 -1.588235525263823750e-02
1.139230763715888967e-01 -1.595871173758532310e-02
1.222925061587636086e-01 -1.599308208574890672e-02
1.306765949509308133e-01 -1.598771673897310050e-02
1.390753117908440362e-01 -1.594488945385295203e-02
1.474886357945256188e-01 -1.586689715385801794e-02
1.559163996977993016e-01 -1.575606248278354701e-02
1.643585225429259611e-01 -1.561473246944556324e-02
1.728149216310441438e-01 -1.544527908389344527e-02
1.812855131665934427e-01 -1.525009952170311781e-02
1.897703199867812329e-01 -1.503161358728306862e-02
1.982676115426778851e-01 -1.479225336510721703e-02
2.067733156355469060e-01 -1.453394533574023026e-02
2.152872373330168287e-01 -1.425818873096591256e-02
2.238094722298750172e-01 -1.396648061701570402e-02
2.323402148016466551e-01 -1.366032400004486488e-02
2.408794779152403920e-01 -1.334123789417870562e-02
2.494273431374943728e-01 -1.301074885328731140e-02
2.579839061779139464e-01 -1.267039274750213912e-02
2.665493293365380212e-01 -1.232171260239588867e-02
2.751237015210996617e-01 -1.196626430737974568e-02
2.837070631862264602e-01 -1.160561593680333251e-02
2.922995115784610687e-01 -1.124134340964969871e-02
3.009011629513371755e-01 -1.087503204673153853e-02
3.095032774834842182e-01 -1.050865413415807970e-02
3.180963579189239332e-01 -1.014421465465848923e-02
3.266803863316298240e-01 -9.783305267717951059e-03
3.352588872713828660e-01 -9.427224856156983523e-03
3.438416783103359076e-01 -9.075594952926748990e-03
3.524294394982770418e-01 -8.727577593982427731e-03
3.610221423831752041e-01 -8.382350524482903506e-03
3.696198006771498901e-01 -8.039087047339122521e-03
3.782223700637263875e-01 -7.696960014841541277e-03
3.868289548634371022e-01 -7.355173281476930745e-03
3.954325421860415135e-01 -7.013171675210955192e-03
4.040312416037991627e-01 -6.670198021944117109e-03
4.126250600437811333e-01 -6.325422573030940222e-03
4.212139856984972175e-01 -5.978019093861591457e-03
4.297979901410556303e-01 -5.627164775973363293e-03
4.383769928142018379e-01 -5.272041737788092652e-03
4.469510050921958744e-01 -4.911831085924990396e-03
4.555200122583424882e-01 -4.545717693105622709e-03
4.640839863766066942e-01 -4.172889695469652292e-03
4.726493572276375676e-01 -3.792489557217860411e-03
4.812355990071413014e-01 -3.405789853379275010e-03
4.898352061585641293e-01 -3.017021949663663619e-03
4.984155286482315761e-01 -2.631608867155554084e-03
5.069732010484321316e-01 -2.253604399355763933e-03
5.155086493792813140e-01 -1.886829243641988769e-03
5.240222722766256780e-01 -1.535045201997252331e-03
5.325143682548159063e-01 -1.201959348233223781e-03
5.409945449298646514e-01 -8.905509311165404679e-04
5.494934938300914951e-01 -5.989766223382025434e-04
5.580140479248033580e-01 -3.237015031564574943e-04
5.665562493395608357e-01 -6.119275962750940631e-05
5.751201389557363264e-01 1.921355971382995441e-04
5.837059261435360025e-01 4.399285676893512228e-04
5.923107721496964073e-01 6.857991781432692989e-04
6.009037203192799659e-01 9.325990854940545373e-04
6.094817133156310573e-01 1.183722474094565155e-03
6.180667946638019883e-01 1.440287183903024484e-03
6.266612667477006182e-01 1.700791504830883585e-03
6.352651322400186817e-01 1.963616476879920594e-03
6.438729180048035072e-01 2.226965092255790701e-03
6.524720125997029996e-01 2.488818438515528423e-03
6.610617150571863609e-01 2.747530746797309954e-03
6.696421259737828091e-01 3.001491412428261042e-03
6.782133012945963380e-01 3.249099026587226862e-03
6.867752208631850985e-01 3.488760566331473075e-03
6.953279708225427180e-01 3.718896557207503843e-03
7.038716535209412761e-01 3.937938160170313846e-03
7.124063237497215706e-01 4.144325414853522981e-03
7.209320120211067939e-01 4.336507986456756419e-03
7.294487110129812546e-01 4.512945049504740562e-03
7.379565646224828246e-01 4.672108983608589880e-03
7.464576765119237400e-01 4.812579756817494947e-03
7.549596327307431798e-01 4.933988394819456037e-03
7.634633255702570898e-01 5.036572735735768760e-03
7.719687224544694581e-01 5.120572847253247913e-03
7.804757785248269686e-01 5.186228944240785579e-03
7.889844585104809349e-01 5.233781618380444790e-03
7.974947270388784704e-01 5.263471711521822832e-03
8.060065595930135940e-01 5.275540320884807878e-03
8.145199160191841647e-01 5.270228732189147051e-03
8.230347543497520402e-01 5.247778528674454726e-03
8.315510388413526188e-01 5.208431562413169333e-03
8.400687336677169492e-01 5.152429939481544680e-03
8.485878190103279817e-01 5.080015868444409492e-03
8.571082442988042782e-01 4.991432039550408595e-03
8.656299720277107479e-01 4.886921336228167503e-03
8.741529660735084528e-01 4.766726886872353977e-03
8.826730938669606896e-01 4.631030233751873282e-03
8.911734976761889193e-01 4.478192995415159784e-03
8.996520640379547240e-01 4.304751215860239295e-03
9.081087332778972065e-01 4.107215413238260449e-03
9.165434478457186174e-01 3.882148545313559261e-03
9.249561534888625092e-01 3.626165043087913216e-03
9.333466420716231005e-01 3.335935657113502876e-03
9.417150167787343706e-01 3.008170933766084101e-03
9.500612660775124008e-01 2.639632867580711095e-03
9.583853627259930619e-01 2.227131478065332796e-03
9.666872901308644073e-01 1.767522790725786167e-03
9.749670440250168824e-01 1.257707524435968446e-03
9.832246341888627450e-01 6.946296670904999115e-04
9.914600862016235139e-01 7.527492429743218273e-05
9.996734432077398758e-01 -6.033309735574260944e-04
