Airfoils1D_022
9.994544982910156250e-01 5.599205614998936653e-04
9.910125732421875000e-01 1.581243239343166351e-03
9.825661778450012207e-01 2.587018301710486412e-03
9.741153717041015625e-01 3.577651223167777061e-03
9.656602740287780762e-01 4.553546663373708725e-03
9.529696106910705566e-01 5.990642588585615158e-03
9.445039629936218262e-01 6.931465584784746170e-03
9.360342621803283691e-01 7.858970202505588531e-03
9.275605678558349609e-01 8.773561567068099976e-03
9.190829396247863770e-01 9.675648994743824005e-03
9.106013774871826172e-01 1.056563947349786758e-02
9.021161198616027832e-01 1.144394278526306152e-02
8.936270475387573242e-01 1.231096778064966202e-02
8.851343989372253418e-01 1.316712517291307449e-02
8.766381740570068359e-01 1.401282195001840591e-02
8.681384921073913574e-01 1.484846696257591248e-02
8.596352934837341309e-01 1.567447930574417114e-02
8.511286973953247070e-01 1.649129204452037811e-02
8.426185250282287598e-01 1.729934848845005035e-02
8.341048955917358398e-01 1.809911057353019714e-02
8.255877494812011719e-01 1.889105141162872314e-02
8.170669674873352051e-01 1.967565342783927917e-02
8.085424304008483887e-01 2.045344747602939606e-02
8.000142574310302734e-01 2.122494764626026154e-02
7.914829850196838379e-01 2.199058048427104950e-02
7.829493284225463867e-01 2.275064773857593536e-02
7.744142413139343262e-01 2.350530214607715607e-02
7.658786177635192871e-01 2.425454929471015930e-02
7.573431730270385742e-01 2.499826624989509583e-02
7.488083839416503906e-01 2.573623880743980408e-02
7.402743101119995117e-01 2.646825090050697327e-02
7.317407727241516113e-01 2.719413116574287415e-02
7.232078909873962402e-01 2.791368030011653900e-02
7.146760225296020508e-01 2.862663567066192627e-02
7.061455845832824707e-01 2.933265827596187592e-02
6.976171135902404785e-01 3.003133088350296021e-02
6.890908479690551758e-01 3.072217106819152832e-02
6.805670857429504395e-01 3.140464797616004944e-02
6.720459461212158203e-01 3.207821398973464966e-02
6.635273098945617676e-01 3.274234011769294739e-02
6.550109982490539551e-01 3.339651226997375488e-02
6.464971303939819336e-01 3.404020890593528748e-02
6.379855275154113770e-01 3.467291593551635742e-02
6.294763088226318359e-01 3.529412299394607544e-02
6.209693551063537598e-01 3.590331599116325378e-02
6.124647259712219238e-01 3.649997711181640625e-02
6.039637327194213867e-01 3.708342462778091431e-02
5.954669117927551270e-01 3.765277937054634094e-02
5.869715213775634766e-01 3.820754587650299072e-02
5.784712433815002441e-01 3.874810412526130676e-02
5.699570178985595703e-01 3.927595540881156921e-02
5.614253878593444824e-01 3.979340568184852600e-02
5.528782606124877930e-01 4.030356556177139282e-02
5.443219542503356934e-01 4.081025347113609314e-02
5.357723832130432129e-01 4.131758213043212891e-02
5.272384285926818848e-01 4.183157533407211304e-02
5.187106728553771973e-01 4.235849156975746155e-02
5.101897120475769043e-01 4.290061816573143005e-02
5.016888380050659180e-01 4.345441609621047974e-02
4.932282865047454834e-01 4.400901496410369873e-02
4.848159551620483398e-01 4.454951733350753784e-02
4.764437973499298096e-01 4.506119340658187866e-02
4.680912196636199951e-01 4.553381726145744324e-02
4.597412049770355225e-01 4.596371948719024658e-02
4.513664245605468750e-01 4.635548591613769531e-02
4.429377913475036621e-01 4.671843349933624268e-02
4.344560205936431885e-01 4.706135019659996033e-02
4.259427487850189209e-01 4.739012196660041809e-02
4.174257516860961914e-01 4.770585894584655762e-02
4.089164137840270996e-01 4.800752550363540649e-02
4.004158377647399902e-01 4.829344898462295532e-02
3.919185698032379150e-01 4.856281727552413940e-02
3.834241926670074463e-01 4.881506785750389099e-02
3.749328255653381348e-01 4.904963448643684387e-02
3.664444983005523682e-01 4.926594719290733337e-02
3.579593002796173096e-01 4.946343600749969482e-02
3.494773209095001221e-01 4.964153841137886047e-02
3.409985601902008057e-01 4.979969188570976257e-02
3.325227200984954834e-01 4.993737861514091492e-02
3.240500688552856445e-01 5.005410686135292053e-02
3.155815005302429199e-01 5.014929175376892090e-02
3.071183562278747559e-01 5.022217705845832825e-02
2.986620962619781494e-01 5.027178302407264709e-02
2.902141809463500977e-01 5.029689520597457886e-02
2.817758023738861084e-01 5.029608309268951416e-02
2.733476459980010986e-01 5.026776343584060669e-02
2.649292945861816406e-01 5.021030083298683167e-02
2.565203011035919189e-01 5.012215301394462585e-02
2.481214702129364014e-01 5.000176280736923218e-02
2.397343069314956665e-01 4.984740167856216431e-02
2.313609123229980469e-01 4.965708404779434204e-02
2.230034917593002319e-01 4.942855983972549438e-02
2.146642506122589111e-01 4.915932193398475647e-02
2.063450217247009277e-01 4.884666949510574341e-02
1.980469226837158203e-01 4.848778992891311646e-02
1.897702217102050781e-01 4.807989671826362610e-02
1.815154105424880981e-01 4.762032628059387207e-02
1.732830852270126343e-01 4.710644111037254333e-02
1.650736629962921143e-01 4.653562977910041809e-02
1.568874418735504150e-01 4.590531438589096069e-02
1.487245857715606689e-01 4.521293193101882935e-02
1.405848860740661621e-01 4.445591568946838379e-02
1.324621737003326416e-01 4.363125562667846680e-02
1.243552193045616150e-01 4.273736849427223206e-02
1.162752583622932434e-01 4.177352413535118103e-02
1.082426384091377258e-01 4.073807969689369202e-02
1.002831012010574341e-01 3.962729871273040771e-02
9.242403507232666016e-02 3.843472152948379517e-02
8.469037711620330811e-02 3.715101256966590881e-02
7.710137218236923218e-02 3.576439991593360901e-02
6.965821236371994019e-02 3.425908088684082031e-02
6.235168129205703735e-02 3.262015432119369507e-02
5.519267544150352478e-02 3.084009699523448944e-02
4.821115359663963318e-02 2.891580946743488312e-02
4.140989109873771667e-02 2.682827413082122803e-02
3.482322394847869873e-02 2.457266114652156830e-02
2.858432568609714508e-02 2.219242602586746216e-02
2.283934876322746277e-02 1.974109932780265808e-02
1.767850853502750397e-02 1.723625697195529938e-02
1.314238365739583969e-02 1.467305421829223633e-02
9.309857152402400970e-03 1.212380640208721161e-02
6.243756506592035294e-03 9.703116491436958313e-03
3.925960510969161987e-03 7.498034276068210602e-03
2.244813367724418640e-03 5.548357032239437103e-03
1.091296086087822914e-03 3.881937591359019279e-03
3.998470783699303865e-04 2.517218003049492836e-03
6.895363185321912169e-05 1.404936425387859344e-03
-3.688827564474195242e-05 4.306464106775820255e-04
-1.226096992468228564e-05 -5.241468315944075584e-04
1.312502135988324881e-04 -1.473161624744534492e-03
4.070191644132137299e-04 -2.410483080893754959e-03
8.059131796471774578e-04 -3.325252328068017960e-03
1.354144304059445858e-03 -4.223563242703676224e-03
2.020491752773523331e-03 -5.087938159704208374e-03
3.137476975098252296e-03 -5.993430037051439285e-03
5.089005921036005020e-03 -7.024060469120740891e-03
8.112914860248565674e-03 -8.211639709770679474e-03
1.230333466082811356e-02 -9.545996785163879395e-03
1.760572008788585663e-02 -1.096687186509370804e-02
2.384852059185504913e-02 -1.239938847720623016e-02
3.074831888079643250e-02 -1.374768093228340149e-02
3.800452128052711487e-02 -1.494096405804157257e-02
4.535760357975959778e-02 -1.592531986534595490e-02
5.291191488504409790e-02 -1.675697602331638336e-02
6.071516871452331543e-02 -1.748188771307468414e-02
6.872425973415374756e-02 -1.812255941331386566e-02
7.688371837139129639e-02 -1.869650371372699738e-02
8.513626456260681152e-02 -1.921543292701244354e-02
9.343012422323226929e-02 -1.968493126332759857e-02
1.017296165227890015e-01 -2.010594680905342102e-02
1.100260615348815918e-01 -2.047793008387088776e-02
1.183364093303680420e-01 -2.080292999744415283e-02
1.266633570194244385e-01 -2.108345553278923035e-02
1.350069493055343628e-01 -2.132190018892288208e-02
1.433672308921813965e-01 -2.152068726718425751e-02
1.517442315816879272e-01 -2.168226242065429688e-02
1.601379513740539551e-01 -2.180910110473632812e-02
1.685485392808914185e-01 -2.190370857715606689e-02
1.769772469997406006e-01 -2.196873351931571960e-02
1.854237169027328491e-01 -2.200696431100368500e-02
1.938855648040771484e-01 -2.202100120484828949e-02
2.023590058088302612e-01 -2.201296016573905945e-02
2.108394652605056763e-01 -2.198430150747299194e-02
2.193222790956497192e-01 -2.193575166165828705e-02
2.278032600879669189e-01 -2.186733670532703400e-02
2.362793236970901489e-01 -2.177851460874080658e-02
2.447476834058761597e-01 -2.166833356022834778e-02
2.532092630863189697e-01 -2.153562009334564209e-02
2.616672813892364502e-01 -2.137953974306583405e-02
2.701268494129180908e-01 -2.119989320635795593e-02
2.785943150520324707e-01 -2.099739946424961090e-02
2.870769500732421875e-01 -2.077382989227771759e-02
2.955841422080993652e-01 -2.053195424377918243e-02
3.041187524795532227e-01 -2.027564495801925659e-02
3.126738667488098145e-01 -2.000982128083705902e-02
3.212377130985260010e-01 -1.974006183445453644e-02
3.298041820526123047e-01 -1.947124116122722626e-02
3.383734226226806641e-01 -1.920686289668083191e-02
3.469439148902893066e-01 -1.894876547157764435e-02
3.555132448673248291e-01 -1.869681663811206818e-02
3.640798926353454590e-01 -1.844888553023338318e-02
3.726432919502258301e-01 -1.820116676390171051e-02
3.811942636966705322e-01 -1.794899068772792816e-02
3.897199332714080811e-01 -1.768719032406806946e-02
3.982164561748504639e-01 -1.741104386746883392e-02
4.066914916038513184e-01 -1.711666397750377655e-02
4.151592552661895752e-01 -1.680159941315650940e-02
4.236322045326232910e-01 -1.646533235907554626e-02
4.321249425411224365e-01 -1.610916852951049805e-02
4.406445920467376709e-01 -1.573645509779453278e-02
4.491882324218750000e-01 -1.535245217382907867e-02
4.577476382255554199e-01 -1.496295072138309479e-02
4.663139283657073975e-01 -1.457272935658693314e-02
4.748821556568145752e-01 -1.418522838503122330e-02
4.834499657154083252e-01 -1.380248833447694778e-02
4.920183122158050537e-01 -1.342505402863025665e-02
5.005898475646972656e-01 -1.305217947810888290e-02
5.091686248779296875e-01 -1.268217898905277252e-02
5.177513957023620605e-01 -1.231320481747388840e-02
5.263334512710571289e-01 -1.194373611360788345e-02
5.349146127700805664e-01 -1.157249510288238525e-02
5.434955358505249023e-01 -1.119869481772184372e-02
5.520762801170349121e-01 -1.082222722470760345e-02
5.606571435928344727e-01 -1.044366974383592606e-02
5.692382454872131348e-01 -1.006422936916351318e-02
5.778172612190246582e-01 -9.685682132840156555e-03
5.863894820213317871e-01 -9.310209192335605621e-03
5.949516296386718750e-01 -8.939870633184909821e-03
6.035043001174926758e-01 -8.576224558055400848e-03
6.120512485504150391e-01 -8.220267482101917267e-03
6.205964684486389160e-01 -7.872448302805423737e-03
6.291432976722717285e-01 -7.532675284892320633e-03
6.376946568489074707e-01 -7.200353778898715973e-03
6.462523341178894043e-01 -6.874526850879192352e-03
6.548167467117309570e-01 -6.554095540195703506e-03
6.633871793746948242e-01 -6.238071247935295105e-03
6.719639897346496582e-01 -5.925510078668594360e-03
6.805468797683715820e-01 -5.615500733256340027e-03
6.891342997550964355e-01 -5.307163111865520477e-03
6.977241635322570801e-01 -4.999639932066202164e-03
7.063137888908386230e-01 -4.692087415605783463e-03
7.148991823196411133e-01 -4.383567720651626587e-03
7.234806418418884277e-01 -4.072808660566806793e-03
7.320608496665954590e-01 -3.758764592930674553e-03
7.406404018402099609e-01 -3.441176610067486763e-03
7.492188215255737305e-01 -3.120798151940107346e-03
7.577929496765136719e-01 -2.799520734697580338e-03
7.663584947586059570e-01 -2.480279887095093727e-03
7.749099135398864746e-01 -2.166825812309980392e-03
7.834398746490478516e-01 -1.863537239842116833e-03
7.919433116912841797e-01 -1.574922818690538406e-03
8.004249930381774902e-01 -1.304571283981204033e-03
8.088934421539306641e-01 -1.055038184858858585e-03
8.173567652702331543e-01 -8.276771986857056618e-04
8.258236646652221680e-01 -6.224543321877717972e-04
8.343018889427185059e-01 -4.380185273475944996e-04
8.427971005439758301e-01 -2.719595213420689106e-04
8.513165712356567383e-01 -1.209074034704826772e-04
8.598604798316955566e-01 1.928146048157941550e-05
8.684188723564147949e-01 1.516603806521743536e-04
8.769755959510803223e-01 2.770500141195952892e-04
8.855044245719909668e-01 3.929262165911495686e-04
8.939799070358276367e-01 4.922592779621481895e-04
9.023944735527038574e-01 5.654461565427482128e-04
9.107570052146911621e-01 6.030504591763019562e-04
9.190936088562011719e-01 5.984186427667737007e-04
9.274442195892333984e-01 5.505318986251950264e-04
9.358410835266113281e-01 4.645920416805893183e-04
9.443020820617675781e-01 3.495090059004724026e-04
9.528275132179260254e-01 2.157004928449168801e-04
9.613975286483764648e-01 7.259719131980091333e-05
9.656931161880493164e-01 -3.078218639984697802e-07
9.742914438247680664e-01 -1.476413017371669412e-04
9.828853011131286621e-01 -2.928709436673671007e-04
9.914579987525939941e-01 -4.310345975682139397e-04
9.999926686286926270e-01 -5.571701331064105034e-04
