Airfoils2D_055_-2.0_0.7F
1.000011713185048778e+00 2.374748009041549232e-04
9.927776686402223216e-01 8.020795124567256301e-04
9.855390128126634286e-01 1.378915229517525733e-03
9.782955602915447413e-01 1.967179977076051033e-03
9.710472451254402726e-01 2.566058534428482772e-03
9.637940494107943845e-01 3.174727589621814498e-03
9.565357337774593738e-01 3.792378548440339045e-03
9.492723769216988572e-01 4.418171947340873533e-03
9.420037993418010069e-01 5.051286281307493242e-03
9.347299257477671430e-01 5.690887160702692849e-03
9.274507498052182441e-01 6.336129972185129515e-03
9.201660214242702862e-01 6.986187667030376719e-03
9.128758068362513578e-01 7.640200981574176743e-03
9.055799722430224463e-01 8.297324326147603735e-03
8.982783681125133812e-01 8.956709463098573576e-03
8.909710709194346157e-01 9.617483566866827371e-03
8.836637062121480701e-01 1.027826805250192654e-02
8.763620840190108341e-01 1.093766763296015465e-02
8.690661132567470970e-01 1.159482455164755586e-02
8.617756562549389043e-01 1.224889101379487803e-02
8.544875291242360893e-01 1.289950442794852298e-02
8.472003941546907280e-01 1.354654736424551822e-02
8.399142483724412189e-01 1.418983066593720171e-02
8.326290507157300125e-01 1.482916873779845969e-02
8.253448123549146365e-01 1.546437159054152646e-02
8.180615013913599132e-01 1.609525321578370027e-02
8.107790953064555328e-01 1.672162696412001978e-02
8.034976080872586746e-01 1.734330326386652674e-02
7.962169901276853201e-01 1.796009818805637676e-02
7.889372452842824401e-01 1.857182344434510357e-02
7.816583567210468875e-01 1.917829271121074958e-02
7.743802901916824188e-01 1.977932129516918672e-02
7.671030656313551077e-01 2.037472023306192634e-02
7.598266342652860716e-01 2.096430641231412928e-02
7.525509915935417737e-01 2.154789327952503011e-02
7.452761326425459965e-01 2.212529455318023447e-02
7.380020171157792852e-01 2.269632694441899717e-02
7.307286601042377594e-01 2.326080300076383348e-02
7.234427947963260053e-01 2.381988627888787999e-02
7.161883002721464164e-01 2.437823584996367046e-02
7.090439875975302897e-01 2.494520380828896614e-02
7.020039442803229779e-01 2.553570206816373547e-02
6.950679988958069488e-01 2.616294495374935428e-02
6.881615059375405519e-01 2.684394734751895800e-02
6.811499753432473936e-01 2.758460619440025741e-02
6.740217451496152146e-01 2.837074428089016512e-02
6.667757629279192910e-01 2.918535596868377172e-02
6.595654272169994004e-01 2.999246871555578953e-02
6.523985135388801204e-01 3.077719278303683512e-02
6.452191548695896950e-01 3.154507570887870455e-02
6.380272291028676879e-01 3.229768970428049946e-02
6.308228299474476497e-01 3.303659804511798609e-02
6.236061066966176458e-01 3.376337352097896760e-02
6.163768701988087129e-01 3.447963768851176197e-02
6.091354710949262730e-01 3.518697341863526173e-02
6.018817263006858154e-01 3.588703154425528646e-02
5.946158187481910273e-01 3.658144253048703498e-02
5.873422292710603898e-01 3.727129227465050126e-02
5.800711634157960095e-01 3.795576791158033342e-02
5.728032612446345428e-01 3.863424743522107796e-02
5.655385617831101275e-01 3.930616144368347109e-02
5.582770315429643748e-01 3.997094917796496089e-02
5.510185936304835552e-01 4.062805556027426768e-02
5.437633419516266775e-01 4.127691189839648861e-02
5.365111355712758323e-01 4.191697242548995256e-02
5.292620098695760555e-01 4.254767736285234442e-02
5.220159435689913918e-01 4.316847382709838171e-02
5.147728546437997377e-01 4.377881580006377088e-02
5.075328375012208015e-01 4.437814420840294205e-02
5.002957503041690623e-01 4.496592146677817758e-02
4.930616385914140531e-01 4.554159622618908498e-02
4.858304644169615938e-01 4.610462576948511776e-02
4.786021685272716653e-01 4.665447061969228704e-02
4.713768170290577597e-01 4.719058357611659316e-02
4.641542808560399913e-01 4.771243376221939031e-02
4.569346201188498324e-01 4.821947808065839974e-02
4.497171541158922481e-01 4.871125515071825229e-02
4.425012737197875357e-01 4.918741732679092482e-02
4.352869962858135211e-01 4.964760497698507413e-02
4.280742757921048303e-01 5.009146316747672967e-02
4.208632008846635575e-01 5.051862942875159912e-02
4.136536936843903112e-01 5.092875210226418398e-02
4.064458171885697024e-01 5.132147198528989873e-02
3.992395474613489870e-01 5.169643560217065947e-02
3.920348917163444247e-01 5.205328843366427427e-02
3.848318810330968454e-01 5.239167563432303026e-02
3.776304678041711438e-01 5.271124676063620312e-02
3.704307359699486324e-01 5.301164623899702610e-02
3.632326070843001631e-01 5.329252619873246083e-02
3.560361499963941023e-01 5.355353345384962493e-02
3.488413256794021255e-01 5.379431971931778605e-02
3.416481565353112204e-01 5.401453515000136790e-02
3.344566511973116052e-01 5.421383118908838783e-02
3.272667842418919282e-01 5.439186084178102704e-02
3.200788865561462471e-01 5.454826836107078830e-02
3.128966653682834220e-01 5.468238068176089345e-02
3.057223490440204583e-01 5.479306157778558034e-02
2.985558273251157635e-01 5.487916979906819898e-02
2.913974818126472410e-01 5.493956516663226625e-02
2.842473175902663907e-01 5.497311989750713890e-02
2.771056070605439903e-01 5.497871220919059443e-02
2.699724481196232317e-01 5.495522920806011902e-02
2.628480246791669583e-01 5.490156580216328658e-02
2.557325048855491056e-01 5.481662505685364062e-02
2.486260048255349853e-01 5.469931715939858885e-02
2.415287402794367155e-01 5.454856174872124708e-02
2.344407801422621618e-01 5.436328324486116442e-02
2.273623651887818065e-01 5.414241791790921909e-02
2.202935376793154487e-01 5.388490380716134259e-02
2.132345408093448136e-01 5.358969321616291470e-02
2.061854105849353080e-01 5.325573768548323705e-02
1.991463702667471136e-01 5.288200420879198005e-02
1.921174696476821986e-01 5.246745825834222415e-02
1.851007370577403832e-01 5.201116738250996518e-02
1.781061615491788541e-01 5.151190687515889294e-02
1.711361978559138297e-01 5.096713853646537423e-02
1.641913680358672301e-01 5.037421268816375669e-02
1.572717468507283944e-01 4.973049085869321595e-02
1.503781803199589762e-01 4.903345534571391939e-02
1.435103961288909658e-01 4.828052535981827015e-02
1.366693026137264511e-01 4.746929036391950990e-02
1.298547333653372327e-01 4.659726379569038845e-02
1.230673208554697584e-01 4.566209803870418388e-02
1.163168999904987122e-01 4.466239052063492726e-02
1.096110898907811243e-01 4.359531389127448142e-02
1.029527333124246741e-01 4.245730617952975239e-02
9.634387736999222573e-02 4.124483048086102777e-02
8.978614880943680543e-02 3.995440350534500834e-02
8.328184509879557607e-02 3.858280451004901523e-02
7.683306944907442038e-02 3.712692335168262664e-02
7.044099650508649224e-02 3.558356643135236058e-02
6.410725141723608300e-02 3.394974975729786459e-02
5.787361608315975264e-02 3.223259112222962020e-02
5.183886241105945675e-02 3.044647786652857069e-02
4.600418012522453776e-02 2.857678678661732322e-02
4.036445060205681723e-02 2.660963425802673893e-02
3.491363182295054851e-02 2.453278553421441022e-02
2.964613295347796190e-02 2.233566975369948374e-02
2.455421421545036717e-02 2.000784262597686547e-02
1.962806378636001992e-02 1.753820069779084279e-02
1.485860769158425972e-02 1.491567666282203435e-02
1.056102366063147759e-02 1.232780223913633108e-02
7.625396977648518128e-03 1.031364599947271789e-02
5.544365308148879561e-03 8.601116677340659919e-03
3.927740630204405899e-03 6.977849166851200768e-03
2.627739764600965037e-03 5.360782423619345899e-03
1.630170724268702751e-03 3.803427375228969707e-03
9.689358774894321147e-04 2.478321071270936111e-03
5.678260048967982525e-04 1.364082817051704257e-03
3.902152791048142558e-04 5.929749986477644364e-04
3.156233695651070969e-04 -8.958775551644792765e-05
3.321390925215122743e-04 -7.459950607519022633e-04
4.261304011906146797e-04 -1.321480131313002232e-03
5.901050106312821526e-04 -1.878578909473504642e-03
8.245319679782778114e-04 -2.429113150519725262e-03
1.222672845341989936e-03 -3.118956550046286715e-03
1.713882502762861413e-03 -3.777129063850104187e-03
2.530152439547114340e-03 -4.642259967220748081e-03
3.678445091528448688e-03 -5.608986200035339688e-03
5.458700227787291123e-03 -6.809780047833624735e-03
7.838802593001402072e-03 -8.108323317282228881e-03
1.054203796038226219e-02 -9.278666248265966462e-03
1.365079530541955972e-02 -1.031618660247194015e-02
1.734162551537952318e-02 -1.123678275669464516e-02
2.203649410634280631e-02 -1.209941442900776438e-02
2.833643426847441693e-02 -1.303644943254324458e-02
3.493644722052565571e-02 -1.391500418804109476e-02
4.163104962173986429e-02 -1.471684660443175162e-02
4.842939957566197440e-02 -1.545503054086474343e-02
5.534312638349282720e-02 -1.614398669558278140e-02
6.231758283737091203e-02 -1.679009451819218901e-02
6.931110793389495817e-02 -1.739280475698426823e-02
7.632287922029863669e-02 -1.795388930727909171e-02
8.335309723573958163e-02 -1.847523325281303849e-02
9.040134277470253388e-02 -1.895869715068571743e-02
9.746775350987854636e-02 -1.940620574491541683e-02
1.045519053757903716e-01 -1.981967142372867419e-02
1.116539460405563677e-01 -2.020106641060344030e-02
1.187733794944804272e-01 -2.055235278412731806e-02
1.259104380029301695e-01 -2.087555577604242874e-02
1.330644859207475716e-01 -2.117268650395320514e-02
1.402359124546652680e-01 -2.144582682798582690e-02
1.474240039572111416e-01 -2.169704171460113545e-02
1.546289966133078120e-01 -2.192845930077790689e-02
1.618504503058552924e-01 -2.214221209280819308e-02
1.690882839555128969e-01 -2.234047287815628738e-02
1.763424094845850165e-01 -2.252544213904470599e-02
1.836123639336443014e-01 -2.269934025548302203e-02
1.908971683820442078e-01 -2.286439314327718547e-02
1.981831296861938929e-01 -2.302157523392785524e-02
2.054653516760943932e-01 -2.317042568398547733e-02
2.127438405613794326e-01 -2.331044116192149476e-02
2.200186700139277196e-01 -2.344112101814944601e-02
2.272897503284649623e-01 -2.356196314487827778e-02
2.345571974808921267e-01 -2.367247045551860302e-02
2.418209771844961609e-01 -2.377214477888382749e-02
2.490811026647506976e-01 -2.386049022512583620e-02
2.563376408670763884e-01 -2.393701288114709336e-02
2.635905062647083685e-01 -2.400121869641885092e-02
2.708398209890959807e-01 -2.405261703918963948e-02
2.780855312816767899e-01 -2.409071716627826654e-02
2.853276811016585146e-01 -2.411503049790092446e-02
2.925663035725656336e-01 -2.412506963916024108e-02
2.998013536718530103e-01 -2.412034858103626056e-02
3.070329357551281335e-01 -2.410038264641835640e-02
3.142609699731095940e-01 -2.406468889219032237e-02
3.214855542619708961e-01 -2.401278512709575583e-02
3.287080751501054721e-01 -2.394421156545636226e-02
3.359345802950685633e-01 -2.385906746273680837e-02
3.431659371396040825e-01 -2.375801959423442730e-02
3.504022622630529327e-01 -2.364176043958282625e-02
3.576434168926951873e-01 -2.351098928696890647e-02
3.648895229828970077e-01 -2.336640394902335383e-02
3.721404985732065240e-01 -2.320870887128334212e-02
3.793963568957265942e-01 -2.303860969014305191e-02
3.866571516366570371e-01 -2.285681384278352019e-02
3.939227764122655850e-01 -2.266403576666295439e-02
4.011933672640676796e-01 -2.246098653651207658e-02
4.084688081123687975e-01 -2.224838701965386328e-02
4.157491359023237076e-01 -2.202695691843114742e-02
4.230343900972867721e-01 -2.179741869038893248e-02
4.303244737384367968e-01 -2.156050216866292960e-02
4.376195135916379764e-01 -2.131693301715299055e-02
4.449194084878447808e-01 -2.106744742159463724e-02
4.522241713875233549e-01 -2.081278092742275265e-02
4.595338768029711418e-01 -2.055366992538220153e-02
4.668468557631972327e-01 -2.029085690021558558e-02
4.741602915056573608e-01 -2.002470304981552457e-02
4.814740315837603424e-01 -1.975528962793786369e-02
4.887880775183291449e-01 -1.948269166116734646e-02
4.961024512366293826e-01 -1.920698344340891761e-02
5.034171448437265717e-01 -1.892824041799770832e-02
5.107321707763452512e-01 -1.864653729721434464e-02
5.180475401012192282e-01 -1.836194886983129673e-02
5.253632503588470115e-01 -1.807455048412793391e-02
5.326793193178858132e-01 -1.778441672838519325e-02
5.399957473528133045e-01 -1.749162290615378576e-02
5.473125385085673145e-01 -1.719624421349186597e-02
5.546297123470789181e-01 -1.689835524788344326e-02
5.619472621751115948e-01 -1.659803170386600288e-02
5.692652013410424150e-01 -1.629534849354865103e-02
5.765835390124780524e-01 -1.599038072774244812e-02
5.839022737029443411e-01 -1.568320399543799565e-02
5.912214238590777216e-01 -1.537389308223871716e-02
5.985409884267374192e-01 -1.506252362508518107e-02
6.058609727012904678e-01 -1.474917102916380347e-02
6.131813951611625457e-01 -1.443391016391467815e-02
6.205022496845619129e-01 -1.411681698797293862e-02
6.278235498913705692e-01 -1.379796664269632503e-02
6.351453043388750608e-01 -1.347743451754454362e-02
6.424675118789244799e-01 -1.315529646088776407e-02
6.497901909926284691e-01 -1.283162749040321453e-02
6.571133404919351495e-01 -1.250650352197275363e-02
6.644369656385498146e-01 -1.218000022185463868e-02
6.717610851174564690e-01 -1.185219268767348511e-02
6.790856927414831157e-01 -1.152315716088193193e-02
6.864108017575056842e-01 -1.119296904611486766e-02
6.937364214075639746e-01 -1.086170395787570270e-02
7.010625502415961385e-01 -1.052943802748794108e-02
7.083892061280645525e-01 -1.019624654312386268e-02
7.157163890443007936e-01 -9.862205636891966873e-03
7.230441029269618625e-01 -9.527391295245168229e-03
7.303723679626537013e-01 -9.191878793324354674e-03
7.377013248541947066e-01 -8.855739599563467943e-03
7.450326583962771920e-01 -8.519108004727960273e-03
7.523633687490202115e-01 -8.182561706313129166e-03
7.596910446880625889e-01 -7.846673363044169569e-03
7.670156294973395905e-01 -7.511906373137262026e-03
7.743371663503559876e-01 -7.178718370374711534e-03
7.816557005883636444e-01 -6.847565735331238509e-03
7.889711578594204022e-01 -6.518909073476428749e-03
7.962836414825040787e-01 -6.193199807534881772e-03
8.035931346099324246e-01 -5.870893610886207363e-03
8.108996257112938144e-01 -5.552444707198839549e-03
8.182031878450736206e-01 -5.238302485345527892e-03
8.255037672300213902e-01 -4.928920656888675228e-03
8.328014235049011615e-01 -4.624746909158989304e-03
8.400961792176672160e-01 -4.326229413589751001e-03
8.473879867492700724e-01 -4.033818011727552735e-03
8.546769377427557712e-01 -3.747955786743802781e-03
8.619629899373322246e-01 -3.469090028648156090e-03
8.692461778213406154e-01 -3.197663851186872616e-03
8.765265451620769532e-01 -2.934118987393797250e-03
8.838040267196806132e-01 -2.678899938686869330e-03
8.910787237450733533e-01 -2.432444167087355856e-03
8.983505966241164264e-01 -2.195192947454014006e-03
9.056196730726449040e-01 -1.967584099692401556e-03
9.128860001550734848e-01 -1.750053835284827745e-03
9.201495133600812171e-01 -1.543040545998334732e-03
9.274103146980334778e-01 -1.346976679801858848e-03
9.346683585114765602e-01 -1.162297762850476434e-03
9.419236839586525578e-01 -9.894358927406683799e-04
9.491763237441717127e-01 -8.288223740197819432e-04
9.564262322893810619e-01 -6.808890817973178942e-04
9.636735036420256417e-01 -5.460639067354921975e-04
9.709180776401314938e-01 -4.247766835663306824e-04
9.781600228515865414e-01 -3.174538224910953979e-04
9.853993403188398004e-01 -2.245218845742170575e-04
9.926360213429196167e-01 -1.464063550686663844e-04
9.998701434514055686e-01 -8.353080431723971817e-05
