Airfoils1D_505F
1.000008170719435263e+00 1.635649788028211782e-04
9.916394191790064427e-01 9.088404870774389891e-04
9.832528450486568428e-01 1.687781128513004669e-03
9.748479949126706012e-01 2.497051972142688963e-03
9.664244132004874421e-01 3.333267118116740781e-03
9.579816409381449738e-01 4.192988816539842609e-03
9.495190489443807724e-01 5.072743967719803813e-03
9.410362259772846460e-01 5.968983075829039850e-03
9.325327902943562064e-01 6.878097605313242789e-03
9.240082590514345773e-01 7.796433220937933929e-03
9.154630314005853808e-01 8.720182934706478817e-03
9.069240955551723937e-01 9.642615156066746546e-03
8.984065373060929893e-01 1.055829822196507374e-02
8.899098684604331844e-01 1.146354026233050577e-02
8.814336865959438994e-01 1.235469736243467558e-02
8.729776163476550277e-01 1.322817935008913613e-02
8.645409533954875325e-01 1.408048489407541688e-02
8.561118613095376473e-01 1.490983644809765196e-02
8.476745853250354790e-01 1.571788997747042282e-02
8.392288239815397510e-01 1.650576833186993830e-02
8.307746468367785964e-01 1.727456302418108741e-02
8.223121887440002498e-01 1.802536488830380063e-02
8.138415392565996331e-01 1.875927426073359036e-02
8.053627888176940752e-01 1.947739665131274084e-02
7.968759738927947422e-01 2.018084727916873503e-02
7.883812120761659603e-01 2.087073980117740146e-02
7.798786238932138293e-01 2.154819318397642111e-02
7.713683026714355240e-01 2.221433405487683449e-02
7.628503201487532026e-01 2.287029610025513235e-02
7.543247257574021702e-01 2.351722003300100658e-02
7.457916801435758858e-01 2.415624360925889419e-02
7.372512786352690695e-01 2.478851515811771739e-02
7.287036112561418033e-01 2.541518892758603751e-02
7.201524098357433568e-01 2.603696671304437174e-02
7.116024265512690405e-01 2.665351695102220059e-02
7.030537281852989873e-01 2.726455011621666674e-02
6.945063043023638194e-01 2.786978255422461331e-02
6.859601632309157981e-01 2.846892963738643575e-02
6.774152718887928026e-01 2.906170998692405444e-02
6.688716186002885422e-01 2.964784103193948347e-02
6.603291917004648903e-01 3.022704053124816367e-02
6.517880008201774045e-01 3.079902515665541851e-02
6.432480139449340273e-01 3.136351471905238913e-02
6.347092184295661799e-01 3.192022803397416564e-02
6.261716026321102468e-01 3.246888417795228826e-02
6.176351723890054490e-01 3.300920145797770627e-02
6.090999029973113155e-01 3.354090046661028363e-02
6.005657783105078362e-01 3.406370155244546616e-02
5.920327866736807554e-01 3.457732510410566062e-02
5.835009288812349482e-01 3.508149110754726213e-02
5.749701899216773660e-01 3.557592083843057890e-02
5.664405488990279514e-01 3.606033621463821531e-02
5.579119941047241404e-01 3.653445893016844109e-02
5.493845200450890864e-01 3.699801066864363136e-02
5.408581237610988746e-01 3.745071333561127147e-02
5.323327783623053033e-01 3.789229043003958936e-02
5.238084720411383399e-01 3.832246494290617034e-02
5.152851929580168910e-01 3.874096018741240988e-02
5.067629489936732456e-01 3.914749886989973837e-02
4.982417095719444688e-01 3.954180588164146054e-02
4.897214615543128979e-01 3.992360555708374809e-02
4.812021929392544251e-01 4.029262249256748002e-02
4.726839025073359402e-01 4.064858115845883940e-02
4.641665770066462082e-01 4.099120688316221922e-02
4.556501968080418630e-01 4.132022554516773249e-02
4.471354657814511357e-01 4.163530003264237500e-02
4.386233577849450449e-01 4.193589898530850762e-02
4.301139768920274609e-01 4.222146622382576958e-02
4.216073308326641067e-01 4.249145022567671348e-02
4.131034668483385963e-01 4.274529933889708450e-02
4.046024320847746436e-01 4.298246321236406237e-02
3.961042889484744922e-01 4.320239241192819907e-02
3.876090926557645422e-01 4.340453909104599606e-02
3.791168659714379552e-01 4.358835744027027281e-02
3.706276554664679201e-01 4.375330229716862390e-02
3.621415075183667120e-01 4.389882978850494916e-02
3.536584902457657331e-01 4.402439702829125112e-02
3.451786432360987589e-01 4.412946294350216653e-02
3.367019962374285247e-01 4.421348776738452668e-02
3.282285946322008319e-01 4.427593275253096511e-02
3.197584834987233782e-01 4.431626042034000901e-02
3.112917285450020888e-01 4.433393454023247526e-02
3.028283682781212627e-01 4.432842031632890090e-02
2.943684313244833151e-01 4.429918409820474134e-02
2.859119612974309055e-01 4.424569342545445899e-02
2.774590013837917590e-01 4.416741707245507714e-02
2.690096067380068345e-01 4.406382521069074354e-02
2.605638291813487384e-01 4.393438933364823828e-02
2.521216881145090793e-01 4.377858162681419474e-02
2.436832247465731127e-01 4.359587570999030881e-02
2.352484797280947337e-01 4.338574638486084045e-02
2.268174931239439474e-01 4.314766962174034631e-02
2.183903336152186181e-01 4.288112352001893085e-02
2.099670138564461996e-01 4.258558568587988979e-02
2.015475684921434474e-01 4.226053540292204480e-02
1.931320349526081670e-01 4.190545316368227136e-02
1.847204499429857538e-01 4.151982054668738875e-02
1.763329825231167713e-01 4.110310730707368576e-02
1.679961795997171881e-01 4.065025421520528093e-02
1.597104824043716342e-01 4.015365505721386202e-02
1.514762415213272706e-01 3.960596559106074194e-02
1.432937793352674349e-01 3.900009631020125156e-02
1.351633777299513228e-01 3.832920091151952730e-02
1.270852654204269738e-01 3.758666429316661478e-02
1.190595650925748983e-01 3.676608549177489554e-02
1.110803159633359377e-01 3.586087465178004058e-02
1.031404324395591571e-01 3.486584633616242324e-02
9.524119273073836101e-02 3.377726134308275951e-02
8.738400084156645875e-02 3.259148183497394269e-02
7.957018106603541696e-02 3.130494378298966096e-02
7.180097229384843627e-02 2.991415030448025397e-02
6.407752283410780847e-02 2.841566410808081880e-02
5.640100611515138501e-02 2.680612520594131964e-02
4.895991727388268600e-02 2.511628086949049821e-02
4.195445898224607617e-02 2.335059825653860999e-02
3.535663546439275079e-02 2.146733365319161702e-02
2.913337292809479312e-02 1.943434879909909652e-02
2.325904819380040719e-02 1.722874861140338137e-02
1.770113344570970956e-02 1.482889935384002281e-02
1.242847635239142760e-02 1.221397364221433850e-02
7.452323907104558415e-03 9.386591254732705100e-03
4.563640042203335329e-03 7.484069250480855119e-03
3.004160314590932808e-03 6.161443876775865407e-03
1.933406083297020900e-03 4.961470023234944293e-03
1.143632724547672622e-03 3.757349830286512826e-03
5.661650386920905314e-04 2.496271000259397532e-03
1.955307337032790064e-04 1.231905079843039234e-03
2.715401106606638926e-05 2.599165983603872899e-05
3.741591820102970183e-05 -9.492105424875542548e-04
1.838758392317298021e-04 -1.832080439957309986e-03
4.258335411658747808e-04 -2.567570974238228641e-03
7.385052384493683009e-04 -3.192964539831288570e-03
1.134159977375240672e-03 -3.758095900577206050e-03
1.683134775563089637e-03 -4.319792527912723334e-03
2.327200838223448739e-03 -4.801436911043454291e-03
3.442110063881958278e-03 -5.406666163934699225e-03
5.638134460903256907e-03 -6.253042274862678079e-03
1.106538910321785626e-02 -7.994495397572016007e-03
1.712300978710527832e-02 -9.625834990679621450e-03
2.341460750956208051e-02 -1.101666669545390068e-02
2.997105060886892658e-02 -1.218578460151903582e-02
3.683040985286619579e-02 -1.315493834027904596e-02
4.401672533524027958e-02 -1.394835006709418262e-02
5.157598946675991114e-02 -1.460051722318876991e-02
5.954662653451166243e-02 -1.515627827180783191e-02
6.776495182578168297e-02 -1.565365885791487888e-02
7.600354279898370591e-02 -1.609210727296830554e-02
8.425952777642267688e-02 -1.647388533730098983e-02
9.253298848025257040e-02 -1.680147032225272688e-02
1.008238771914144183e-01 -1.707736272208761757e-02
1.091322013230110743e-01 -1.730409531019163477e-02
1.174579583356223228e-01 -1.748423076085758865e-02
1.258011369245993216e-01 -1.762036248270295799e-02
1.341617181809696413e-01 -1.771511537936636127e-02
1.425396767194795078e-01 -1.777114654646331712e-02
1.509350550904814681e-01 -1.779114593903724506e-02
1.593478385462218927e-01 -1.777783601311950373e-02
1.677779038823568325e-01 -1.773397381079856727e-02
1.762252103012481030e-01 -1.766235129491540781e-02
1.846897155140985736e-01 -1.756579548105239794e-02
1.931713789884820787e-01 -1.744716890094754821e-02
2.016632255637023641e-01 -1.730909046561280445e-02
2.101577415123459802e-01 -1.715260526952601047e-02
2.186549113970158442e-01 -1.697822969530762144e-02
2.271547458239253359e-01 -1.678648086046419588e-02
2.356572660338251135e-01 -1.657787674622149959e-02
2.441624986546436227e-01 -1.635293624516977878e-02
2.526704268582020685e-01 -1.611218054924145118e-02
2.611810605768472571e-01 -1.585613137161391920e-02
2.696944096150027947e-01 -1.558531158486138948e-02
2.782105114919931066e-01 -1.530024427099372850e-02
2.867293596333908567e-01 -1.500145508212180102e-02
2.952509521803202142e-01 -1.468947076986891129e-02
3.037752985659811222e-01 -1.436481888935349158e-02
3.123024192802844046e-01 -1.402802772686387658e-02
3.208323420505068135e-01 -1.367962638878431406e-02
3.293650469498177746e-01 -1.332014711309977874e-02
3.379005432493967787e-01 -1.295012219078251099e-02
3.464388402090423646e-01 -1.257008510231625610e-02
3.549799876464029835e-01 -1.218056864933849542e-02
3.635239557749925243e-01 -1.178211041829416508e-02
3.720707526705790968e-01 -1.137524753564631702e-02
3.806203876479280490e-01 -1.096051827324273122e-02
3.891729038627164128e-01 -1.053846042371243789e-02
3.977282863165720328e-01 -1.010961582258579176e-02
4.062865353435769489e-01 -9.674526810392092974e-03
4.148476604504938159e-01 -9.233736491897737153e-03
4.234117027256000254e-01 -8.787787535091703614e-03
4.319786531649243422e-01 -8.337226412162154765e-03
4.405485089236905183e-01 -7.882600533474127744e-03
4.491212798037156895e-01 -7.424457879903234234e-03
4.576970094218780760e-01 -6.963345838091573696e-03
4.662756610711852323e-01 -6.499817344497807632e-03
4.748552745176683465e-01 -6.034418652196720835e-03
4.834338176404387455e-01 -5.567233014995564243e-03
4.920112658952517926e-01 -5.098113223419873351e-03
5.005876454024176248e-01 -4.626909407025633914e-03
5.091629754279016762e-01 -4.153472155633802787e-03
5.177372734487265538e-01 -3.677652245930076655e-03
5.263105454314260800e-01 -3.199301187772662751e-03
5.348828198039522475e-01 -2.718269331010607099e-03
5.434541147116912496e-01 -2.234407682742894224e-03
5.520244474681705871e-01 -1.747567385372125921e-03
5.605938240041425935e-01 -1.257600323239314649e-03
5.691622737420809486e-01 -7.643571306134034618e-04
5.777298142563657146e-01 -2.676892009405969436e-04
5.862964624001172353e-01 2.325519419235106550e-04
5.948622253040238839e-01 7.365141106215451977e-04
6.034272615064286693e-01 1.244354023205897740e-03
6.120022686453507887e-01 1.756249897938303448e-03
6.205815367192942800e-01 2.268823670014000118e-03
6.291400342835072879e-01 2.776865993727322974e-03
6.376775640424814373e-01 3.276700820872396544e-03
6.461943715776736763e-01 3.764733109241564721e-03
6.546906978953078715e-01 4.237421119939003937e-03
6.631665831364620400e-01 4.691265221449712752e-03
6.716224256711814666e-01 5.122837422560915822e-03
6.800585027231573765e-01 5.528753350551088991e-03
6.884750448477455764e-01 5.905675995916542798e-03
6.968722826532591785e-01 6.250317361684850498e-03
7.052503968610031038e-01 6.559435827599460062e-03
7.136095560621077416e-01 6.829837563780825904e-03
7.219501286583562827e-01 7.058381396574518740e-03
7.302723590175682622e-01 7.241966384411284777e-03
7.385769921507063795e-01 7.377542387865880860e-03
7.468944950368135993e-01 7.464105283122051369e-03
7.552540318729777935e-01 7.506913838157392924e-03
7.636562521851811836e-01 7.512503356160694923e-03
7.721018433151813909e-01 7.487604015633604788e-03
7.805907094422491754e-01 7.439156672048453933e-03
7.891231067323557502e-01 7.374320553185457691e-03
7.976993253502262515e-01 7.300479894229684567e-03
8.062851999827743699e-01 7.225544864501490770e-03
8.148599702598829930e-01 7.155606964074409833e-03
8.234545997461015787e-01 7.088173595959870558e-03
8.320316080348975074e-01 7.018978073095458875e-03
8.405816351449455492e-01 6.943577129844668260e-03
8.491050861300684094e-01 6.857533422208574383e-03
8.576025718343719406e-01 6.756488349838547618e-03
8.660745135620291357e-01 6.636163769635747972e-03
8.745213351680491964e-01 6.492358504433977384e-03
8.829497833914026206e-01 6.321173832885001662e-03
8.913667332360413198e-01 6.120227241244303833e-03
8.997719051579882166e-01 5.887677311998574560e-03
9.081649428541685998e-01 5.621699499178164916e-03
9.165454924923868152e-01 5.320484550897337621e-03
9.249132031796765130e-01 4.982238391058727012e-03
9.332676932963008820e-01 4.605183613130650090e-03
9.416085969329672789e-01 4.187557780097305934e-03
9.499356352415502247e-01 3.727608926415507118e-03
9.582484741421358754e-01 3.223602204034267237e-03
9.665467850746206624e-01 2.673817099587584047e-03
9.748302455488250251e-01 2.076547197890955126e-03
9.830985397033609186e-01 1.430099915258778269e-03
9.913513588713447344e-01 7.327961996353427303e-04
9.995884021508097961e-01 -1.702980542046470319e-05
