Airfoils2D_126
9.991531968116760254e-01 2.121504076058045030e-04
9.921034574508666992e-01 1.044077565893530846e-03
9.840142130851745605e-01 1.943376031704246998e-03
9.751625657081604004e-01 2.884882036596536636e-03
9.658257365226745605e-01 3.843430662527680397e-03
9.517785906791687012e-01 5.230447277426719666e-03
9.426001906394958496e-01 6.102245766669511795e-03
9.336626529693603516e-01 6.927703041583299637e-03
9.250949621200561523e-01 7.708121091127395630e-03
9.170246124267578125e-01 8.438527584075927734e-03
9.085585474967956543e-01 9.207938797771930695e-03
9.000614285469055176e-01 9.973372332751750946e-03
8.915423750877380371e-01 1.074761711061000824e-02
8.830057382583618164e-01 1.152197923511266708e-02
8.744519352912902832e-01 1.228947844356298447e-02
8.658945560455322266e-01 1.305021438747644424e-02
8.573311567306518555e-01 1.380494702607393265e-02
8.487674593925476074e-01 1.456842198967933655e-02
8.402120471000671387e-01 1.533673983067274094e-02
8.316615819931030273e-01 1.610405556857585907e-02
8.231278061866760254e-01 1.686732843518257141e-02
8.145919442176818848e-01 1.762836240231990814e-02
8.060447573661804199e-01 1.838126219809055328e-02
7.974784374237060547e-01 1.912057399749755859e-02
7.889120578765869141e-01 1.984353177249431610e-02
7.803335189819335938e-01 2.055666968226432800e-02
7.717483639717102051e-01 2.127188071608543396e-02
7.631699442863464355e-01 2.198417857289314270e-02
7.545938491821289062e-01 2.268604375422000885e-02
7.460282444953918457e-01 2.337780594825744629e-02
7.374646663665771484e-01 2.405835501849651337e-02
7.288997173309326172e-01 2.472313866019248962e-02
7.203358411788940430e-01 2.537159062922000885e-02
7.117887139320373535e-01 2.600458636879920959e-02
7.032288312911987305e-01 2.663247287273406982e-02
6.946725845336914062e-01 2.726242505013942719e-02
6.861221194267272949e-01 2.789632230997085571e-02
6.775690913200378418e-01 2.852674201130867004e-02
6.690137982368469238e-01 2.915699407458305359e-02
6.604723930358886719e-01 2.978394366800785065e-02
6.519417762756347656e-01 3.039707802236080170e-02
6.434340476989746094e-01 3.099171817302703857e-02
6.349387168884277344e-01 3.156794607639312744e-02
6.264344453811645508e-01 3.212844207882881165e-02
6.179274320602416992e-01 3.268003836274147034e-02
6.093882322311401367e-01 3.322547301650047302e-02
6.008290648460388184e-01 3.375979140400886536e-02
5.922424197196960449e-01 3.429104760289192200e-02
5.836685895919799805e-01 3.481754660606384277e-02
5.751101970672607422e-01 3.533226624131202698e-02
5.665699243545532227e-01 3.582386672496795654e-02
5.580394864082336426e-01 3.629748150706291199e-02
5.495156645774841309e-01 3.675291687250137329e-02
5.409867763519287109e-01 3.719398751854896545e-02
5.324246287345886230e-01 3.761247918009757996e-02
5.238463878631591797e-01 3.800765052437782288e-02
5.152434706687927246e-01 3.838069736957550049e-02
5.066548585891723633e-01 3.873359784483909607e-02
4.980769455432891846e-01 3.905745223164558411e-02
4.895052909851074219e-01 3.934896737337112427e-02
4.809462428092956543e-01 3.962491452693939209e-02
4.723991453647613525e-01 3.988673537969589233e-02
4.638629853725433350e-01 4.013668000698089600e-02
4.553191959857940674e-01 4.036717861890792847e-02
4.467616379261016846e-01 4.058575257658958435e-02
4.382014572620391846e-01 4.078743234276771545e-02
4.296478331089019775e-01 4.097574949264526367e-02
4.211007058620452881e-01 4.113528132438659668e-02
4.125731289386749268e-01 4.127449542284011841e-02
4.040537774562835693e-01 4.140000790357589722e-02
3.955540060997009277e-01 4.150744900107383728e-02
3.870763480663299561e-01 4.159106314182281494e-02
3.786037862300872803e-01 4.164873808622360229e-02
3.701140582561492920e-01 4.169024527072906494e-02
3.616205453872680664e-01 4.171120002865791321e-02
3.531095683574676514e-01 4.171910509467124939e-02
3.445889055728912354e-01 4.170330986380577087e-02
3.360685408115386963e-01 4.167333245277404785e-02
3.275296986103057861e-01 4.163317754864692688e-02
3.189975917339324951e-01 4.157964140176773071e-02
3.104760944843292236e-01 4.150770977139472961e-02
3.019821047782897949e-01 4.141493141651153564e-02
2.934989333152770996e-01 4.130271077156066895e-02
2.850386500358581543e-01 4.116683825850486755e-02
2.765986919403076172e-01 4.100870713591575623e-02
2.681788504123687744e-01 4.082107171416282654e-02
2.597813010215759277e-01 4.060337319970130920e-02
2.513959407806396484e-01 4.036552086472511292e-02
2.430215775966644287e-01 4.010588675737380981e-02
2.346766293048858643e-01 3.981854021549224854e-02
2.263864278793334961e-01 3.950066119432449341e-02
2.181320637464523315e-01 3.914807364344596863e-02
2.099339216947555542e-01 3.875976055860519409e-02
2.017899602651596069e-01 3.833175078034400940e-02
1.936838924884796143e-01 3.786221519112586975e-02
1.856120824813842773e-01 3.735045343637466431e-02
1.775540113449096680e-01 3.680967539548873901e-02
1.694906949996948242e-01 3.624453395605087280e-02
1.614532172679901123e-01 3.564556315541267395e-02
1.534439772367477417e-01 3.502454608678817749e-02
1.454773396253585815e-01 3.436611592769622803e-02
1.375897824764251709e-01 3.367373719811439514e-02
1.297739297151565552e-01 3.294010460376739502e-02
1.220393478870391846e-01 3.215569257736206055e-02
1.143887042999267578e-01 3.132010623812675476e-02
1.068123430013656616e-01 3.042721189558506012e-02
9.930853545665740967e-02 2.948143519461154938e-02
9.189960360527038574e-02 2.847260236740112305e-02
8.459093421697616577e-02 2.741560153663158417e-02
7.741969078779220581e-02 2.629971317946910858e-02
7.041088491678237915e-02 2.513500675559043884e-02
6.357749551534652710e-02 2.391854859888553619e-02
5.697698518633842468e-02 2.265369147062301636e-02
5.063426494598388672e-02 2.134434320032596588e-02
4.457392171025276184e-02 1.998724043369293213e-02
3.881060704588890076e-02 1.858790405094623566e-02
3.336437419056892395e-02 1.713957451283931732e-02
2.824079431593418121e-02 1.564150303602218628e-02
2.345476858317852020e-02 1.408615801483392715e-02
1.899335533380508423e-02 1.246962137520313263e-02
1.488065533339977264e-02 1.080653816461563110e-02
1.119778864085674286e-02 9.129221551120281219e-03
7.997686974704265594e-03 7.467214483767747879e-03
5.327188409864902496e-03 5.864599719643592834e-03
3.208328736945986748e-03 4.355101846158504486e-03
1.654956722632050514e-03 2.964244922623038292e-03
6.419218261726200581e-04 1.696527353487908840e-03
1.229971676366403699e-04 5.478874663822352886e-04
-1.229720783157972619e-05 -5.041713011451065540e-04
1.965864212252199650e-04 -1.480280770920217037e-03
7.465882226824760437e-04 -2.409772947430610657e-03
1.632341532967984676e-03 -3.328891238197684288e-03
2.872576937079429626e-03 -4.258573055267333984e-03
4.506390076130628586e-03 -5.216908175498247147e-03
6.611593533307313919e-03 -6.207609083503484726e-03
9.252290241420269012e-03 -7.226356305181980133e-03
1.248480472713708878e-02 -8.250040002167224884e-03
1.631112210452556610e-02 -9.263993240892887115e-03
2.076763100922107697e-02 -1.025093719363212585e-02
2.585123293101787567e-02 -1.120073813945055008e-02
3.152278065681457520e-02 -1.211347896605730057e-02
3.771837055683135986e-02 -1.298470515757799149e-02
4.435392096638679504e-02 -1.381495036184787750e-02
5.135494470596313477e-02 -1.460197474807500839e-02
5.863112956285476685e-02 -1.533602736890316010e-02
6.612396240234375000e-02 -1.601096987724304199e-02
7.375717163085937500e-02 -1.662554033100605011e-02
8.151278644800186157e-02 -1.718121021986007690e-02
8.937196433544158936e-02 -1.768005266785621643e-02
9.731426835060119629e-02 -1.812829263508319855e-02
1.053260192275047302e-01 -1.852471008896827698e-02
1.133861467242240906e-01 -1.887610182166099548e-02
1.214919835329055786e-01 -1.918283291161060333e-02
1.296390295028686523e-01 -1.943798735737800598e-02
1.378404796123504639e-01 -1.964761875569820404e-02
1.460811644792556763e-01 -1.981144025921821594e-02
1.543883234262466431e-01 -1.994026266038417816e-02
1.627698838710784912e-01 -2.003716677427291870e-02
1.712021380662918091e-01 -2.010546438395977020e-02
1.796808838844299316e-01 -2.014416456222534180e-02
1.881828010082244873e-01 -2.016322501003742218e-02
1.967101544141769409e-01 -2.016413025557994843e-02
2.052493095397949219e-01 -2.013873308897018433e-02
2.138034254312515259e-01 -2.008959464728832245e-02
2.223527580499649048e-01 -2.001253142952919006e-02
2.309112697839736938e-01 -1.991016417741775513e-02
2.394830286502838135e-01 -1.978426799178123474e-02
2.480487674474716187e-01 -1.962928846478462219e-02
2.566281855106353760e-01 -1.944580487906932831e-02
2.652219235897064209e-01 -1.925028488039970398e-02
2.738333940505981445e-01 -1.904328353703022003e-02
2.824536263942718506e-01 -1.881541684269905090e-02
2.910899817943572998e-01 -1.856721006333827972e-02
2.997237741947174072e-01 -1.829941757023334503e-02
3.083620667457580566e-01 -1.801291666924953461e-02
3.170016407966613770e-01 -1.771181635558605194e-02
3.256377875804901123e-01 -1.739046536386013031e-02
3.342841267585754395e-01 -1.705281436443328857e-02
3.429446220397949219e-01 -1.671667583286762238e-02
3.516049683094024658e-01 -1.637753285467624664e-02
3.602620363235473633e-01 -1.602463796734809875e-02
3.689225018024444580e-01 -1.566036045551300049e-02
3.775845468044281006e-01 -1.529063656926155090e-02
3.862496614456176758e-01 -1.491459831595420837e-02
3.949127495288848877e-01 -1.452749967575073242e-02
4.035810530185699463e-01 -1.412829570472240448e-02
4.122616052627563477e-01 -1.371934451162815094e-02
4.209600985050201416e-01 -1.330990530550479889e-02
4.296720921993255615e-01 -1.289636176079511642e-02
4.383890926837921143e-01 -1.247056201100349426e-02
4.471171498298645020e-01 -1.204000879079103470e-02
4.558553099632263184e-01 -1.161045581102371216e-02
4.645834565162658691e-01 -1.117623783648014069e-02
4.732972085475921631e-01 -1.073313318192958832e-02
4.819998741149902344e-01 -1.028444245457649231e-02
4.906942248344421387e-01 -9.834250435233116150e-03
4.993821680545806885e-01 -9.383886121213436127e-03
5.080730319023132324e-01 -8.935389108955860138e-03
5.167592763900756836e-01 -8.486970327794551849e-03
5.254490375518798828e-01 -8.043367415666580200e-03
5.341602563858032227e-01 -7.612063549458980560e-03
5.428741574287414551e-01 -7.190198637545108795e-03
5.516007542610168457e-01 -6.777976173907518387e-03
5.603390336036682129e-01 -6.371663883328437805e-03
5.690897703170776367e-01 -5.971649195998907089e-03
5.778390765190124512e-01 -5.574638023972511292e-03
5.865891575813293457e-01 -5.182108841836452484e-03
5.953236222267150879e-01 -4.794892854988574982e-03
6.040351390838623047e-01 -4.411796107888221741e-03
6.127362251281738281e-01 -4.049479961395263672e-03
6.214017271995544434e-01 -3.704595379531383514e-03
6.300470829010009766e-01 -3.377143992111086845e-03
6.386709213256835938e-01 -3.063185606151819229e-03
6.472797989845275879e-01 -2.760298550128936768e-03
6.558708548545837402e-01 -2.464340301230549812e-03
6.644652485847473145e-01 -2.174427499994635582e-03
6.730659604072570801e-01 -1.888075377792119980e-03
6.816784739494323730e-01 -1.601323136128485203e-03
6.903046965599060059e-01 -1.324254670180380344e-03
6.989412903785705566e-01 -1.049551065079867840e-03
7.075909376144409180e-01 -7.889054832048714161e-04
7.162298560142517090e-01 -5.426759016700088978e-04
7.248601913452148438e-01 -3.164177760481834412e-04
7.334828376770019531e-01 -1.151443429989740252e-04
7.421100735664367676e-01 6.253313767956569791e-05
7.507418990135192871e-01 2.212312974734231830e-04
7.593811750411987305e-01 3.679553628899157047e-04
7.680190801620483398e-01 5.011035827919840813e-04
7.766575217247009277e-01 6.259442889131605625e-04
7.852929234504699707e-01 7.313915411941707134e-04
7.939027547836303711e-01 8.321820641867816448e-04
8.025301694869995117e-01 9.305002167820930481e-04
8.111793994903564453e-01 1.028467435389757156e-03
8.198680281639099121e-01 1.139087369665503502e-03
8.285828828811645508e-01 1.262778416275978088e-03
8.373183012008666992e-01 1.392183476127684116e-03
8.460415005683898926e-01 1.507250708527863026e-03
8.547410368919372559e-01 1.597009133547544479e-03
8.634095191955566406e-01 1.633307198062539101e-03
8.720168471336364746e-01 1.633481355383992195e-03
8.806167840957641602e-01 1.603646203875541687e-03
8.891845941543579102e-01 1.548924483358860016e-03
8.977470993995666504e-01 1.483371132053434849e-03
9.062886238098144531e-01 1.416133134625852108e-03
9.148337244987487793e-01 1.345131197012960911e-03
9.233677983283996582e-01 1.269643427804112434e-03
9.323101043701171875e-01 1.176849589683115482e-03
9.407502412796020508e-01 1.070528058335185051e-03
9.488173127174377441e-01 9.614155860617756844e-04
9.566586613655090332e-01 8.440381498076021671e-04
9.643591046333312988e-01 7.108006975613534451e-04
9.680592417716979980e-01 6.392922950908541679e-04
9.755235314369201660e-01 4.789019294548779726e-04
9.832443594932556152e-01 2.903520944528281689e-04
9.914270639419555664e-01 6.764876889064908028e-05
1.000277042388916016e+00 -1.952020538737997413e-04
