Airfoils1D_045F
1.000000883085743864e+00 1.767663303619349056e-04
9.918742473525108405e-01 1.440332118396203329e-03
9.837207338035838244e-01 2.643420981175141193e-03
9.755404906309379509e-01 3.789056329829591004e-03
9.673336885493344361e-01 4.880301342952361905e-03
9.591005190265597946e-01 5.920261015930181232e-03
9.508411925076288851e-01 6.912084046729469015e-03
9.425559366510910531e-01 7.858964572671593707e-03
9.342449945944655276e-01 8.764143773641666635e-03
9.259086109640266571e-01 9.630912608155524357e-03
9.175468786047098479e-01 1.046262769764633518e-02
9.091602516838342973e-01 1.126266139745929311e-02
9.007490189264064639e-01 1.203445711498944345e-02
8.923134767827612945e-01 1.278151192324897267e-02
8.838539281690768190e-01 1.350737770408886110e-02
8.753704910380949444e-01 1.421567796570938173e-02
8.668636877266711060e-01 1.491005966763440244e-02
8.583429954512858950e-01 1.559298973573101932e-02
8.498179349421606243e-01 1.626483295315902383e-02
8.412886664915668611e-01 1.692616347314629052e-02
8.327552170729141112e-01 1.757756761050173130e-02
8.242176528854092687e-01 1.821963014743476633e-02
8.156760120870828468e-01 1.885293949975998251e-02
8.071303206880584558e-01 1.947808641209516911e-02
7.985805939640283624e-01 2.009566380674396996e-02
7.900269057051109156e-01 2.070626183728681291e-02
7.814692946934774787e-01 2.131047469557855595e-02
7.729077876632516331e-01 2.190889887602225430e-02
7.643423987281652288e-01 2.250213318289039782e-02
7.557732037774060885e-01 2.309077361844536630e-02
7.472002420840688774e-01 2.367542023495478043e-02
7.386235355751628040e-01 2.425667573922791684e-02
7.300432498694794381e-01 2.483513451500751409e-02
7.214681333354361348e-01 2.541026548362661230e-02
7.129049844780480649e-01 2.597986252042439742e-02
7.043536958803247039e-01 2.654182768945912221e-02
6.958140824758608511e-01 2.709408647815429727e-02
6.872858500816367844e-01 2.763458925533827243e-02
6.787687995391608053e-01 2.816129775645802302e-02
6.702627542514656422e-01 2.867218984106523205e-02
6.617672986998504037e-01 2.916527485787155649e-02
6.532652364117713661e-01 2.964059048934379603e-02
6.447437259591100034e-01 3.010127833325194208e-02
6.362028997210649184e-01 3.055043278392099299e-02
6.276427055919929776e-01 3.099119846918451174e-02
6.190633840248509490e-01 3.142674627806042731e-02
6.104656529005286769e-01 3.186026562436271303e-02
6.018711233078846146e-01 3.229393105739981895e-02
5.932955139934388278e-01 3.273020765079753119e-02
5.847235577159459741e-01 3.317206537760217233e-02
5.761448910261732781e-01 3.361930156158514371e-02
5.675593976356250181e-01 3.407067552116122000e-02
5.589668603658820567e-01 3.452494556597567044e-02
5.503673582572392586e-01 3.498084793019286265e-02
5.417680169829726111e-01 3.543673915519300610e-02
5.331759336615102818e-01 3.589097731787684736e-02
5.245911569546116704e-01 3.634230028788627137e-02
5.160134837861547474e-01 3.678946565819183473e-02
5.074427983075499027e-01 3.723123275915821151e-02
4.988790112215887307e-01 3.766636589986457201e-02
4.903220529174520115e-01 3.809363479222459270e-02
4.817717345729212175e-01 3.851182137033476449e-02
4.732279411668742775e-01 3.891970998193933912e-02
4.646905681862882331e-01 3.931609064359652128e-02
4.561594676194659082e-01 3.969976195052615092e-02
4.476318948234349060e-01 4.006982634736067778e-02
4.391063519555701289e-01 4.042579185873096392e-02
4.305828897859858562e-01 4.076716941301063157e-02
4.220615858198710768e-01 4.109346994587727980e-02
4.135424734512682110e-01 4.140420716492353159e-02
4.050255935975861643e-01 4.169889540759224439e-02
3.965109967924848045e-01 4.197704963824144125e-02
3.879987415503050596e-01 4.223818558777644311e-02
3.794888974328008424e-01 4.248181975159579654e-02
3.709814871354492061e-01 4.270747098587427543e-02
3.624765607270383216e-01 4.291465827790223037e-02
3.539741681222959846e-01 4.310290161624814875e-02
3.454743791362223093e-01 4.327172161366416026e-02
3.369772374515931923e-01 4.342064049424260858e-02
3.284827780079931370e-01 4.354918154623425158e-02
3.199910499367805139e-01 4.365686874769984793e-02
3.115021021317772587e-01 4.374322706637639308e-02
3.030160094785367408e-01 4.380778229088486825e-02
2.945328009526991808e-01 4.385006163765677034e-02
2.860525175281189991e-01 4.386959308897245974e-02
2.775752069616878592e-01 4.386590553779119023e-02
2.691009166809253950e-01 4.383852884581207476e-02
2.606297203372866522e-01 4.378699403796693784e-02
2.521616433745117458e-01 4.371083290782655506e-02
2.436967265377250058e-01 4.360957816481908500e-02
2.352350157327612323e-01 4.348276348712525746e-02
2.267765564370933795e-01 4.332992348787875758e-02
2.183214147553884377e-01 4.315059418709897565e-02
2.098696236698542883e-01 4.294431194411178765e-02
2.014212174412924883e-01 4.271061393244001553e-02
1.929762396156435300e-01 4.244903841408327605e-02
1.845360654874067807e-01 4.215916276714767180e-02
1.761395870683941101e-01 4.183925349552165135e-02
1.678081023945966199e-01 4.148086464567564413e-02
1.595409067522911839e-01 4.107428421061758150e-02
1.513376997868256246e-01 4.061024533867500091e-02
1.431981450294253777e-01 4.007988695640993249e-02
1.351218488405736828e-01 3.947472931637128341e-02
1.271083390840127281e-01 3.878664871170296041e-02
1.191559938819761189e-01 3.800774576769038599e-02
1.112404393851350454e-01 3.712948550292811262e-02
1.033488443542840696e-01 3.614819435190594343e-02
9.548365092924387953e-02 3.506234162930728371e-02
8.764725850359463000e-02 3.387042558044214835e-02
7.984202131425595372e-02 3.257097214868980017e-02
7.207032219836535802e-02 3.116254784090042446e-02
6.433435430930586896e-02 2.964371970084285143e-02
5.664621890506989915e-02 2.801519475691991584e-02
4.927193812089463582e-02 2.631896814496645018e-02
4.232343221311446468e-02 2.453732108234179046e-02
3.577539716211395465e-02 2.263220671086044536e-02
2.958637080607399994e-02 2.057072333490030103e-02
2.372781102583049889e-02 1.832919614305783887e-02
1.816921161435955737e-02 1.588610511704577344e-02
1.287891491209909242e-02 1.321924527824134762e-02
8.082199614980464103e-03 1.045965613101716360e-02
5.210657508998716055e-03 8.500102635058785772e-03
3.479462216187881839e-03 6.988151727455305801e-03
2.234429539125134742e-03 5.573638562658774290e-03
1.305255209455756082e-03 4.163390068296460821e-03
6.843802744665029685e-04 2.860925402172362960e-03
3.258665318562216752e-04 1.727497808965676711e-03
1.644405989412018286e-04 7.250856532488921414e-04
1.630369464735159917e-04 -1.593053080827780052e-04
2.936165828160692388e-04 -9.607881896498153464e-04
5.417420658369684772e-04 -1.720099443215625983e-03
8.870363574014121857e-04 -2.407807445394642698e-03
1.324917445990485320e-03 -3.027373618735942126e-03
1.931024260125552110e-03 -3.646074185403364119e-03
2.663418590259805738e-03 -4.197269893204552856e-03
3.887633517145039613e-03 -4.869014499299028839e-03
6.258770740209306481e-03 -5.791208609789173095e-03
1.185759467534641502e-02 -7.574897212612675436e-03
1.791340314567018213e-02 -9.180970936562591472e-03
2.419284277865841465e-02 -1.053713263283504245e-02
3.073466168456813474e-02 -1.166409583434014317e-02
3.757317269954307121e-02 -1.258313963330509426e-02
4.474560069076492785e-02 -1.332055408536906259e-02
5.229642610674618136e-02 -1.391111008129412505e-02
6.027923825446212386e-02 -1.440225139960689925e-02
6.850367910125657045e-02 -1.483271942986595128e-02
7.674735175287490663e-02 -1.520302908374538201e-02
8.500913444630096849e-02 -1.551556162097040420e-02
9.328897276104942959e-02 -1.577278685251738005e-02
1.015867997865094463e-01 -1.597720344108746054e-02
1.099025374187142801e-01 -1.613133981860547309e-02
1.182360976413883297e-01 -1.623775501243179820e-02
1.265873837838951410e-01 -1.629903938978791850e-02
1.349562917494051828e-01 -1.631781533010825957e-02
1.433428118397273299e-01 -1.629673735432160195e-02
1.517467889937162973e-01 -1.623849271980111475e-02
1.601680515160363860e-01 -1.614580336835698057e-02
1.686064771537637008e-01 -1.602142542658918298e-02
1.770619417638540083e-01 -1.586814967367809054e-02
1.855343266099277466e-01 -1.568880184120522575e-02
1.940236267746096310e-01 -1.548624026896597110e-02
2.025225000786341489e-01 -1.526313928699178993e-02
2.110244665303065703e-01 -1.502066214261237216e-02
2.195295222443069127e-01 -1.475945911575755366e-02
2.280377167936156746e-01 -1.448018079270495424e-02
2.365491002963260314e-01 -1.418347940905059432e-02
2.450636738329406428e-01 -1.387001073832817670e-02
2.535814704047740231e-01 -1.354043135794201838e-02
2.621025228481404512e-01 -1.319539967854546983e-02
2.706269058799725125e-01 -1.283557414359310332e-02
2.791546188958027863e-01 -1.246161813447427616e-02
2.876856860212613221e-01 -1.207419596541599305e-02
2.962201396631100048e-01 -1.167397346943891898e-02
3.047580386174454925e-01 -1.126161705582686377e-02
3.132994150180781756e-01 -1.083779621414028387e-02
3.218442753982803106e-01 -1.040318364811651519e-02
3.303926520701289671e-01 -9.958452724710893308e-03
3.389445951910363686e-01 -9.504277751377378930e-03
3.475001560194101446e-01 -9.041334810999094099e-03
3.560593307453770451e-01 -8.570304893617574846e-03
3.646221518584203958e-01 -8.091868997938889835e-03
3.731886681821904861e-01 -7.606709115807553344e-03
3.817589362582726187e-01 -7.115508683132288140e-03
3.903329491939188101e-01 -6.618956718181228521e-03
3.989107398620054812e-01 -6.117741944948342989e-03
4.074923630656740459e-01 -5.612553742162461855e-03
4.160778665802242759e-01 -5.104083834755314061e-03
4.246672476860837708e-01 -4.593028917467874978e-03
4.332605397763075183e-01 -4.080085536146454278e-03
4.418578109566690948e-01 -3.565950136158550603e-03
4.504573015543422709e-01 -3.051430483031582555e-03
4.590532907498920956e-01 -2.537572258369915398e-03
4.676452290101426046e-01 -2.025110288256940991e-03
4.762352708248038802e-01 -1.514488226537101610e-03
4.848254678631256365e-01 -1.005674350299681861e-03
4.934158458753012955e-01 -4.986448451847335251e-04
5.020064264812861277e-01 6.623859063098801799e-06
5.105972329704373536e-01 5.101554322376149328e-04
5.191882850830292773e-01 1.011973337709634775e-03
5.277796043653567581e-01 1.512101147187903429e-03
5.363712128352832176e-01 2.010562461627730425e-03
5.449631329802494539e-01 2.507380910668067023e-03
5.535553849299897911e-01 3.002579989525486302e-03
5.621479902260634320e-01 3.496183277415348435e-03
5.707409712939820468e-01 3.988214406041878414e-03
5.793343497991488844e-01 4.478696965111343166e-03
5.879281462711997142e-01 4.967654481699275253e-03
5.965223822469776227e-01 5.455110542617999138e-03
6.051169787094154984e-01 5.941083057485498781e-03
6.137001761877431960e-01 6.424239432312444514e-03
6.222611248794887029e-01 6.900675469400797957e-03
6.307999779614292812e-01 7.366532940516538203e-03
6.393167569932534100e-01 7.818007974047412253e-03
6.478117744324869420e-01 8.251372695939467386e-03
6.562853246632234239e-01 8.662956470188110103e-03
6.647376047389332854e-01 9.049141096914460961e-03
6.731688099491864863e-01 9.406364918082225218e-03
6.815789966733978300e-01 9.731116776300991963e-03
6.899684401833848790e-01 1.001994954612280518e-02
6.983374120617711345e-01 1.026946831628730919e-02
7.066861150193985974e-01 1.047632767339580495e-02
7.150147578267126436e-01 1.063723354269514865e-02
7.233235571598479741e-01 1.074894197811396279e-02
7.316127395169149672e-01 1.080825785094759357e-02
7.398828429326793632e-01 1.081203259109216573e-02
7.481740764248399067e-01 1.075916628877223759e-02
7.565226801249373967e-01 1.065638658377509457e-02
7.649294580916214947e-01 1.051259335799640919e-02
7.733952315460559390e-01 1.033706974023296775e-02
7.819208529033161437e-01 1.013950113180332388e-02
7.905072355511484350e-01 9.929994894455356283e-03
7.990918891495775167e-01 9.720623174275988890e-03
8.076154007406691759e-01 9.523379153327739613e-03
8.161258503605252068e-01 9.344662820925098839e-03
8.246708651960232839e-01 9.180039668568878292e-03
8.332522041733086970e-01 9.023326603523923461e-03
8.418535966802818127e-01 8.868509107955590762e-03
8.504231136263895596e-01 8.710139948185188774e-03
8.589559757598126399e-01 8.542043141980008511e-03
8.674525032068215458e-01 8.358111851123402325e-03
8.759138961556950376e-01 8.152374939627740624e-03
8.843468935225817784e-01 7.919197524350902323e-03
8.927576451364197530e-01 7.654458889129769211e-03
9.011457552444278596e-01 7.354628247993692629e-03
9.095106372018140206e-01 7.016237866667279430e-03
9.178518271831621611e-01 6.635871864765562761e-03
9.261689391663732174e-01 6.210164833982953665e-03
9.344615076886760852e-01 5.735808178954937900e-03
9.427290799471268468e-01 5.209545597796389101e-03
9.509712180627997169e-01 4.628171878787678412e-03
9.591875013995755372e-01 3.988531570715424593e-03
9.673775289222077411e-01 3.287517503491862569e-03
9.755409215765744602e-01 2.522069136270494935e-03
9.836773246732236631e-01 1.689170711187893987e-03
9.917864102534406090e-01 7.858491921258876044e-04
9.998678794152406901e-01 -1.908280304683235393e-04
