Airfoils1D_222
9.990080595016479492e-01 5.187875358387827873e-04
9.911148548126220703e-01 1.810642192140221596e-03
9.824528098106384277e-01 3.087445395067334175e-03
9.732472896575927734e-01 4.338088445365428925e-03
9.637239575386047363e-01 5.551462993025779724e-03
9.495822787284851074e-01 7.251028437167406082e-03
9.403757452964782715e-01 8.318434469401836395e-03
9.314081072807312012e-01 9.334992617368698120e-03
9.228130578994750977e-01 1.028639450669288635e-02
9.147003889083862305e-01 1.114279683679342270e-02
9.061784148216247559e-01 1.202556025236845016e-02
8.976585865020751953e-01 1.289809308946132660e-02
8.891692757606506348e-01 1.375495083630084991e-02
8.806992769241333008e-01 1.460441853851079941e-02
8.722538352012634277e-01 1.546475663781166077e-02
8.638070821762084961e-01 1.632937602698802948e-02
8.553575277328491211e-01 1.718259043991565704e-02
8.468992114067077637e-01 1.802718825638294220e-02
8.384115099906921387e-01 1.884519867599010468e-02
8.299150466918945312e-01 1.965817436575889587e-02
8.214314579963684082e-01 2.046757936477661133e-02
8.129789829254150391e-01 2.128005772829055786e-02
8.045391440391540527e-01 2.210015803575515747e-02
7.961047291755676270e-01 2.291563153266906738e-02
7.876468300819396973e-01 2.370609343051910400e-02
7.791551947593688965e-01 2.444942668080329895e-02
7.706182003021240234e-01 2.515628375113010406e-02
7.620442509651184082e-01 2.581272274255752563e-02
7.534488439559936523e-01 2.644649147987365723e-02
7.448672652244567871e-01 2.708320505917072296e-02
7.363270521163940430e-01 2.772525697946548462e-02
7.278499603271484375e-01 2.837528660893440247e-02
7.194177508354187012e-01 2.901699580252170563e-02
7.110056877136230469e-01 2.965478599071502686e-02
7.025821805000305176e-01 3.027035668492317200e-02
6.941422224044799805e-01 3.087626397609710693e-02
6.856600046157836914e-01 3.146909177303314209e-02
6.771519780158996582e-01 3.208388760685920715e-02
6.686388254165649414e-01 3.272200748324394226e-02
6.601396799087524414e-01 3.335640206933021545e-02
6.516731977462768555e-01 3.398447856307029724e-02
6.432063579559326172e-01 3.457640111446380615e-02
6.347179412841796875e-01 3.514279425144195557e-02
6.262053847312927246e-01 3.566397726535797119e-02
6.176844835281372070e-01 3.617227077484130859e-02
6.091259717941284180e-01 3.668435662984848022e-02
6.005722880363464355e-01 3.723063319921493530e-02
5.920187830924987793e-01 3.778734803199768066e-02
5.834673047065734863e-01 3.834172710776329041e-02
5.749157071113586426e-01 3.890216723084449768e-02
5.663602352142333984e-01 3.944912925362586975e-02
5.577921271324157715e-01 3.999038040637969971e-02
5.492351651191711426e-01 4.051943123340606689e-02
5.406911373138427734e-01 4.105575755238533020e-02
5.321484804153442383e-01 4.159886017441749573e-02
5.236247181892395020e-01 4.215360432863235474e-02
5.151007771492004395e-01 4.269295185804367065e-02
5.065650343894958496e-01 4.322329163551330566e-02
4.980155527591705322e-01 4.374629259109497070e-02
4.894716441631317139e-01 4.425635933876037598e-02
4.809180498123168945e-01 4.475147649645805359e-02
4.723749458789825439e-01 4.521457850933074951e-02
4.638397395610809326e-01 4.564272612333297729e-02
4.553095102310180664e-01 4.603212699294090271e-02
4.467899799346923828e-01 4.639049991965293884e-02
4.382821321487426758e-01 4.671794548630714417e-02
4.297687113285064697e-01 4.703408479690551758e-02
4.212543964385986328e-01 4.734608903527259827e-02
4.127526581287384033e-01 4.767916351556777954e-02
4.042558372020721436e-01 4.802620783448219299e-02
3.957718908786773682e-01 4.836463928222656250e-02
3.872892856597900391e-01 4.869588464498519897e-02
3.788013756275177002e-01 4.901461675763130188e-02
3.703249394893646240e-01 4.931606352329254150e-02
3.618681728839874268e-01 4.960146918892860413e-02
3.534095585346221924e-01 4.985630512237548828e-02
3.449662327766418457e-01 5.007809400558471680e-02
3.365378677845001221e-01 5.029003694653511047e-02
3.281099498271942139e-01 5.047167092561721802e-02
3.196634352207183838e-01 5.061011761426925659e-02
3.111898005008697510e-01 5.072237178683280945e-02
3.026975095272064209e-01 5.081098526716232300e-02
2.941995263099670410e-01 5.088095366954803467e-02
2.857160270214080811e-01 5.094165727496147156e-02
2.772428393363952637e-01 5.097452178597450256e-02
2.688045501708984375e-01 5.097499489784240723e-02
2.603860497474670410e-01 5.095323175191879272e-02
2.519643306732177734e-01 5.089052021503448486e-02
2.435277402400970459e-01 5.078162625432014465e-02
2.350885570049285889e-01 5.064825341105461121e-02
2.266533672809600830e-01 5.048492178320884705e-02
2.182244956493377686e-01 5.030169710516929626e-02
2.098197489976882935e-01 5.010094493627548218e-02
2.014453113079071045e-01 4.987030848860740662e-02
1.931172162294387817e-01 4.958872869610786438e-02
1.848213672637939453e-01 4.925419762730598450e-02
1.765575408935546875e-01 4.885422810912132263e-02
1.683295369148254395e-01 4.838901013135910034e-02
1.601459681987762451e-01 4.787354916334152222e-02
1.520052254199981689e-01 4.729610309004783630e-02
1.439067572355270386e-01 4.665618762373924255e-02
1.358474791049957275e-01 4.594510048627853394e-02
1.278278976678848267e-01 4.515124857425689697e-02
1.198487058281898499e-01 4.426211863756179810e-02
1.119052842259407043e-01 4.328490793704986572e-02
1.040227487683296204e-01 4.222432523965835571e-02
9.620564430952072144e-02 4.108554869890213013e-02
8.847188204526901245e-02 3.986724838614463806e-02
8.083508908748626709e-02 3.856312111020088196e-02
7.331284880638122559e-02 3.715177997946739197e-02
6.590051203966140747e-02 3.561932966113090515e-02
5.861026048660278320e-02 3.393397107720375061e-02
5.148007720708847046e-02 3.209593147039413452e-02
4.454078152775764465e-02 3.008266165852546692e-02
3.786877542734146118e-02 2.788905054330825806e-02
3.151791915297508240e-02 2.550460398197174072e-02
2.558114565908908844e-02 2.295045740902423859e-02
2.014128491282463074e-02 2.027402445673942566e-02
1.527816429734230042e-02 1.752894185483455658e-02
1.105828490108251572e-02 1.479208562523126602e-02
7.537794299423694611e-03 1.213405467569828033e-02
4.762791097164154053e-03 9.670239873230457306e-03
2.702904865145683289e-03 7.447966374456882477e-03
1.320510869845747948e-03 5.516045726835727692e-03
4.837497544940561056e-04 3.879262832924723625e-03
5.999198765493929386e-05 2.515332540497183800e-03
-9.191771823680028319e-05 1.366100623272359371e-03
-9.870652866084128618e-05 3.851863730233162642e-04
-4.600859756465069950e-05 -4.830840334761887789e-04
2.205552118539344519e-05 -1.271181507036089897e-03
1.386030780849978328e-04 -1.994495978578925133e-03
3.826759639196097851e-04 -2.684643724933266640e-03
9.013800881803035736e-04 -3.352938452735543251e-03
1.831157831475138664e-03 -4.035519436001777649e-03
3.362615592777729034e-03 -4.800745751708745956e-03
5.693346727639436722e-03 -5.674832500517368317e-03
8.972140029072761536e-03 -6.641611456871032715e-03
1.325628906488418579e-02 -7.679556962102651596e-03
1.853252388536930084e-02 -8.744364604353904724e-03
2.471379749476909637e-02 -9.788463823497295380e-03
3.164134174585342407e-02 -1.075124833732843399e-02
3.913613408803939819e-02 -1.158851478248834610e-02
4.699626192450523376e-02 -1.228403579443693161e-02
5.507113784551620483e-02 -1.284824125468730927e-02
6.324604898691177368e-02 -1.326589006930589676e-02
7.147213816642761230e-02 -1.354594714939594269e-02
7.970369607210159302e-02 -1.370319724082946777e-02
8.794312179088592529e-02 -1.378316339105367661e-02
9.618927538394927979e-02 -1.379932183772325516e-02
1.044377535581588745e-01 -1.376614626497030258e-02
1.127149313688278198e-01 -1.371159963309764862e-02
1.210279762744903564e-01 -1.363836601376533508e-02
1.293911635875701904e-01 -1.355219911783933640e-02
1.377837806940078735e-01 -1.345788687467575073e-02
1.462354660034179688e-01 -1.334716565907001495e-02
1.547361165285110474e-01 -1.321148592978715897e-02
1.632810682058334351e-01 -1.308237574994564056e-02
1.718402206897735596e-01 -1.293427310883998871e-02
1.803857237100601196e-01 -1.276291720569133759e-02
1.889319717884063721e-01 -1.257376465946435928e-02
1.974789798259735107e-01 -1.236093230545520782e-02
2.060334533452987671e-01 -1.212311536073684692e-02
2.145722061395645142e-01 -1.186807826161384583e-02
2.231217026710510254e-01 -1.157002430409193039e-02
2.316885143518447876e-01 -1.123882923275232315e-02
2.402702718973159790e-01 -1.090508699417114258e-02
2.488432675600051880e-01 -1.055903639644384384e-02
2.573855221271514893e-01 -1.021807081997394562e-02
2.659102678298950195e-01 -9.887316264212131500e-03
2.744005620479583740e-01 -9.571814909577369690e-03
2.828643918037414551e-01 -9.267322719097137451e-03
2.913043498992919922e-01 -8.963515050709247589e-03
2.997442483901977539e-01 -8.635137230157852173e-03
3.082112967967987061e-01 -8.290700614452362061e-03
3.167197704315185547e-01 -7.930152118206024170e-03
3.252574205398559570e-01 -7.554325275123119354e-03
3.338264524936676025e-01 -7.173385936766862869e-03
3.424167633056640625e-01 -6.783881224691867828e-03
3.510010838508605957e-01 -6.388432811945676804e-03
3.595719039440155029e-01 -5.997392814606428146e-03
3.681246638298034668e-01 -5.606942810118198395e-03
3.766636848449707031e-01 -5.229165777564048767e-03
3.852131366729736328e-01 -4.864390939474105835e-03
3.937822282314300537e-01 -4.502780269831418991e-03
4.023741185665130615e-01 -4.151249304413795471e-03
4.110031723976135254e-01 -3.807342611253261566e-03
4.196533560752868652e-01 -3.467777045443654060e-03
4.283028244972229004e-01 -3.130993107333779335e-03
4.369247853755950928e-01 -2.799200592562556267e-03
4.455205798149108887e-01 -2.478262176737189293e-03
4.540958106517791748e-01 -2.178929978981614113e-03
4.626694619655609131e-01 -1.885514822788536549e-03
4.712398946285247803e-01 -1.601558760739862919e-03
4.798325002193450928e-01 -1.325343851931393147e-03
4.884407222270965576e-01 -1.049959915690124035e-03
4.970604777336120605e-01 -7.739735883660614491e-04
5.056603550910949707e-01 -4.907316179014742374e-04
5.142339468002319336e-01 -1.938237692229449749e-04
5.227923989295959473e-01 1.031890133162960410e-04
5.313423275947570801e-01 3.957301960326731205e-04
5.399025082588195801e-01 6.770410109311342239e-04
5.484874248504638672e-01 9.317299118265509605e-04
5.571116209030151367e-01 1.171127893030643463e-03
5.657598972320556641e-01 1.405118731781840324e-03
5.744156837463378906e-01 1.624181051738560200e-03
5.830609798431396484e-01 1.852550078183412552e-03
5.917022824287414551e-01 2.097673015668988228e-03
6.003305912017822266e-01 2.367023844271898270e-03
6.089473366737365723e-01 2.649422036483883858e-03
6.175562739372253418e-01 2.941879909485578537e-03
6.261677742004394531e-01 3.249713685363531113e-03
6.347541809082031250e-01 3.576396731659770012e-03
6.433148980140686035e-01 3.919011913239955902e-03
6.518310308456420898e-01 4.260223358869552612e-03
6.603139042854309082e-01 4.597996361553668976e-03
6.687794923782348633e-01 4.910772200673818588e-03
6.772312521934509277e-01 5.190066993236541748e-03
6.856998205184936523e-01 5.406383424997329712e-03
6.941881775856018066e-01 5.570575129240751266e-03
7.027092576026916504e-01 5.699448287487030029e-03
7.112320661544799805e-01 5.800657439976930618e-03
7.197504043579101562e-01 5.895743612200021744e-03
7.282352447509765625e-01 6.003415677696466446e-03
7.366788387298583984e-01 6.111339665949344635e-03
7.450923323631286621e-01 6.218391936272382736e-03
7.534876465797424316e-01 6.316530052572488785e-03
7.619127631187438965e-01 6.399213802069425583e-03
7.703835368156433105e-01 6.475596223026514053e-03
7.789212465286254883e-01 6.531117949634790421e-03
7.875078916549682617e-01 6.557632237672805786e-03
7.961297631263732910e-01 6.563624367117881775e-03
8.047649264335632324e-01 6.543469615280628204e-03
8.134014010429382324e-01 6.485158577561378479e-03
8.220412135124206543e-01 6.391504779458045959e-03
8.306742906570434570e-01 6.267097312957048416e-03
8.393110036849975586e-01 6.144680548459291458e-03
8.479307889938354492e-01 6.032148841768503189e-03
8.565294146537780762e-01 5.910470150411128998e-03
8.650822639465332031e-01 5.785403773188591003e-03
8.735899925231933594e-01 5.658724810928106308e-03
8.820537328720092773e-01 5.515077151358127594e-03
8.904926776885986328e-01 5.364726297557353973e-03
8.989221453666687012e-01 5.170925054699182510e-03
9.073553681373596191e-01 4.942202940583229065e-03
9.157906174659729004e-01 4.673283081501722336e-03
9.242206811904907227e-01 4.374009557068347931e-03
9.330212473869323730e-01 3.999936860054731369e-03
9.412873983383178711e-01 3.615400753915309906e-03
9.491506814956665039e-01 3.223879495635628700e-03
9.567374587059020996e-01 2.823451999574899673e-03
9.641867876052856445e-01 2.414587419480085373e-03
9.677730202674865723e-01 2.197243738919496536e-03
9.750733971595764160e-01 1.707226620055735111e-03
9.827533364295959473e-01 1.118737971410155296e-03
9.910638332366943359e-01 4.021387139800935984e-04
1.000255703926086426e+00 -4.722097655758261681e-04
