Airfoils1D_192
9.997000694274902344e-01 3.559133328963071108e-04
9.917399287223815918e-01 6.190427229739725590e-04
9.830641746520996094e-01 1.112657482735812664e-03
9.738789796829223633e-01 1.784329186193645000e-03
9.643905162811279297e-01 2.581628970801830292e-03
9.502619504928588867e-01 3.865306265652179718e-03
9.410145282745361328e-01 4.721891600638628006e-03
9.319962263107299805e-01 5.544929765164852142e-03
9.233462810516357422e-01 6.320239044725894928e-03
9.152072668075561523e-01 7.033472880721092224e-03
9.067245721817016602e-01 7.775725796818733215e-03
8.982236385345458984e-01 8.510351181030273438e-03
8.897324204444885254e-01 9.227671660482883453e-03
8.812290430068969727e-01 9.940119460225105286e-03
8.726940751075744629e-01 1.064612623304128647e-02
8.641465306282043457e-01 1.134641561657190323e-02
8.556031584739685059e-01 1.204213313758373260e-02
8.470590114593505859e-01 1.274700090289115906e-02
8.385096192359924316e-01 1.344706118106842041e-02
8.299735188484191895e-01 1.414893846958875656e-02
8.214474916458129883e-01 1.484744064509868622e-02
8.129257559776306152e-01 1.553595531731843948e-02
8.043814897537231445e-01 1.621799357235431671e-02
7.958092689514160156e-01 1.688967272639274597e-02
7.872120141983032227e-01 1.755154877901077271e-02
7.785952687263488770e-01 1.821438036859035492e-02
7.699813246726989746e-01 1.888011023402214050e-02
7.613837718963623047e-01 1.953225024044513702e-02
7.528264522552490234e-01 2.018390223383903503e-02
7.443094253540039062e-01 2.082525193691253662e-02
7.358024716377258301e-01 2.144579216837882996e-02
7.272890210151672363e-01 2.205032855272293091e-02
7.187412381172180176e-01 2.264075912535190582e-02
7.101604938507080078e-01 2.322902530431747437e-02
7.015717029571533203e-01 2.382337115705013275e-02
6.930174231529235840e-01 2.442650869488716125e-02
6.844893693923950195e-01 2.503710426390171051e-02
6.759855747222900391e-01 2.565742284059524536e-02
6.675128936767578125e-01 2.627413906157016754e-02
6.590613126754760742e-01 2.688414230942726135e-02
6.506264805793762207e-01 2.749037183821201324e-02
6.421627402305603027e-01 2.808368206024169922e-02
6.336600184440612793e-01 2.866611443459987640e-02
6.251549720764160156e-01 2.922968193888664246e-02
6.166458129882812500e-01 2.977102436125278473e-02
6.080968976020812988e-01 3.028957918286323547e-02
5.995033383369445801e-01 3.078236058354377747e-02
5.908885002136230469e-01 3.124766424298286438e-02
5.822881460189819336e-01 3.170259296894073486e-02
5.737041234970092773e-01 3.215058892965316772e-02
5.650998950004577637e-01 3.259989619255065918e-02
5.564866662025451660e-01 3.305899351835250854e-02
5.478904843330383301e-01 3.352333232760429382e-02
5.393006205558776855e-01 3.398764505982398987e-02
5.307151675224304199e-01 3.444453328847885132e-02
5.221410989761352539e-01 3.488535806536674500e-02
5.135757923126220703e-01 3.529688715934753418e-02
5.050407052040100098e-01 3.569091483950614929e-02
4.965339601039886475e-01 3.605958446860313416e-02
4.880403876304626465e-01 3.642550855875015259e-02
4.795765876770019531e-01 3.679472580552101135e-02
4.711346328258514404e-01 3.715882450342178345e-02
4.626990556716918945e-01 3.750417008996009827e-02
4.542639255523681641e-01 3.782149031758308411e-02
4.458127915859222412e-01 3.810040652751922607e-02
4.373195171356201172e-01 3.833641856908798218e-02
4.287994503974914551e-01 3.854203969240188599e-02
4.202630817890167236e-01 3.871855139732360840e-02
4.117268621921539307e-01 3.889500722289085388e-02
4.032034873962402344e-01 3.907231241464614868e-02
3.946853280067443848e-01 3.924926370382308960e-02
3.861681818962097168e-01 3.941857442259788513e-02
3.776525259017944336e-01 3.957981616258621216e-02
3.691343665122985840e-01 3.972705081105232239e-02
3.606019318103790283e-01 3.985824063420295715e-02
3.520642220973968506e-01 3.996796160936355591e-02
3.435218930244445801e-01 4.005491361021995544e-02
3.349807560443878174e-01 4.012348875403404236e-02
3.264421224594116211e-01 4.017026349902153015e-02
3.179171681404113770e-01 4.019970446825027466e-02
3.094241619110107422e-01 4.021339863538742065e-02
3.009792268276214600e-01 4.022407159209251404e-02
2.925921976566314697e-01 4.022880643606185913e-02
2.842319309711456299e-01 4.021912068128585815e-02
2.758888304233551025e-01 4.018819332122802734e-02
2.675447762012481689e-01 4.013646394014358521e-02
2.591866254806518555e-01 4.005671665072441101e-02
2.508063018321990967e-01 3.994458168745040894e-02
2.424127608537673950e-01 3.979715332388877869e-02
2.340159267187118530e-01 3.961192071437835693e-02
2.256484478712081909e-01 3.939971327781677246e-02
2.173268049955368042e-01 3.915053233504295349e-02
2.090306878089904785e-01 3.886072710156440735e-02
2.007822543382644653e-01 3.853974118828773499e-02
1.925907433032989502e-01 3.819113224744796753e-02
1.844628751277923584e-01 3.781100735068321228e-02
1.763753890991210938e-01 3.739514946937561035e-02
1.683245748281478882e-01 3.694040328264236450e-02
1.603074073791503906e-01 3.643396124243736267e-02
1.523348987102508545e-01 3.587391600012779236e-02
1.444044858217239380e-01 3.525001555681228638e-02
1.365166902542114258e-01 3.456924483180046082e-02
1.287106722593307495e-01 3.384535014629364014e-02
1.209961771965026855e-01 3.308123722672462463e-02
1.133651286363601685e-01 3.227528557181358337e-02
1.058035939931869507e-01 3.142350167036056519e-02
9.831283241510391235e-02 3.051783889532089233e-02
9.092380851507186890e-02 2.954417467117309570e-02
8.364307880401611328e-02 2.849570848047733307e-02
7.649939507246017456e-02 2.737773582339286804e-02
6.953857839107513428e-02 2.619127929210662842e-02
6.279905885457992554e-02 2.494975179433822632e-02
5.627423897385597229e-02 2.365180291235446930e-02
4.995614290237426758e-02 2.229203470051288605e-02
4.386062920093536377e-02 2.086547389626502991e-02
3.797857463359832764e-02 1.936082355678081512e-02
3.236592561006546021e-02 1.777416281402111053e-02
2.704321034252643585e-02 1.610903255641460419e-02
2.207049727439880371e-02 1.439512148499488831e-02
1.752506755292415619e-02 1.263875979930162430e-02
1.345497462898492813e-02 1.088609453290700912e-02
9.891903027892112732e-03 9.159319102764129639e-03
6.908211391419172287e-03 7.489545270800590515e-03
4.509233403950929642e-03 5.902369506657123566e-03
2.660177648067474365e-03 4.411080386489629745e-03
1.345320371910929680e-03 3.023994155228137970e-03
4.995099152438342571e-04 1.742336549796164036e-03
6.743550329701974988e-05 5.676645087078213692e-04
-1.036443427437916398e-05 -5.249530076980590820e-04
2.128969936165958643e-04 -1.547141466289758682e-03
7.251345668919384480e-04 -2.534907078370451927e-03
1.594900968484580517e-03 -3.509592264890670776e-03
2.821770496666431427e-03 -4.495835397392511368e-03
4.458799026906490326e-03 -5.508626811206340790e-03
6.591467186808586121e-03 -6.555073428899049759e-03
9.295897558331489563e-03 -7.625862024724483490e-03
1.262331567704677582e-02 -8.707421831786632538e-03
1.659226790070533752e-02 -9.782456792891025543e-03
2.121830917894840240e-02 -1.083265710622072220e-02
2.647419273853302002e-02 -1.184552535414695740e-02
3.231868147850036621e-02 -1.280339993536472321e-02
3.865173459053039551e-02 -1.370897237211465836e-02
4.537820070981979370e-02 -1.456094998866319656e-02
5.242269113659858704e-02 -1.536135934293270111e-02
5.970029532909393311e-02 -1.610148325562477112e-02
6.712248921394348145e-02 -1.679396443068981171e-02
7.465540617704391479e-02 -1.743279397487640381e-02
8.228968083858489990e-02 -1.801139116287231445e-02
9.000660479068756104e-02 -1.852122135460376740e-02
9.780772775411605835e-02 -1.895751245319843292e-02
1.056969463825225830e-01 -1.933016814291477203e-02
1.136579737067222595e-01 -1.963952742516994476e-02
1.216718629002571106e-01 -1.989124715328216553e-02
1.297203898429870605e-01 -2.008750848472118378e-02
1.377884894609451294e-01 -2.024930901825428009e-02
1.458886563777923584e-01 -2.037646621465682983e-02
1.540128886699676514e-01 -2.047766745090484619e-02
1.621919870376586914e-01 -2.055177651345729828e-02
1.704351156949996948e-01 -2.060332335531711578e-02
1.787677258253097534e-01 -2.063626982271671295e-02
1.871630251407623291e-01 -2.065258845686912537e-02
1.956043392419815063e-01 -2.065685950219631195e-02
2.040947377681732178e-01 -2.063963003456592560e-02
2.126241326332092285e-01 -2.059525623917579651e-02
2.211628854274749756e-01 -2.052585408091545105e-02
2.296937704086303711e-01 -2.042674273252487183e-02
2.382469028234481812e-01 -2.028793096542358398e-02
2.467965781688690186e-01 -2.011490426957607269e-02
2.553680241107940674e-01 -1.991214044392108917e-02
2.639218568801879883e-01 -1.969519816339015961e-02
2.724828124046325684e-01 -1.946957036852836609e-02
2.810550630092620850e-01 -1.923019066452980042e-02
2.896344959735870361e-01 -1.897803880274295807e-02
2.982058823108673096e-01 -1.872470229864120483e-02
3.067829012870788574e-01 -1.846027560532093048e-02
3.153858184814453125e-01 -1.817279867827892303e-02
3.239922225475311279e-01 -1.787048391997814178e-02
3.326243162155151367e-01 -1.754646562039852142e-02
3.412565290927886963e-01 -1.721026748418807983e-02
3.498971462249755859e-01 -1.686264015734195709e-02
3.585516214370727539e-01 -1.650636084377765656e-02
3.672040402889251709e-01 -1.615305617451667786e-02
3.758417963981628418e-01 -1.581471040844917297e-02
3.844638168811798096e-01 -1.549142692238092422e-02
3.931005001068115234e-01 -1.517084985971450806e-02
4.017480015754699707e-01 -1.485689356923103333e-02
4.104229807853698730e-01 -1.453932560980319977e-02
4.191006124019622803e-01 -1.422772277146577835e-02
4.277818799018859863e-01 -1.392157468944787979e-02
4.365187585353851318e-01 -1.361593976616859436e-02
4.452648758888244629e-01 -1.331880409270524979e-02
4.539988636970520020e-01 -1.303071528673171997e-02
4.627208709716796875e-01 -1.274178456515073776e-02
4.714623093605041504e-01 -1.243930030614137650e-02
4.801912605762481689e-01 -1.212180312722921371e-02
4.889067113399505615e-01 -1.179116871207952499e-02
4.975799620151519775e-01 -1.146246958523988724e-02
5.062392950057983398e-01 -1.112954784184694290e-02
5.149329304695129395e-01 -1.079123653471469879e-02
5.236045718193054199e-01 -1.046164054423570633e-02
5.322715640068054199e-01 -1.013301126658916473e-02
5.409627556800842285e-01 -9.795650839805603027e-03
5.496827363967895508e-01 -9.448861703276634216e-03
5.584053397178649902e-01 -9.096170775592327118e-03
5.671397447586059570e-01 -8.745583705604076385e-03
5.758578181266784668e-01 -8.404045365750789642e-03
5.845861434936523438e-01 -8.064212277531623840e-03
5.933194160461425781e-01 -7.731968071311712265e-03
6.020129323005676270e-01 -7.419427391141653061e-03
6.106997132301330566e-01 -7.113038096576929092e-03
6.193959712982177734e-01 -6.804511882364749908e-03
6.281045675277709961e-01 -6.498184055089950562e-03
6.368197798728942871e-01 -6.190619897097349167e-03
6.455261111259460449e-01 -5.880977027118206024e-03
6.542161703109741211e-01 -5.573363043367862701e-03
6.629179120063781738e-01 -5.267232190817594528e-03
6.716223955154418945e-01 -4.968538880348205566e-03
6.803243756294250488e-01 -4.683654289692640305e-03
6.890399456024169922e-01 -4.405634477734565735e-03
6.977711319923400879e-01 -4.126039333641529083e-03
7.065038084983825684e-01 -3.856359282508492470e-03
7.152032852172851562e-01 -3.578935982659459114e-03
7.238479852676391602e-01 -3.299668431282043457e-03
7.324627637863159180e-01 -3.032072447240352631e-03
7.410660982131958008e-01 -2.777168061584234238e-03
7.496730089187622070e-01 -2.544471062719821930e-03
7.582905292510986328e-01 -2.339211991056799889e-03
7.669345736503601074e-01 -2.154301153495907784e-03
7.756046652793884277e-01 -1.983033027499914169e-03
7.842860221862792969e-01 -1.825728337280452251e-03
7.929646372795104980e-01 -1.660274923779070377e-03
8.016386628150939941e-01 -1.491317409090697765e-03
8.103206157684326172e-01 -1.322397612966597080e-03
8.190035223960876465e-01 -1.159296371042728424e-03
8.276838660240173340e-01 -1.007173792459070683e-03
8.363481163978576660e-01 -8.744901861064136028e-04
8.449946641921997070e-01 -7.552177412435412407e-04
8.536099195480346680e-01 -6.563257775269448757e-04
8.622047901153564453e-01 -5.747846444137394428e-04
8.707644343376159668e-01 -5.033838679082691669e-04
8.793016076087951660e-01 -4.337589198257774115e-04
8.878378272056579590e-01 -3.656811313703656197e-04
8.963994979858398438e-01 -3.051648964174091816e-04
9.049980640411376953e-01 -2.470610779710114002e-04
9.136230945587158203e-01 -2.064454893115907907e-04
9.222529530525207520e-01 -1.760587183525785804e-04
9.312815070152282715e-01 -1.748136273818090558e-04
9.397930502891540527e-01 -1.959345536306500435e-04
9.478951692581176758e-01 -2.366947446716949344e-04
9.557183384895324707e-01 -2.863525296561419964e-04
9.633789062500000000e-01 -3.392068319953978062e-04
9.670562148094177246e-01 -3.637640620581805706e-04
9.744637608528137207e-01 -4.020591441076248884e-04
9.821153879165649414e-01 -4.180477408226579428e-04
9.902191758155822754e-01 -4.022731736768037081e-04
9.989832639694213867e-01 -3.452788805589079857e-04
