Airfoils2D_186
9.990636706352233887e-01 5.247124354355037212e-04
9.916345477104187012e-01 1.470672781579196453e-03
9.832707643508911133e-01 2.441920572891831398e-03
9.742291569709777832e-01 3.418319160118699074e-03
9.647666811943054199e-01 4.379732534289360046e-03
9.505975246429443359e-01 5.722753237932920456e-03
9.413505196571350098e-01 6.538792978972196579e-03
9.323453903198242188e-01 7.297561503946781158e-03
9.237193465232849121e-01 7.991095073521137238e-03
9.156025648117065430e-01 8.634616620838642120e-03
9.071329832077026367e-01 9.335380047559738159e-03
8.986556529998779297e-01 1.005704794079065323e-02
8.901740312576293945e-01 1.080311369150876999e-02
8.816846609115600586e-01 1.155057083815336227e-02
8.731800913810729980e-01 1.229772344231605530e-02
8.646565675735473633e-01 1.303538400679826736e-02
8.561044335365295410e-01 1.375631056725978851e-02
8.475351929664611816e-01 1.443566568195819855e-02
8.389552235603332520e-01 1.509848795831203461e-02
8.303996324539184570e-01 1.573981717228889465e-02
8.218680024147033691e-01 1.635834574699401855e-02
8.133646845817565918e-01 1.695445366203784943e-02
8.048820495605468750e-01 1.752726733684539795e-02
7.964126467704772949e-01 1.807784475386142731e-02
7.879480719566345215e-01 1.863374933600425720e-02
7.794852256774902344e-01 1.919378340244293213e-02
7.710234522819519043e-01 1.974652707576751709e-02
7.625472545623779297e-01 2.030785940587520599e-02
7.540634870529174805e-01 2.086083963513374329e-02
7.455602884292602539e-01 2.141719870269298553e-02
7.370418906211853027e-01 2.196950837969779968e-02
7.285028100013732910e-01 2.252019010484218597e-02
7.199513912200927734e-01 2.307830005884170532e-02
7.113975286483764648e-01 2.364706061780452728e-02
7.028596997261047363e-01 2.422888763248920441e-02
6.943547725677490234e-01 2.481275610625743866e-02
6.858463287353515625e-01 2.539568208158016205e-02
6.773463487625122070e-01 2.597514167428016663e-02
6.688460707664489746e-01 2.655852586030960083e-02
6.603407263755798340e-01 2.713430486619472504e-02
6.518172025680541992e-01 2.771072462201118469e-02
6.432886719703674316e-01 2.828834205865859985e-02
6.347541213035583496e-01 2.884988300502300262e-02
6.262258291244506836e-01 2.941328659653663635e-02
6.177060604095458984e-01 2.997560054063796997e-02
6.091541647911071777e-01 3.052755817770957947e-02
6.005992293357849121e-01 3.107238188385963440e-02
5.920343995094299316e-01 3.160660713911056519e-02
5.834553241729736328e-01 3.212725371122360229e-02
5.748798847198486328e-01 3.263780102133750916e-02
5.663290619850158691e-01 3.313637152314186096e-02
5.578125119209289551e-01 3.361483290791511536e-02
5.493334531784057617e-01 3.409201651811599731e-02
5.408701896667480469e-01 3.457397595047950745e-02
5.324062705039978027e-01 3.504412621259689331e-02
5.239349007606506348e-01 3.550580888986587524e-02
5.154421329498291016e-01 3.596110641956329346e-02
5.069182515144348145e-01 3.640744090080261230e-02
4.983902573585510254e-01 3.684186190366744995e-02
4.898690581321716309e-01 3.727133944630622864e-02
4.813705980777740479e-01 3.768354654312133789e-02
4.728916585445404053e-01 3.808811306953430176e-02
4.644181430339813232e-01 3.848464414477348328e-02
4.559537768363952637e-01 3.886180743575096130e-02
4.474828243255615234e-01 3.922098875045776367e-02
4.390040636062622070e-01 3.956387937068939209e-02
4.305112063884735107e-01 3.988661989569664001e-02
4.220128059387207031e-01 4.019286483526229858e-02
4.135163426399230957e-01 4.048159345984458923e-02
4.050287902355194092e-01 4.074183851480484009e-02
3.965591192245483398e-01 4.097946360707283020e-02
3.881058692932128906e-01 4.120558872818946838e-02
3.796812295913696289e-01 4.141717404127120972e-02
3.712676167488098145e-01 4.161310195922851562e-02
3.628680109977722168e-01 4.179528728127479553e-02
3.544738292694091797e-01 4.196374118328094482e-02
3.460752964019775391e-01 4.212305322289466858e-02
3.376623392105102539e-01 4.224874079227447510e-02
3.292425274848937988e-01 4.234227538108825684e-02
3.208258748054504395e-01 4.240382090210914612e-02
3.124124705791473389e-01 4.244210571050643921e-02
3.040120303630828857e-01 4.244305565953254700e-02
2.955972552299499512e-01 4.241104423999786377e-02
2.871944904327392578e-01 4.234594479203224182e-02
2.788072228431701660e-01 4.224785044789314270e-02
2.704266011714935303e-01 4.212689772248268127e-02
2.620415985584259033e-01 4.196259379386901855e-02
2.536774277687072754e-01 4.177675768733024597e-02
2.453274279832839966e-01 4.156902432441711426e-02
2.369916737079620361e-01 4.133789241313934326e-02
2.286631464958190918e-01 4.108064994215965271e-02
2.203232496976852417e-01 4.079495742917060852e-02
2.119992524385452271e-01 4.046313092112541199e-02
2.037019133567810059e-01 4.008040204644203186e-02
1.954332739114761353e-01 3.965525329113006592e-02
1.872069686651229858e-01 3.916448354721069336e-02
1.790263503789901733e-01 3.862225636839866638e-02
1.708780974149703979e-01 3.802128881216049194e-02
1.627447307109832764e-01 3.737374395132064819e-02
1.546030938625335693e-01 3.668321669101715088e-02
1.464473307132720947e-01 3.595908358693122864e-02
1.382985413074493408e-01 3.520673513412475586e-02
1.301741898059844971e-01 3.444200754165649414e-02
1.221157163381576538e-01 3.365720808506011963e-02
1.141490414738655090e-01 3.281850367784500122e-02
1.062607318162918091e-01 3.190747275948524475e-02
9.845538437366485596e-02 3.089221194386482239e-02
9.069430828094482422e-02 2.976543270051479340e-02
8.295597881078720093e-02 2.850603684782981873e-02
7.524795085191726685e-02 2.714458107948303223e-02
6.759018450975418091e-02 2.570287138223648071e-02
6.000638380646705627e-02 2.420705370604991913e-02
5.256767198443412781e-02 2.264725789427757263e-02
4.531767591834068298e-02 2.101269178092479706e-02
3.832175955176353455e-02 1.928667351603507996e-02
3.167530149221420288e-02 1.745639555156230927e-02
2.545602992177009583e-02 1.551513653248548508e-02
1.978537067770957947e-02 1.348637789487838745e-02
1.479563210159540176e-02 1.144202519208192825e-02
1.058492995798587799e-02 9.449159726500511169e-03
7.194927427917718887e-03 7.595307193696498871e-03
4.620158579200506210e-03 5.935359746217727661e-03
2.767593599855899811e-03 4.509404767304658890e-03
1.520892139524221420e-03 3.328686347231268883e-03
7.372933905571699142e-04 2.371398964896798134e-03
2.697066229302436113e-04 1.576425856910645962e-03
1.996873288589995354e-05 8.987687760964035988e-04
-6.618870975216850638e-05 2.854408521670848131e-04
-1.952610182343050838e-05 -3.284629783593118191e-04
1.527726853964850307e-04 -9.730345336720347404e-04
4.965341649949550629e-04 -1.693450030870735645e-03
1.097291242331266403e-03 -2.512002829462289810e-03
2.071223687380552292e-03 -3.437827806919813156e-03
3.566554747521877289e-03 -4.467206541448831558e-03
5.717345979064702988e-03 -5.596591159701347351e-03
8.652147836983203888e-03 -6.790887564420700073e-03
1.245900616049766541e-02 -8.005907759070396423e-03
1.713856868445873260e-02 -9.214190766215324402e-03
2.262560464441776276e-02 -1.036909315735101700e-02
2.882065251469612122e-02 -1.147400122135877609e-02
3.561125323176383972e-02 -1.250456646084785461e-02
4.284568130970001221e-02 -1.345021184533834457e-02
5.039532855153083801e-02 -1.429587416350841522e-02
5.813069641590118408e-02 -1.504950970411300659e-02
6.598529219627380371e-02 -1.570725440979003906e-02
7.392711192369461060e-02 -1.625773124396800995e-02
8.193374425172805786e-02 -1.671668887138366699e-02
8.999219536781311035e-02 -1.709712482988834381e-02
9.811131656169891357e-02 -1.744653098285198212e-02
1.063058003783226013e-01 -1.776008866727352142e-02
1.145635545253753662e-01 -1.803734339773654938e-02
1.228580623865127563e-01 -1.827139221131801605e-02
1.311694681644439697e-01 -1.845702342689037323e-02
1.394956856966018677e-01 -1.858971826732158661e-02
1.478511691093444824e-01 -1.866431534290313721e-02
1.562518030405044556e-01 -1.869118213653564453e-02
1.646979600191116333e-01 -1.868891902267932892e-02
1.731931120157241821e-01 -1.867662742733955383e-02
1.817139387130737305e-01 -1.865590736269950867e-02
1.902451217174530029e-01 -1.862432621419429779e-02
1.987486183643341064e-01 -1.858281716704368591e-02
2.072223722934722900e-01 -1.852151565253734589e-02
2.156636118888854980e-01 -1.844753697514533997e-02
2.240990400314331055e-01 -1.836423762142658234e-02
2.325586676597595215e-01 -1.827654801309108734e-02
2.410574704408645630e-01 -1.819275692105293274e-02
2.495904415845870972e-01 -1.811122335493564606e-02
2.581419348716735840e-01 -1.802552118897438049e-02
2.666985094547271729e-01 -1.792400889098644257e-02
2.752444446086883545e-01 -1.780366711318492889e-02
2.837769091129302979e-01 -1.765836402773857117e-02
2.923058569431304932e-01 -1.749239303171634674e-02
3.008393943309783936e-01 -1.730849780142307281e-02
3.093907237052917480e-01 -1.711015030741691589e-02
3.179601728916168213e-01 -1.690304279327392578e-02
3.265261948108673096e-01 -1.669498346745967865e-02
3.350889086723327637e-01 -1.647423952817916870e-02
3.436318933963775635e-01 -1.624438539147377014e-02
3.521663844585418701e-01 -1.601400040090084076e-02
3.606911301612854004e-01 -1.579239964485168457e-02
3.692399859428405762e-01 -1.557128783315420151e-02
3.778058886528015137e-01 -1.535019092261791229e-02
3.863995969295501709e-01 -1.511647179722785950e-02
3.950091898441314697e-01 -1.487945299595594406e-02
4.036094248294830322e-01 -1.463731285184621811e-02
4.121947884559631348e-01 -1.437702588737010956e-02
4.207516014575958252e-01 -1.410111691802740097e-02
4.292901158332824707e-01 -1.381881721317768097e-02
4.378213286399841309e-01 -1.353896688669919968e-02
4.463485479354858398e-01 -1.324391365051269531e-02
4.548798203468322754e-01 -1.293730456382036209e-02
4.634261131286621094e-01 -1.261424552649259567e-02
4.719808101654052734e-01 -1.230302080512046814e-02
4.805457890033721924e-01 -1.199741754680871964e-02
4.891110062599182129e-01 -1.169213559478521347e-02
4.976796507835388184e-01 -1.138485409319400787e-02
5.062592029571533203e-01 -1.107850950211286545e-02
5.148573517799377441e-01 -1.077221985906362534e-02
5.234370827674865723e-01 -1.045167259871959686e-02
5.320248007774353027e-01 -1.012006029486656189e-02
5.406123399734497070e-01 -9.779756888747215271e-03
5.491930842399597168e-01 -9.445356205105781555e-03
5.577815175056457520e-01 -9.113266132771968842e-03
5.663587450981140137e-01 -8.791441097855567932e-03
5.749233365058898926e-01 -8.474800735712051392e-03
5.834955573081970215e-01 -8.155575953423976898e-03
5.920841693878173828e-01 -7.842714898288249969e-03
6.006652116775512695e-01 -7.536596618592739105e-03
6.092642545700073242e-01 -7.227551192045211792e-03
6.178843975067138672e-01 -6.911428179591894150e-03
6.265068650245666504e-01 -6.585913710296154022e-03
6.351434588432312012e-01 -6.262759678065776825e-03
6.437534093856811523e-01 -5.953134503215551376e-03
6.523266434669494629e-01 -5.645274184644222260e-03
6.608844399452209473e-01 -5.332625936716794968e-03
6.694241762161254883e-01 -5.029321648180484772e-03
6.779355406761169434e-01 -4.738357849419116974e-03
6.864448785781860352e-01 -4.441906232386827469e-03
6.949594020843505859e-01 -4.142194055020809174e-03
7.034683227539062500e-01 -3.834130242466926575e-03
7.119792699813842773e-01 -3.532562637701630592e-03
7.204581499099731445e-01 -3.234632080420851707e-03
7.289212942123413086e-01 -2.945289947092533112e-03
7.373738884925842285e-01 -2.651452319696545601e-03
7.458172440528869629e-01 -2.357902238145470619e-03
7.542735338211059570e-01 -2.081937389448285103e-03
7.627656459808349609e-01 -1.817286713048815727e-03
7.713024020195007324e-01 -1.565719372592866421e-03
7.798906564712524414e-01 -1.326127443462610245e-03
7.885074615478515625e-01 -1.117241685278713703e-03
7.971408367156982422e-01 -9.250938310287892818e-04
8.057860136032104492e-01 -7.644044817425310612e-04
8.144339919090270996e-01 -6.150471745058894157e-04
8.230569958686828613e-01 -4.687518812716007233e-04
8.316675424575805664e-01 -3.354729851707816124e-04
8.402560353279113770e-01 -2.093902294291183352e-04
8.488051295280456543e-01 -8.192919631255790591e-05
8.573175668716430664e-01 4.567926225718110800e-05
8.657771348953247070e-01 1.673780789133161306e-04
8.742046356201171875e-01 2.976707182824611664e-04
8.825973868370056152e-01 4.204487486276775599e-04
8.909999728202819824e-01 5.272748530842363834e-04
8.993899226188659668e-01 6.259758374653756618e-04
9.077923893928527832e-01 7.041177013888955116e-04
9.161886572837829590e-01 7.336394628509879112e-04
9.245587587356567383e-01 7.259387639351189137e-04
9.333052635192871094e-01 6.857408443465828896e-04
9.415323138236999512e-01 6.329293246380984783e-04
9.493808746337890625e-01 5.798475467599928379e-04
9.569793939590454102e-01 5.236273282207548618e-04
9.644764661788940430e-01 4.525729455053806305e-04
9.680889844894409180e-01 4.162185068707913160e-04
9.754195213317871094e-01 3.077001019846647978e-04
9.830766916275024414e-01 1.323094184044748545e-04
9.912838935852050781e-01 -1.329048973275348544e-04
1.000264406204223633e+00 -5.108942277729511261e-04
