Airfoils2D_121F
9.996388879453054210e-01 6.183591362564841432e-04
9.911575204521263505e-01 1.669169465950850247e-03
9.826584837024653352e-01 2.729555602476946632e-03
9.741414780321627775e-01 3.796541840895585000e-03
9.656123523980167933e-01 4.866344103047081163e-03
9.570964811781310644e-01 5.932709378746579658e-03
9.485969036620905959e-01 6.992211704334919294e-03
9.401133029280220876e-01 8.041883279132629875e-03
9.316453800845837518e-01 9.078790747611318115e-03
9.231929901021068696e-01 1.010001845979995559e-02
9.147557474424592439e-01 1.110271599742480332e-02
9.063333086477852740e-01 1.208406256658439704e-02
8.979253939257312300e-01 1.304126429204619138e-02
8.895317266566606929e-01 1.397156110034374413e-02
8.811521354706270959e-01 1.487221546144964698e-02
8.727863002435138906e-01 1.574053976341784761e-02
8.644320007052628263e-01 1.657408556626161628e-02
8.560635996280768767e-01 1.737475893692674508e-02
8.476705905676088504e-01 1.814671995283270028e-02
8.392531205805681127e-01 1.889352858607735650e-02
8.308111514862770441e-01 1.961881750263988825e-02
8.223449652359805517e-01 2.032624948543796523e-02
8.138547841681414985e-01 2.101955281396703651e-02
8.053407789044048082e-01 2.170252086015818371e-02
7.968042708233571414e-01 2.237889881204106063e-02
7.882606355306868151e-01 2.305004229430966667e-02
7.797153292925189660e-01 2.371592057318879301e-02
7.711683890503272520e-01 2.437672873908154625e-02
7.626198497799189235e-01 2.503266219414005886e-02
7.540697365697481835e-01 2.568391724808762738e-02
7.455181002116252342e-01 2.633068841019650316e-02
7.369649776889051207e-01 2.697317141484145697e-02
7.284105297669912771e-01 2.761155097619655968e-02
7.198563989166606447e-01 2.824576064332214378e-02
7.113031393607552877e-01 2.887558219927329611e-02
7.027507394559755483e-01 2.950081790703711071e-02
6.941991881344391491e-01 3.012127014919326398e-02
6.856484884067234331e-01 3.073674046148337780e-02
6.770986134041613314e-01 3.134703269994140729e-02
6.685495515096129271e-01 3.195194977047403906e-02
6.600012911107403513e-01 3.255129473918175198e-02
6.514538354509675777e-01 3.314486980595293675e-02
6.429071588059601661e-01 3.373247935402193254e-02
6.343612488016110440e-01 3.431392698422588983e-02
6.258160938368840798e-01 3.488901640328671838e-02
6.172716950825921645e-01 3.545755063270459445e-02
6.087280308269529261e-01 3.601933438957426181e-02
6.001850867690762259e-01 3.657417204062566457e-02
5.916428513054367011e-01 3.712186793111368899e-02
5.831013229323204206e-01 3.766222593058302787e-02
5.745604851096353105e-01 3.819505103444888194e-02
5.660203210082950243e-01 3.872014839758916582e-02
5.574808190068430980e-01 3.923732300133250805e-02
5.489419743260083306e-01 3.974637958031231738e-02
5.404037767492113620e-01 4.024712336990989708e-02
5.318662063192549638e-01 4.073936032626149922e-02
5.233292513796892198e-01 4.122289606378250204e-02
5.147929032769497093e-01 4.169753618836449793e-02
5.062571592597596704e-01 4.216308615666081172e-02
4.977219956457989980e-01 4.261935272854740220e-02
4.891874007249736866e-01 4.306614214783947847e-02
4.806533627708862166e-01 4.350326081479798102e-02
4.721198834376740816e-01 4.393051462284151831e-02
4.635869389136417773e-01 4.434771091385038277e-02
4.550547635235181465e-01 4.475464158926117236e-02
4.465262166727628212e-01 4.515072612742648123e-02
4.380024206417748034e-01 4.553505231330021163e-02
4.294833821506869875e-01 4.590672448953928009e-02
4.209690851273159562e-01 4.626485127874644526e-02
4.124595438233762401e-01 4.660854326673161824e-02
4.039547724831357156e-01 4.693691437828832747e-02
3.954548481319521969e-01 4.724907961988510097e-02
3.869597215848884497e-01 4.754416207840637953e-02
3.784694064404843794e-01 4.782128565520563784e-02
3.699839164577247153e-01 4.807957752954349767e-02
3.615032751707513148e-01 4.831816788867512868e-02
3.530275349555531128e-01 4.853618956901106091e-02
3.445566586639406959e-01 4.873278101835461229e-02
3.360906587319242300e-01 4.890708245120369002e-02
3.276295471213909183e-01 4.905823729623373652e-02
3.191734765028332310e-01 4.918538812966055662e-02
3.107245166076821885e-01 4.928749363796189331e-02
3.022833654217134680e-01 4.936326475996325597e-02
2.938500814049322396e-01 4.941140225383981732e-02
2.854247218550957088e-01 4.943061434029341616e-02
2.770073427291683266e-01 4.941961663943337385e-02
2.685980234864591698e-01 4.937713227657173493e-02
2.601968402278612147e-01 4.930189201297822260e-02
2.518037933412806129e-01 4.919263307906538568e-02
2.434189314842086782e-01 4.904809994355024266e-02
2.350423009950838860e-01 4.886704405503831256e-02
2.266739456852589485e-01 4.864822373288658214e-02
2.183139066275663898e-01 4.839040404769320153e-02
2.099622685257475363e-01 4.809235846843274570e-02
2.016190330915735018e-01 4.775286443708175177e-02
1.932842163563738003e-01 4.737070592408149095e-02
1.849597373635399333e-01 4.694475173327915252e-02
1.766690939117544490e-01 4.647321332230772151e-02
1.684224282239085713e-01 4.595057473147691474e-02
1.602209079052035468e-01 4.537072670496153370e-02
1.520656705364992756e-01 4.472774714449313099e-02
1.439578129330215950e-01 4.401589487459292571e-02
1.358983802049127942e-01 4.322960297184057915e-02
1.278883547551681876e-01 4.236347145081979099e-02
1.199286453671630087e-01 4.141225911276232019e-02
1.120200765509310609e-01 4.037087438053375832e-02
1.041633783331404745e-01 3.923436496585491762e-02
9.635917668868138053e-02 3.799790624167977832e-02
8.860798482027212875e-02 3.665678822430120526e-02
8.091019549484421147e-02 3.520640110549142637e-02
7.326607464028116190e-02 3.364221931387169351e-02
6.567575639229719653e-02 3.195978412540348423e-02
5.815214628420970616e-02 3.015770228524161656e-02
5.088343286877091559e-02 2.826668729700007252e-02
4.393017235543734272e-02 2.627168763273523763e-02
3.728841759409250861e-02 2.414747646148948657e-02
3.094715391137266638e-02 2.187247679528293853e-02
2.490115514504677094e-02 1.943152894989981505e-02
1.913334740382498234e-02 1.680776675443944324e-02
1.362958146950544493e-02 1.398642446479331572e-02
8.763787302699468235e-03 1.118404268638262429e-02
5.818463129986875711e-03 9.174191464887447925e-03
3.918601747844399109e-03 7.531578878141035292e-03
2.479533970728645381e-03 5.929715200897195046e-03
1.385059078700577205e-03 4.328703421076616868e-03
6.314158144216209341e-04 2.824867952110584387e-03
2.436862896412352964e-04 1.669271297244822672e-03
5.703813789575615245e-05 6.245816954986839562e-04
4.044253815525020412e-05 -2.466029938996963850e-04
1.599865401611281026e-04 -1.079974409751821704e-03
3.755303177064392862e-04 -1.788775122010658998e-03
6.897038936390394561e-04 -2.453668538204013035e-03
1.132769409907398439e-03 -3.103112945643759796e-03
1.708019790210169508e-03 -3.701418432397428782e-03
2.498568688538347488e-03 -4.303045688514442642e-03
3.740243785968619915e-03 -4.995124164243948395e-03
6.306553475037722165e-03 -6.042930177475141530e-03
1.029180145283672618e-02 -7.281065233926824719e-03
1.480349514349217979e-02 -8.265556499994065540e-03
2.021601544047268995e-02 -9.042860376316096127e-03
2.742526233753887765e-02 -9.740824442317467732e-03
3.583606252441132178e-02 -1.048027561991029047e-02
4.406117961910190756e-02 -1.116190950425660980e-02
5.210430940843274739e-02 -1.175594409018694900e-02
5.997906120696765847e-02 -1.223740531097170479e-02
6.784207061136726669e-02 -1.260036766532580607e-02
7.579008775282441990e-02 -1.285750646503109815e-02
8.382577106093373753e-02 -1.302019002155448309e-02
9.195185898791884138e-02 -1.310056209165832639e-02
1.001710516958913694e-01 -1.311161628399289125e-02
1.084864566394750374e-01 -1.306727661973066355e-02
1.169010638703927019e-01 -1.298248313108503992e-02
1.254154628276275274e-01 -1.287331659795554369e-02
1.339660693864167806e-01 -1.275332790063375861e-02
1.425108325375691876e-01 -1.262412859642426249e-02
1.510496735379374400e-01 -1.248477406299809342e-02
1.595825811170537289e-01 -1.233432242009064109e-02
1.681095485261289435e-01 -1.217183531292687255e-02
1.766305435497834142e-01 -1.199637847858194342e-02
1.851455231257312373e-01 -1.180702158114811488e-02
1.936545819249105294e-01 -1.160283513620670275e-02
2.021629750523617486e-01 -1.138311587949973440e-02
2.106741221737910008e-01 -1.114816435146784475e-02
2.191880447393909082e-01 -1.089852787856385521e-02
2.277047864914865105e-01 -1.063475434508164355e-02
2.362243647766733290e-01 -1.035739364738546935e-02
2.447467824846557838e-01 -1.006699749364179178e-02
2.532720606399821994e-01 -9.764118327460406463e-03
2.618002235485545892e-01 -9.449309755688382884e-03
2.703313276584554115e-01 -9.123125409578946438e-03
2.788653552575450223e-01 -8.786123016970980026e-03
2.874023271692012216e-01 -8.438860209591272574e-03
2.959422641977261237e-01 -8.081895924036075485e-03
3.044852197367475255e-01 -7.715788991896527921e-03
3.130311932420907217e-01 -7.341101822473709848e-03
3.215801946001562994e-01 -6.958397758334474922e-03
3.301322446438186842e-01 -6.568240998290455872e-03
3.386873886863677741e-01 -6.171195919417692133e-03
3.472456438609240470e-01 -5.767829496406525619e-03
3.558070107684235261e-01 -5.358710849078187136e-03
3.643715104119074066e-01 -4.944409492737769293e-03
3.729391850588664736e-01 -4.525495236230405935e-03
3.815100598503338714e-01 -4.102540043436164394e-03
3.900841311057107741e-01 -3.676118665114060970e-03
3.986614201003537694e-01 -3.246805987378286514e-03
4.072419710937363324e-01 -2.815177090988573317e-03
4.158258074442806040e-01 -2.381809456606161224e-03
4.244129261904278083e-01 -1.947283267062579473e-03
4.330029957782908223e-01 -1.512196724823148489e-03
4.415913946832586978e-01 -1.077366385846426381e-03
4.501763864605203835e-01 -6.434621467825217111e-04
4.587580117362441978e-01 -2.110625507163051660e-04
4.673364488676456374e-01 2.192625390472333795e-04
4.759182481005014287e-01 6.477020083280875685e-04
4.845069531584703104e-01 1.075560614241281897e-03
4.930914828511978043e-01 1.503644578856425194e-03
5.016680538138585943e-01 1.933120593205794793e-03
5.102365543141986759e-01 2.365330873815791983e-03
5.187970216403496870e-01 2.801617710336395776e-03
5.273494528699758099e-01 3.243314098281424411e-03
5.358941537916169784e-01 3.691761559915136392e-03
5.444467909370545033e-01 4.148094960873510706e-03
5.530191243871567242e-01 4.610144306976013233e-03
5.616028322577236720e-01 5.074041289622745546e-03
5.701697343320379918e-01 5.534822480344248757e-03
5.787170558414255206e-01 5.988932488507058352e-03
5.872451939661944564e-01 6.433034471175446550e-03
5.957545332451450459e-01 6.863836908295282632e-03
6.042454889912186600e-01 7.278094663568753474e-03
6.127254272548727787e-01 7.673368549018897908e-03
6.212004380681201976e-01 8.048668455546926712e-03
6.296705649940754768e-01 8.403039860455919358e-03
6.381357494511199491e-01 8.735527339199366387e-03
6.465959331574484548e-01 9.045179440110287170e-03
6.550510582073250099e-01 9.331048670968010092e-03
6.635010064543026553e-01 9.592189698995272351e-03
6.719457820276322213e-01 9.827665073068987678e-03
6.803853292439753231e-01 1.003653911595153367e-02
6.888195925327795788e-01 1.021788002036151839e-02
6.972485171225998313e-01 1.037075984574263934e-02
7.056720241061572585e-01 1.049425417064927916e-02
7.140900550745669095e-01 1.058744293251016183e-02
7.225025897674294262e-01 1.064941015400280508e-02
7.309095775699329112e-01 1.067924308669633213e-02
7.393111732897590382e-01 1.067603235871201865e-02
7.477169613059542197e-01 1.063942410399414465e-02
7.561347530028725838e-01 1.057094984630717327e-02
7.645646585760724756e-01 1.047255393926461477e-02
7.730066347838926433e-01 1.034619921681528658e-02
7.814607046653491151e-01 1.019386535584348649e-02
7.899268900316541719e-01 1.001754950076948723e-02
7.984052187691363933e-01 9.819266281756715287e-03
8.068958418341528605e-01 9.601044797218877269e-03
8.153986466660009258e-01 9.364938719440040263e-03
8.239136536961070290e-01 9.113016974632164729e-03
8.324408837571308784e-01 8.847366859747053669e-03
8.409804296018905667e-01 8.570091863037533966e-03
8.495323381741350932e-01 8.283315516711802981e-03
8.580965418364127073e-01 7.989184311454943302e-03
8.666730652462513174e-01 7.689860942787720907e-03
8.752617370078373815e-01 7.387534275221391104e-03
8.838358352252126959e-01 7.083733263166842528e-03
8.923724108851233128e-01 6.774197987334342787e-03
9.008716118454999089e-01 6.452737237648379330e-03
9.093335858809834527e-01 6.113317129062190679e-03
9.177581797631142457e-01 5.750069887642099593e-03
9.261458343511835833e-01 5.357251623492782951e-03
9.344967666443114718e-01 4.929269789271658458e-03
9.428111508934621243e-01 4.460672270954955249e-03
9.510891776245747886e-01 3.946140254417042012e-03
9.593310581963975237e-01 3.380483181902205637e-03
9.675370296177023821e-01 2.758633450534166316e-03
9.757073595451003500e-01 2.075640779553256706e-03
9.838423513795738762e-01 1.326666175514125152e-03
9.919423493765713307e-01 5.069754292798959224e-04
1.000007743681364802e+00 -3.880679146995169994e-04
