Airfoils1D_078_-2.0_0.7F
9.999834997573898709e-01 1.117517627162419790e-04
9.928570640581581008e-01 6.360695448637405632e-04
9.857153718453849356e-01 1.184899135599912700e-03
9.785577032957496479e-01 1.755942117273454322e-03
9.713840476368941212e-01 2.346811141373273193e-03
9.641940571382918712e-01 2.955109959861033139e-03
9.569872923564752831e-01 3.578415171794013631e-03
9.497638049523972059e-01 4.214224269963048365e-03
9.425228269039295226e-01 4.860069500879376884e-03
9.352644501414891787e-01 5.513369346944084308e-03
9.279883096493192207e-01 6.171544220235485392e-03
9.207051535293079292e-01 6.830970320295528392e-03
9.134383506882495229e-01 7.486868943605356867e-03
9.061891894278588655e-01 8.136493042169313031e-03
8.989573272029106610e-01 8.777282117594034302e-03
8.917422122340941115e-01 9.406731748777286475e-03
8.845440891076165046e-01 1.002230572043332976e-02
8.773621202953162390e-01 1.062159795136760274e-02
8.701963408162922686e-01 1.120216384062462309e-02
8.630454690975906118e-01 1.176170197553299407e-02
8.558917169088402499e-01 1.230027338939736377e-02
8.487244441117806071e-01 1.281997924498138805e-02
8.415439904114696557e-01 1.332247372086189756e-02
8.343500363352490679e-01 1.380947479168442328e-02
8.271429653540198768e-01 1.428266926442510985e-02
8.199226691287665458e-01 1.474379511105912421e-02
8.126891907312719932e-01 1.519459773922657471e-02
8.054427776263357597e-01 1.563682830561573950e-02
7.981831269929660078e-01 1.607228985377422148e-02
7.909106343314759036e-01 1.650276171662698466e-02
7.836252514865281737e-01 1.693006887423706072e-02
7.763269422618774840e-01 1.735605442314871669e-02
7.690260546092104743e-01 1.778197426412200105e-02
7.617375761842442028e-01 1.820881674544886156e-02
7.544619330907533783e-01 1.863840244060840229e-02
7.471990345390294719e-01 1.907256320793307078e-02
7.399492877475866148e-01 1.951308212392600938e-02
7.327124097882922182e-01 1.996176520356401571e-02
7.254864500942251881e-01 2.042046852643538551e-02
7.182571751601897203e-01 2.089058106547487734e-02
7.110212401994536746e-01 2.137134291955025342e-02
7.037783497996055182e-01 2.186171217516920742e-02
6.965285944697762188e-01 2.236061450672489903e-02
6.892718295597481948e-01 2.286698470839342717e-02
6.820078879339632749e-01 2.337975269085902294e-02
6.747368228493759723e-01 2.389782603936748198e-02
6.674583921895499428e-01 2.442012648499186644e-02
6.601725825509110468e-01 2.494555262414585584e-02
6.528793648983017839e-01 2.547299717466729868e-02
6.455821176226345104e-01 2.600109940466168931e-02
6.382914648728299500e-01 2.652797126249424597e-02
6.310082694053272823e-01 2.705243637933228348e-02
6.237325459358578073e-01 2.757338678952999528e-02
6.164640384266955042e-01 2.808974081275053547e-02
6.092027808743505357e-01 2.860040288495406188e-02
6.019486425775329996e-01 2.910429598695159215e-02
5.947014397815245657e-01 2.960035330286743885e-02
5.874597723277339423e-01 3.008764565121254189e-02
5.802193147265994888e-01 3.056595082668637359e-02
5.729797975859353132e-01 3.103507009918153939e-02
5.657412184635058905e-01 3.149479078663355858e-02
5.585035456663390852e-01 3.194490229396305253e-02
5.512668137292565662e-01 3.238519017078265311e-02
5.440309779546775859e-01 3.281544511269635089e-02
5.367960455052573909e-01 3.323545489247563267e-02
5.295620188933635175e-01 3.364500788329546910e-02
5.223288635455729523e-01 3.404389479253102507e-02
5.150966127201306310e-01 3.443190283445465155e-02
5.078652241471642848e-01 3.480882360588445634e-02
5.006347030691590261e-01 3.517444637946041952e-02
4.934050526488395483e-01 3.552856086219254722e-02
4.861762374996126401e-01 3.587095887918227699e-02
4.789482916033397930e-01 3.620142921193353347e-02
4.717211708654583391e-01 3.651976454484991835e-02
4.644948827259003932e-01 3.682575542947945368e-02
4.572694302253651477e-01 3.711919294585459828e-02
4.500450238309377515e-01 3.739984934305511100e-02
4.428220383511327629e-01 3.766744026089876435e-02
4.356004635859548890e-01 3.792168223770205765e-02
4.283803698502421375e-01 3.816228931042910111e-02
4.211617965996236612e-01 3.838897716673154992e-02
4.139447575338109919e-01 3.860146270618391301e-02
4.067293478485983771e-01 3.879946094544976798e-02
3.995155482589741736e-01 3.898269062286861819e-02
3.923034409477590412e-01 3.915086820988113864e-02
3.850930464486370108e-01 3.930371225625698545e-02
3.778843979216064408e-01 3.944094140214088329e-02
3.706775685643197149e-01 3.956227407975164423e-02
3.634725487886020789e-01 3.966743061685152477e-02
3.562694337927573285e-01 3.975613020457972185e-02
3.490682171303169934e-01 3.982809392501102802e-02
3.418689591234251313e-01 3.988304247927593194e-02
3.346717028639706881e-01 3.992069731506883712e-02
3.274764590932663366e-01 3.994078044679282707e-02
3.202833191941214519e-01 3.994301415938539962e-02
3.130922622307047432e-01 3.992712134932328849e-02
3.059033764757670415e-01 3.989282543992789948e-02
2.987166668652949109e-01 3.983985011632067835e-02
2.915321819423467020e-01 3.976791967701257674e-02
2.843499717215199341e-01 3.967675901756019530e-02
2.771700394278193147e-01 3.956609284472670934e-02
2.699924788172348156e-01 3.943564771777498951e-02
2.628172650038667624e-01 3.928514862831668231e-02
2.556444863432142389e-01 3.911432318053993662e-02
2.484741436372816525e-01 3.892289755616186453e-02
2.413062883730890951e-01 3.871059954530155223e-02
2.341409618301551199e-01 3.847715721245605069e-02
2.269781745696457242e-01 3.822229798704839671e-02
2.198180069172460116e-01 3.794575222981584617e-02
2.126604374640361783e-01 3.764724688520573737e-02
2.055055613764513178e-01 3.732651403023846959e-02
1.983533601576613903e-01 3.698328128978771445e-02
1.912039025299777095e-01 3.661728063642184089e-02
1.840596922245064382e-01 3.622833593781616540e-02
1.769367608364221522e-01 3.581568218448544921e-02
1.698395412336479171e-01 3.537639632907332854e-02
1.627680568550324003e-01 3.490728662501883101e-02
1.557231248020898573e-01 3.440527835968204551e-02
1.487045864095047631e-01 3.386729265262511390e-02
1.417133150743391801e-01 3.329038956276160477e-02
1.347491382352355160e-01 3.267160692192236371e-02
1.278128010558607364e-01 3.200811976839619544e-02
1.209041558858344051e-01 3.129707822163107361e-02
1.140191003648164114e-01 3.053547076727943302e-02
1.071541534815504959e-01 2.972108333123576682e-02
1.003092762266360044e-01 2.885222439397781835e-02
9.348490151501025192e-02 2.792728063329596652e-02
8.668077058077849895e-02 2.694456399696639609e-02
7.989737719784839598e-02 2.590250854665141975e-02
7.313450802947625562e-02 2.479946002466333274e-02
6.639231857917383961e-02 2.363383283902233470e-02
5.967097487304466596e-02 2.240406014363525988e-02
5.303297599158592057e-02 2.111901137240655008e-02
4.665293769199180957e-02 1.979297071317774950e-02
4.053870706597424711e-02 1.840284620018405384e-02
3.467977983203148623e-02 1.692748017266270180e-02
2.906752392413319494e-02 1.535053534802095082e-02
2.368692770693235292e-02 1.365712570901719651e-02
1.850607422783131714e-02 1.182896569840865934e-02
1.348293805041352218e-02 9.843675376887054199e-03
8.582231734376345386e-03 7.678900925372121600e-03
4.985573425069590725e-03 5.914282713595898390e-03
3.576865016421336765e-03 5.060584247142784452e-03
2.637052271802312834e-03 4.330478026087400054e-03
1.890359905469542971e-03 3.577709752737845677e-03
1.323668166577675115e-03 2.823096647836589694e-03
8.599991356823645039e-04 1.982220542767067217e-03
5.699183877573265602e-04 1.249995359631565469e-03
3.896291447434268858e-04 5.964436328010994928e-04
2.906186343421148345e-04 -4.485551215842798931e-05
2.813870347886516902e-04 -5.681771620475171199e-04
3.310870488466199284e-04 -9.581917404904235916e-04
4.303205705205937533e-04 -1.318282400117895894e-03
5.755181569918112758e-04 -1.650483437983555138e-03
7.631094829380973780e-04 -1.956830353669437167e-03
1.048150322470758943e-03 -2.302696378593418677e-03
1.399210711116529501e-03 -2.627107629710669946e-03
1.799277920381012023e-03 -2.920811987590615343e-03
2.404818922598339279e-03 -3.276734171373015501e-03
3.648603428057489457e-03 -3.838251746895158991e-03
6.983377369929028196e-03 -5.054028678171980718e-03
1.194659188395077141e-02 -6.644028106283517317e-03
1.706011606702624930e-02 -8.043111538771336930e-03
2.234528913460287480e-02 -9.264065253534698591e-03
2.782386523295846473e-02 -1.031957497082219843e-02
3.352130982189228253e-02 -1.122381446869586026e-02
3.946435437624985776e-02 -1.199302549248402149e-02
4.568131742055969724e-02 -1.264719961168436768e-02
5.220301648189204502e-02 -1.321224217544345221e-02
5.905791625151843999e-02 -1.372232999726372832e-02
6.607628539532234280e-02 -1.419795150358402029e-02
7.310905600479460087e-02 -1.463540549031090710e-02
8.015513213676521420e-02 -1.503611126684048158e-02
8.721431547572100484e-02 -1.540156986212578433e-02
9.428676844251543399e-02 -1.573331651468289766e-02
1.013722272051434115e-01 -1.603288084284252776e-02
1.084709218459396357e-01 -1.630182954335290119e-02
1.155824809261665614e-01 -1.654172133251228388e-02
1.227072485428330195e-01 -1.675415601312608624e-02
1.298447671551354043e-01 -1.694072417721993740e-02
1.369953481976617926e-01 -1.710305472434771670e-02
1.441586448027517564e-01 -1.724277657948257783e-02
1.513347779474921440e-01 -1.736154616415255120e-02
1.585236310597293863e-01 -1.746103196417951239e-02
1.657250653880831814e-01 -1.754292014886974296e-02
1.729392434171622694e-01 -1.760891748830306636e-02
1.801657999062817317e-01 -1.766074337611293205e-02
1.874049870416277241e-01 -1.770014016137291812e-02
1.946553595919321977e-01 -1.772884261025597930e-02
2.019059233125780062e-01 -1.774770516692829661e-02
2.091533470500666625e-01 -1.775638584030054395e-02
2.163976847842628559e-01 -1.775446178281411824e-02
2.236388541562917831e-01 -1.774151114948895047e-02
2.308768936946900552e-01 -1.771711307935011984e-02
2.381117868040980023e-01 -1.768084775464277142e-02
2.453434824640029488e-01 -1.763229668837346456e-02
2.525720359873109833e-01 -1.757104171319549824e-02
2.597973598836431641e-01 -1.749666681503312532e-02
2.670195033785667804e-01 -1.740875578290998135e-02
2.742384371812885968e-01 -1.730689415610546858e-02
2.814541280280367097e-01 -1.719066870462196070e-02
2.886666243663607023e-01 -1.705966583244190524e-02
2.958758256452383995e-01 -1.691347563860238351e-02
3.030818087813158535e-01 -1.675168582966633096e-02
3.102845154988034260e-01 -1.657388783554054196e-02
3.174839472830645049e-01 -1.637967283753008485e-02
3.246801209008732259e-01 -1.616863243994912450e-02
3.318776370148950883e-01 -1.594033180095835722e-02
3.390930688758364009e-01 -1.569573497501104004e-02
3.463293316950041278e-01 -1.543763529482587021e-02
3.535863347391349776e-01 -1.516900902715435408e-02
3.608643190963928826e-01 -1.489287386231552372e-02
3.681639137021551211e-01 -1.461228599592490074e-02
3.754690152184925189e-01 -1.433099886478632692e-02
3.827537328074817058e-01 -1.405315456076452335e-02
3.900172396617054837e-01 -1.378188199737554950e-02
3.972612057176550526e-01 -1.352015549282956607e-02
4.045079999916560975e-01 -1.326872594374484127e-02
4.117684437317280510e-01 -1.302566891253720445e-02
4.190426842758802062e-01 -1.278902858963734852e-02
4.263308537619974192e-01 -1.255682795351582316e-02
4.336327280690966957e-01 -1.232707878490090468e-02
4.409435612368631796e-01 -1.209791179144552135e-02
4.482433229148445886e-01 -1.186792469690096420e-02
4.555293063473575543e-01 -1.163518754620466826e-02
4.628011475945221220e-01 -1.139772012068315105e-02
4.700651010601271662e-01 -1.115356677384181198e-02
4.773310781667444713e-01 -1.090216780373831455e-02
4.845996211672109477e-01 -1.064390114773865366e-02
4.918706966896809196e-01 -1.037916695174712425e-02
4.991443850589610820e-01 -1.010836216599132753e-02
5.064206567653196656e-01 -9.831888675409428471e-03
5.136995235512729074e-01 -9.550147813788784773e-03
5.209810575324141935e-01 -9.263539453173307361e-03
5.282652074768457995e-01 -8.972469224667725674e-03
5.355520301542794348e-01 -8.677339441101904194e-03
5.428415421086352222e-01 -8.378554923139411997e-03
5.501337204234311162e-01 -8.076523073618493628e-03
5.574286467935694045e-01 -7.771647903133499860e-03
5.647262874396433707e-01 -7.464339157762955868e-03
5.720266539699305763e-01 -7.155005659090114822e-03
5.793298240516597808e-01 -6.844054356439573626e-03
5.866357452060519950e-01 -6.531898680908758588e-03
5.939444637527850901e-01 -6.218948814824863149e-03
6.012555499404477199e-01 -5.905636286742566889e-03
6.085650248425288344e-01 -5.592545415550505446e-03
6.158716778915617196e-01 -5.280141433238934659e-03
6.231755451483395047e-01 -4.968835201640991669e-03
6.304766730944234565e-01 -4.659036198097746620e-03
6.377750085597573282e-01 -4.351157171122886289e-03
6.450706302885489407e-01 -4.045604335877380983e-03
6.523635482921051887e-01 -3.742785884692492217e-03
6.596537307765732994e-01 -3.443110771399309541e-03
6.669412584986842418e-01 -3.146982372923980316e-03
6.742261067601904578e-01 -2.854807459651873859e-03
6.815082953936256738e-01 -2.566990030179161584e-03
6.887878795901444251e-01 -2.283931793173893648e-03
6.960648057018858914e-01 -2.006037753716972960e-03
7.033391504302953789e-01 -1.733706953415334751e-03
7.106109204631045895e-01 -1.467340232946966107e-03
7.178800917739376342e-01 -1.207338568701767176e-03
7.251467420372426087e-01 -9.540983735164336151e-04
7.324108344066730947e-01 -7.080192016824646186e-04
7.396724862026582414e-01 -4.694936031580858944e-04
7.469325156358687101e-01 -2.388308420250604780e-04
7.541911688518253554e-01 -1.626147455507664737e-05
7.614484886903145622e-01 1.979863294482060048e-04
7.687044488817921239e-01 4.036825821043220353e-04
7.759590498169819384e-01 6.005984255419297493e-04
7.832123134494785033e-01 7.885058435032445742e-04
7.904641915073394864e-01 9.671753195276211815e-04
7.977147283694756563e-01 1.136379984735032744e-03
8.049639029842295956e-01 1.295891636106772044e-03
8.122117080991181348e-01 1.445482753430873133e-03
8.194581699610625769e-01 1.584926772775259538e-03
8.267032427405324180e-01 1.713996041694970359e-03
8.339469660890979075e-01 1.832464802000908187e-03
8.411893231002735005e-01 1.940106555354427845e-03
8.484303038464784397e-01 2.036695283578615276e-03
8.556699364793691753e-01 2.122005740260828922e-03
8.629081752894897095e-01 2.195812096397646920e-03
8.701450601175769739e-01 2.257889770958551243e-03
8.773786462954422660e-01 2.307953093759666004e-03
8.846006015420655455e-01 2.344843014836204848e-03
8.918098792539664865e-01 2.366755739580866068e-03
8.990060294178996436e-01 2.371891197671938383e-03
9.061894403340127191e-01 2.358470168988193328e-03
9.133597950390974773e-01 2.324732261340111371e-03
9.205172039059358324e-01 2.268935270805846633e-03
9.276616082512757488e-01 2.189355943986314931e-03
9.347928906879836575e-01 2.084290700019852775e-03
9.419112022405932150e-01 1.952049904401549716e-03
9.490162506225912065e-01 1.790969852668786166e-03
9.561083477299383571e-01 1.599391342917948081e-03
9.631870787597893724e-01 1.375691096465825195e-03
9.702528679109567733e-01 1.118237757581666027e-03
9.773052311711758477e-01 8.254479285026804355e-04
9.843446455435049813e-01 4.957169059763223869e-04
9.913706417127688963e-01 1.274976809385405417e-04
9.983836940745280941e-01 -2.807880966985168382e-04
