Airfoils2D_114
9.997304081916809082e-01 3.904585901182144880e-04
9.915157556533813477e-01 8.428899454884231091e-04
9.826254844665527344e-01 1.501294667832553387e-03
9.732689261436462402e-01 2.313100965693593025e-03
9.636555910110473633e-01 3.225737251341342926e-03
9.494479298591613770e-01 4.632728174328804016e-03
9.402321577072143555e-01 5.539635196328163147e-03
9.312685728073120117e-01 6.394966039806604385e-03
9.226736426353454590e-01 7.174014113843441010e-03
9.145789742469787598e-01 7.848601788282394409e-03
9.060882329940795898e-01 8.528532460331916809e-03
8.975957632064819336e-01 9.195924736559391022e-03
8.891120553016662598e-01 9.853948839008808136e-03
8.806266784667968750e-01 1.053084526211023331e-02
8.721437454223632812e-01 1.122764497995376587e-02
8.636649847030639648e-01 1.193678379058837891e-02
8.551598191261291504e-01 1.266312040388584137e-02
8.466270565986633301e-01 1.338937692344188690e-02
8.380668163299560547e-01 1.409645751118659973e-02
8.294798731803894043e-01 1.477799657732248306e-02
8.209031224250793457e-01 1.541055459529161453e-02
8.123428225517272949e-01 1.601041108369827271e-02
8.037997484207153320e-01 1.660088449716567993e-02
7.952834367752075195e-01 1.719105057418346405e-02
7.867753505706787109e-01 1.778412051498889923e-02
7.782476544380187988e-01 1.840430684387683868e-02
7.697030305862426758e-01 1.904701627790927887e-02
7.611321806907653809e-01 1.971257291734218597e-02
7.525454163551330566e-01 2.036876603960990906e-02
7.439578175544738770e-01 2.100365608930587769e-02
7.353734970092773438e-01 2.161603048443794250e-02
7.268074154853820801e-01 2.221126109361648560e-02
7.182731628417968750e-01 2.279436774551868439e-02
7.097529172897338867e-01 2.337916940450668335e-02
7.012464404106140137e-01 2.397379279136657715e-02
6.927511692047119141e-01 2.457902021706104279e-02
6.842576861381530762e-01 2.519480697810649872e-02
6.757682561874389648e-01 2.580822445452213287e-02
6.672766208648681641e-01 2.641410566866397858e-02
6.587734818458557129e-01 2.699991501867771149e-02
6.502697467803955078e-01 2.756786160171031952e-02
6.417710781097412109e-01 2.812623046338558197e-02
6.332742571830749512e-01 2.868009358644485474e-02
6.247801780700683594e-01 2.922026626765727997e-02
6.162835359573364258e-01 2.975453250110149384e-02
6.077943444252014160e-01 3.027953393757343292e-02
5.993071198463439941e-01 3.079710341989994049e-02
5.908188223838806152e-01 3.129602223634719849e-02
5.823239088058471680e-01 3.176457062363624573e-02
5.738348364830017090e-01 3.222268447279930115e-02
5.653423666954040527e-01 3.268295899033546448e-02
5.568485856056213379e-01 3.314653784036636353e-02
5.483381152153015137e-01 3.361660614609718323e-02
5.398105382919311523e-01 3.409488871693611145e-02
5.312637686729431152e-01 3.457917645573616028e-02
5.226949453353881836e-01 3.505912795662879944e-02
5.141145586967468262e-01 3.552952036261558533e-02
5.055350065231323242e-01 3.597557917237281799e-02
4.969717562198638916e-01 3.641017153859138489e-02
4.884183406829833984e-01 3.683099523186683655e-02
4.798913896083831787e-01 3.723214939236640930e-02
4.713732302188873291e-01 3.762049973011016846e-02
4.628577828407287598e-01 3.798598796129226685e-02
4.543316066265106201e-01 3.835072740912437439e-02
4.458041489124298096e-01 3.870701789855957031e-02
4.372795820236206055e-01 3.907095640897750854e-02
4.287660717964172363e-01 3.942628204822540283e-02
4.202643930912017822e-01 3.976822271943092346e-02
4.117684364318847656e-01 4.008997976779937744e-02
4.032867848873138428e-01 4.038414731621742249e-02
3.948136568069458008e-01 4.066198319196701050e-02
3.863421678543090820e-01 4.091608151793479919e-02
3.778611123561859131e-01 4.117427021265029907e-02
3.693814873695373535e-01 4.143089428544044495e-02
3.609027862548828125e-01 4.168399795889854431e-02
3.524264693260192871e-01 4.192091152071952820e-02
3.439523577690124512e-01 4.213430359959602356e-02
3.354808390140533447e-01 4.231814667582511902e-02
3.270176053047180176e-01 4.247687011957168579e-02
3.185880780220031738e-01 4.262025654315948486e-02
3.101795017719268799e-01 4.274248331785202026e-02
3.017733097076416016e-01 4.286755248904228210e-02
2.933866083621978760e-01 4.298259317874908447e-02
2.850116789340972900e-01 4.307981580495834351e-02
2.766321003437042236e-01 4.316451400518417358e-02
2.682431340217590332e-01 4.322138056159019470e-02
2.598491609096527100e-01 4.323003068566322327e-02
2.514505386352539062e-01 4.319122061133384705e-02
2.430884987115859985e-01 4.309350624680519104e-02
2.347409874200820923e-01 4.293740913271903992e-02
2.263999879360198975e-01 4.273878410458564758e-02
2.180861830711364746e-01 4.250250011682510376e-02
2.097851485013961792e-01 4.225368052721023560e-02
2.014778852462768555e-01 4.200770705938339233e-02
1.931732892990112305e-01 4.173615947365760803e-02
1.848811358213424683e-01 4.141982272267341614e-02
1.766131818294525146e-01 4.104124382138252258e-02
1.684124022722244263e-01 4.058647528290748596e-02
1.602536737918853760e-01 4.005761444568634033e-02
1.521305441856384277e-01 3.944896906614303589e-02
1.440428495407104492e-01 3.876492753624916077e-02
1.359818577766418457e-01 3.801048919558525085e-02
1.279406696557998657e-01 3.721243888139724731e-02
1.199186220765113831e-01 3.634536266326904297e-02
1.119204089045524597e-01 3.543790429830551147e-02
1.039768680930137634e-01 3.447382524609565735e-02
9.612014144659042358e-02 3.346569463610649109e-02
8.834522217512130737e-02 3.239702805876731873e-02
8.066258579492568970e-02 3.123162500560283661e-02
7.307441532611846924e-02 2.992767840623855591e-02
6.558425724506378174e-02 2.845563367009162903e-02
5.820316821336746216e-02 2.684375271201133728e-02
5.093445628881454468e-02 2.506607957184314728e-02
4.382340982556343079e-02 2.316389232873916626e-02
3.693655878305435181e-02 2.111637778580188751e-02
3.036760538816452026e-02 1.895760558545589447e-02
2.421641908586025238e-02 1.670483313500881195e-02
1.861183345317840576e-02 1.439573336392641068e-02
1.367222145199775696e-02 1.209697220474481583e-02
9.495098143815994263e-03 9.887631051242351532e-03
6.168869324028491974e-03 7.876805961132049561e-03
3.686256008222699165e-03 6.106265354901552200e-03
1.987376017495989799e-03 4.624986555427312851e-03
9.371516644023358822e-04 3.382225753739476204e-03
3.640432842075824738e-04 2.370081609115004539e-03
9.284182306146249175e-05 1.540776342153549194e-03
-1.072117629519198090e-05 8.437945507466793060e-04
-4.606040965882129967e-05 2.643999177962541580e-04
-6.115972792031243443e-05 -2.419478405499830842e-04
-1.705521572148427367e-05 -6.886387709528207779e-04
1.403729984303936362e-04 -1.135159283876419067e-03
5.277239833958446980e-04 -1.631822786293923855e-03
1.295736525207757950e-03 -2.277147956192493439e-03
2.615749835968017578e-03 -3.077428089454770088e-03
4.685199819505214691e-03 -4.074024036526679993e-03
7.662203628569841385e-03 -5.260852165520191193e-03
1.162388827651739120e-02 -6.566805765032768250e-03
1.656583696603775024e-02 -7.925199344754219055e-03
2.239693887531757355e-02 -9.242014959454536438e-03
2.895419299602508545e-02 -1.047324016690254211e-02
3.606786206364631653e-02 -1.159055251628160477e-02
4.356236755847930908e-02 -1.259020436555147171e-02
5.130736529827117920e-02 -1.346454117447137833e-02
5.921582877635955811e-02 -1.426121685653924942e-02
6.724020838737487793e-02 -1.499452535063028336e-02
7.534369081258773804e-02 -1.565194129943847656e-02
8.351159095764160156e-02 -1.623482443392276764e-02
9.171039611101150513e-02 -1.673422381281852722e-02
9.992919117212295532e-02 -1.716624759137630463e-02
1.081745550036430359e-01 -1.753278076648712158e-02
1.164348870515823364e-01 -1.781387813389301300e-02
1.247230842709541321e-01 -1.801889948546886444e-02
1.330316811800003052e-01 -1.816765591502189636e-02
1.413759589195251465e-01 -1.827250234782695770e-02
1.497498452663421631e-01 -1.831981539726257324e-02
1.581459343433380127e-01 -1.833522319793701172e-02
1.665410846471786499e-01 -1.833115331828594208e-02
1.749352365732192993e-01 -1.832538843154907227e-02
1.833316534757614136e-01 -1.831378601491451263e-02
1.917305886745452881e-01 -1.827554963529109955e-02
2.001430988311767578e-01 -1.821246743202209473e-02
2.085686177015304565e-01 -1.812936365604400635e-02
2.170163542032241821e-01 -1.801924966275691986e-02
2.254855483770370483e-01 -1.785112917423248291e-02
2.339696139097213745e-01 -1.765225082635879517e-02
2.424608916044235229e-01 -1.743650622665882111e-02
2.509568929672241211e-01 -1.719612441956996918e-02
2.594527304172515869e-01 -1.695191860198974609e-02
2.679503560066223145e-01 -1.669561117887496948e-02
2.764531373977661133e-01 -1.643433794379234314e-02
2.849685549736022949e-01 -1.616416685283184052e-02
2.934911847114562988e-01 -1.587285473942756653e-02
3.020179271697998047e-01 -1.554481312632560730e-02
3.105491101741790771e-01 -1.520573720335960388e-02
3.190892040729522705e-01 -1.486297417432069778e-02
3.276396989822387695e-01 -1.450504362583160400e-02
3.361838757991790771e-01 -1.415995787829160690e-02
3.447152674198150635e-01 -1.381468027830123901e-02
3.532364964485168457e-01 -1.346900593489408493e-02
3.617514669895172119e-01 -1.311547309160232544e-02
3.702664375305175781e-01 -1.275539677590131760e-02
3.787740767002105713e-01 -1.238680817186832428e-02
3.872931301593780518e-01 -1.202194020152091980e-02
3.958386778831481934e-01 -1.166031137108802795e-02
4.044145643711090088e-01 -1.129801850765943527e-02
4.129994511604309082e-01 -1.093845721334218979e-02
4.215864539146423340e-01 -1.057650614529848099e-02
4.301764070987701416e-01 -1.019965857267379761e-02
4.387651979923248291e-01 -9.812963195145130157e-03
4.473512768745422363e-01 -9.421569295227527618e-03
4.559185802936553955e-01 -9.025107137858867645e-03
4.644842147827148438e-01 -8.634385652840137482e-03
4.730440080165863037e-01 -8.247171528637409210e-03
4.815953075885772705e-01 -7.864692248404026031e-03
4.901402890682220459e-01 -7.488001137971878052e-03
4.986838400363922119e-01 -7.113627158105373383e-03
5.072426795959472656e-01 -6.734058260917663574e-03
5.158151388168334961e-01 -6.359490565955638885e-03
5.243952274322509766e-01 -5.981991067528724670e-03
5.329817533493041992e-01 -5.602107848972082138e-03
5.415762066841125488e-01 -5.225256551057100296e-03
5.501630902290344238e-01 -4.847970325499773026e-03
5.587391257286071777e-01 -4.469775594770908356e-03
5.673155784606933594e-01 -4.100737627595663071e-03
5.758886933326721191e-01 -3.740859916433691978e-03
5.844694375991821289e-01 -3.388826502487063408e-03
5.930453538894653320e-01 -3.058232599869370461e-03
6.016088128089904785e-01 -2.732316032052040100e-03
6.101542711257934570e-01 -2.416190225630998611e-03
6.186832785606384277e-01 -2.103977836668491364e-03
6.271889805793762207e-01 -1.803852152079343796e-03
6.356852650642395020e-01 -1.510993926785886288e-03
6.441868543624877930e-01 -1.239765668287873268e-03
6.526862978935241699e-01 -9.685980621725320816e-04
6.611886024475097656e-01 -6.909327348694205284e-04
6.696970462799072266e-01 -4.213140055071562529e-04
6.782049536705017090e-01 -1.366985088679939508e-04
6.867151260375976562e-01 1.574895868543535471e-04
6.952244639396667480e-01 4.512195591814815998e-04
7.037253379821777344e-01 7.217059610411524773e-04
7.122353315353393555e-01 9.651285945437848568e-04
7.207400798797607422e-01 1.185884815640747547e-03
7.292258143424987793e-01 1.402812427841126919e-03
7.377044558525085449e-01 1.606143778190016747e-03
7.461997270584106445e-01 1.790912356227636337e-03
7.547066211700439453e-01 1.969678793102502823e-03
7.632387876510620117e-01 2.132398774847388268e-03
7.717839479446411133e-01 2.256595296785235405e-03
7.803478837013244629e-01 2.333148382604122162e-03
7.889360189437866211e-01 2.378322882577776909e-03
7.975169420242309570e-01 2.429385436698794365e-03
8.060821890830993652e-01 2.493054606020450592e-03
8.146374225616455078e-01 2.574671059846878052e-03
8.231896758079528809e-01 2.681946149095892906e-03
8.317215442657470703e-01 2.814765553921461105e-03
8.402293920516967773e-01 2.949923975393176079e-03
8.486987352371215820e-01 3.054926171898841858e-03
8.571450114250183105e-01 3.117837943136692047e-03
8.655710816383361816e-01 3.152900608256459236e-03
8.739721179008483887e-01 3.173877717927098274e-03
8.823558688163757324e-01 3.164261579513549805e-03
8.907276391983032227e-01 3.121427726000547409e-03
8.991058468818664551e-01 3.051296574994921684e-03
9.075008034706115723e-01 2.949226647615432739e-03
9.158990979194641113e-01 2.796488581225275993e-03
9.242818951606750488e-01 2.578946063295006752e-03
9.330469965934753418e-01 2.301359549164772034e-03
9.412991404533386230e-01 2.018873114138841629e-03
9.491716623306274414e-01 1.741700572893023491e-03
9.567908048629760742e-01 1.466251560486853123e-03
9.642778635025024414e-01 1.193017000332474709e-03
9.678862094879150391e-01 1.064747455529868603e-03
9.752035140991210938e-01 7.896439637988805771e-04
9.828413128852844238e-01 4.736040136776864529e-04
9.910234212875366211e-01 9.720699745230376720e-05
9.999736547470092773e-01 -3.589676634874194860e-04
