Airfoils1D_454F
9.999993988986702886e-01 3.635785795360808349e-04
9.915401960558969385e-01 1.228455024692208389e-03
9.830684922978064622e-01 2.108378780785809432e-03
9.745840002209175124e-01 3.001033753668383517e-03
9.660864299833233915e-01 3.904080867397506129e-03
9.575753474024728540e-01 4.815173020528936039e-03
9.490505394576311815e-01 5.731915693672545373e-03
9.405133684370852176e-01 6.651720288965541454e-03
9.319828349237010423e-01 7.570078872804129368e-03
9.234662228760255331e-01 8.483755398406867335e-03
9.149630898230108889e-01 9.390370141380695659e-03
9.064731132295636984e-01 1.028755434123916623e-02
8.979960020557740119e-01 1.117295948316690719e-02
8.895315909671436261e-01 1.204424756031599424e-02
8.810795160760160893e-01 1.289912446521338657e-02
8.726394419326047869e-01 1.373531560771337583e-02
8.642109677990448269e-01 1.455057469999764680e-02
8.557811778095232302e-01 1.534458523863085726e-02
8.473370987384551967e-01 1.611991755197711082e-02
8.388789163944371241e-01 1.687862103834114266e-02
8.304068002108633273e-01 1.762276511057412828e-02
8.219209204252705403e-01 1.835443774087037669e-02
8.134213689717644247e-01 1.907575231744832941e-02
8.049083086794778241e-01 1.978883502725307247e-02
7.963819071649635983e-01 2.049583097116562669e-02
7.878351487767750738e-01 2.119991696858497532e-02
7.792859312947331141e-01 2.190395551771121690e-02
7.707644696755636682e-01 2.261022360186939681e-02
7.622710684692852734e-01 2.332337705636149811e-02
7.538058620226013584e-01 2.404799637569288509e-02
7.453690153027447973e-01 2.478857199961495561e-02
7.369608655561801225e-01 2.554949274827097994e-02
7.285783025497223342e-01 2.633539037810346886e-02
7.201573315845247736e-01 2.714313878312924269e-02
7.120974202889890359e-01 2.787122720077683108e-02
7.041095591976739287e-01 2.849489711403406858e-02
6.957946122051636983e-01 2.907338955058783384e-02
6.872867023423340216e-01 2.964310648614783272e-02
6.787522954541252984e-01 3.020613196102484715e-02
6.701934491056247278e-01 3.076655881869443110e-02
6.616351570309089158e-01 3.132705231581767169e-02
6.530813137293647319e-01 3.189049566860643198e-02
6.445142621636772429e-01 3.245679095051136331e-02
6.359498475484657298e-01 3.302260070860633251e-02
6.273981327172136746e-01 3.358497370993432374e-02
6.188590800825473082e-01 3.414164677216954824e-02
6.103327892787816511e-01 3.469036886945395942e-02
6.018190458666121678e-01 3.522893003916222759e-02
5.933177177084910658e-01 3.575513497751545144e-02
5.848230375520141466e-01 3.626749028289589366e-02
5.763296737140425341e-01 3.676573852786604868e-02
5.678375308778447206e-01 3.724959265543916626e-02
5.593465745435493019e-01 3.771876221793456913e-02
5.508567749902308908e-01 3.817295684038445047e-02
5.423681087889365982e-01 3.861188618402683348e-02
5.338805549120539951e-01 3.903526019355973986e-02
5.253940680306091737e-01 3.944279037778771618e-02
5.169086180723915236e-01 3.983418779228479339e-02
5.084241748664642957e-01 4.020916384492589923e-02
4.999407235034213914e-01 4.056742966009821427e-02
4.914582239146262355e-01 4.090869781646219033e-02
4.829766397845641213e-01 4.123268101809075825e-02
4.744959404939789183e-01 4.153909206053841424e-02
4.660160968221808142e-01 4.182764402928313557e-02
4.575371025196925401e-01 4.209804964796615145e-02
4.490595812527842234e-01 4.234996536990754540e-02
4.405841997385461783e-01 4.258290796819467344e-02
4.321110524424064958e-01 4.279638059246738957e-02
4.236402410046963829e-01 4.298988734855135885e-02
4.151718690285974289e-01 4.316293348971306926e-02
4.067060029484889649e-01 4.331502610317060353e-02
3.982427329965828600e-01 4.344567278120909509e-02
3.897821491774879910e-01 4.355438219724794974e-02
3.813243541463111064e-01 4.364066399049601475e-02
3.728694451270421761e-01 4.370402905154101986e-02
3.644174904774781232e-01 4.374398953383365485e-02
3.559685790828523988e-01 4.376005842477802277e-02
3.475227994964648071e-01 4.375174978334027409e-02
3.390802485878023353e-01 4.371857878379960261e-02
3.306410291932682655e-01 4.366006182383858764e-02
3.222052048197123764e-01 4.357571610055235856e-02
3.137728624615331863e-01 4.346505992454698097e-02
3.053440886674714805e-01 4.332761265582325827e-02
2.969189695170171284e-01 4.316289469747863067e-02
2.884976198226741895e-01 4.297042820551096737e-02
2.800800970364916709e-01 4.274973517389690086e-02
2.716664837967010526e-01 4.250033905256053735e-02
2.632568640517735647e-01 4.222176434131028055e-02
2.548513211580599735e-01 4.191353653977976379e-02
2.464499489742638383e-01 4.157518260434309859e-02
2.380528368275926232e-01 4.120623045415851282e-02
2.296600474743420994e-01 4.080620780108897006e-02
2.212716616350320908e-01 4.037464402362091198e-02
2.128877593104058497e-01 3.991106943405552804e-02
2.045084197557645034e-01 3.941501526224915758e-02
1.961337364817590245e-01 3.888601461751835242e-02
1.877639712456586896e-01 3.832361342758518891e-02
1.794148187077568568e-01 3.772756845174424223e-02
1.711009323916910241e-01 3.709439571659649965e-02
1.628227813863998286e-01 3.641899589504028062e-02
1.545807120004535073e-01 3.569638227615525711e-02
1.463750480957453359e-01 3.492168397039292077e-02
1.382060862618133268e-01 3.409014164063638858e-02
1.300741150226903398e-01 3.319710570814948108e-02
1.219793236734711961e-01 3.223802193863556376e-02
1.139008294134486454e-01 3.120688965316532199e-02
1.058192312997106171e-01 3.010205642307109408e-02
9.773596884297659770e-02 2.892546440539127406e-02
8.965252898871801934e-02 2.767908525932016514e-02
8.157040625591592542e-02 2.636491478389199963e-02
7.349110162534572277e-02 2.498497228147639193e-02
6.541612148700558238e-02 2.354129989459496919e-02
5.735246919050414338e-02 2.203700633498030179e-02
4.956804308066627834e-02 2.051068018327355594e-02
4.224602744743354010e-02 1.894338092596341977e-02
3.533253998548497449e-02 1.727862045138765790e-02
2.877633476236600776e-02 1.547336955811231575e-02
2.253559610995217385e-02 1.349457073995039523e-02
1.656633653018122279e-02 1.131199976019875604e-02
1.083084427259564837e-02 8.897744345488593429e-03
5.616794013840131772e-03 6.389031903218255273e-03
3.238632404116872313e-03 5.055343915774029862e-03
2.124685743783244918e-03 4.225817299995157823e-03
1.344299508431296601e-03 3.441660321603054982e-03
8.494746567485303608e-04 2.758832821567547625e-03
4.657942555725850197e-04 2.003292471500553711e-03
2.219404674582902087e-04 1.263492363058167254e-03
9.225725937925428888e-05 5.309619148997493177e-04
7.285001699764165220e-05 -1.963124304522156471e-04
1.504772397028607668e-04 -8.249083200389580733e-04
3.149796305608532684e-04 -1.427993809689529631e-03
5.648367413057089675e-04 -1.996404879697160836e-03
9.159158340222349568e-04 -2.540219529612242760e-03
1.353064489492121925e-03 -3.015817312837316879e-03
1.954718993110588811e-03 -3.487177856528874895e-03
2.919169794568194764e-03 -4.029213400413362428e-03
4.870860890323888692e-03 -4.818725589572466633e-03
9.918145116004145265e-03 -6.525256907027513972e-03
1.559338671213743831e-02 -8.104621316520970245e-03
2.152896987605915427e-02 -9.424500139034595186e-03
2.777130948992987194e-02 -1.050392767357385786e-02
3.436734997660467750e-02 -1.136337156510531382e-02
4.137385351237229947e-02 -1.202996136384780479e-02
4.884944619392177223e-02 -1.254166399006035812e-02
5.688214184114859934e-02 -1.295691748565911371e-02
6.523562216587436291e-02 -1.333066045124223220e-02
7.359892710914345271e-02 -1.366555008881945553e-02
8.197147984822182598e-02 -1.396313395987385138e-02
9.035338995159526709e-02 -1.422500263373950753e-02
9.874476348015093219e-02 -1.445275741848671414e-02
1.071457032899996720e-01 -1.464801060998865111e-02
1.155563689434162961e-01 -1.481238678281045391e-02
1.239768439897442759e-01 -1.494752008362104298e-02
1.324071809916293474e-01 -1.505505622532522271e-02
1.408474728279710542e-01 -1.513665365758620415e-02
1.492978105681070644e-01 -1.519398283822164311e-02
1.577583199245858603e-01 -1.522872650207182307e-02
1.662291380325797985e-01 -1.524257937823161185e-02
1.747102701722138274e-01 -1.523724851894173171e-02
1.832018024890212649e-01 -1.521445404544940344e-02
1.917037830973702117e-01 -1.517592904097030647e-02
2.002115056855531539e-01 -1.512316679681283312e-02
2.087203527733639263e-01 -1.505661286475281149e-02
2.172302807206835662e-01 -1.497643922833238536e-02
2.257412681194974902e-01 -1.488281787917504831e-02
2.342532966053945398e-01 -1.477592089604252805e-02
2.427663517107423174e-01 -1.465592040883372318e-02
2.512804018532741046e-01 -1.452298891362540159e-02
2.597954254876230773e-01 -1.437729891652814174e-02
2.683114010378303549e-01 -1.421902305244405855e-02
2.768283183358010713e-01 -1.404833384771266187e-02
2.853461461686654377e-01 -1.386540435877700421e-02
2.938648610395054317e-01 -1.367040764369601563e-02
3.023844412631589984e-01 -1.346351685415984878e-02
3.109048722374888607e-01 -1.324490508384197802e-02
3.194261314100302895e-01 -1.301474573687985171e-02
3.279481907608980396e-01 -1.277321250977829850e-02
3.364710285169651982e-01 -1.252047907174978943e-02
3.449946261477043752e-01 -1.225671911821200714e-02
3.535189688105717098e-01 -1.198210633563543369e-02
3.620440244699293375e-01 -1.169681509095494946e-02
3.705697712847287328e-01 -1.140101957086357524e-02
3.790961873999429965e-01 -1.109489409115231411e-02
3.876232644325545706e-01 -1.077861258857003464e-02
3.961509671370407326e-01 -1.045235010920946700e-02
4.046792735226649174e-01 -1.011628136028242496e-02
4.132081616897923526e-01 -9.770581174195163907e-03
4.217376204300813392e-01 -9.415424060780190271e-03
4.302676201284377777e-01 -9.050985408532389448e-03
4.387981358818243138e-01 -8.677440559290660466e-03
4.473291457633142842e-01 -8.294964860945401933e-03
4.558606362348823771e-01 -7.903733400728208888e-03
4.643925973241033178e-01 -7.503921191957096254e-03
4.729260829295785507e-01 -7.095714815071114262e-03
4.814621671393932711e-01 -6.679541093004399098e-03
4.900009414478015968e-01 -6.255932938935600783e-03
4.985424650052474593e-01 -5.825425995807149808e-03
5.070867734468748056e-01 -5.388558320209822956e-03
5.156339245448793296e-01 -4.945868083065044392e-03
5.241839967833312741e-01 -4.497893571686195982e-03
5.327370512848914608e-01 -4.045175166113896756e-03
5.412931221884106359e-01 -3.588255910359159848e-03
5.498522673577812547e-01 -3.127678831057708383e-03
5.584145694943660754e-01 -2.663986828499682619e-03
5.669800828242219648e-01 -2.197725557818888068e-03
5.755488445392100694e-01 -1.729442848248445314e-03
5.841209126567380450e-01 -1.259686637428997051e-03
5.926963786588778094e-01 -7.890042616655161285e-04
6.012737842101550934e-01 -3.180293800458143180e-04
6.098493308052660433e-01 1.525134076162952719e-04
6.184231910489669248e-01 6.222682501885840826e-04
6.269952976926495003e-01 1.090903567281858045e-03
6.355656244464070737e-01 1.558090457024056226e-03
6.441341229546750924e-01 2.023499241691061046e-03
6.527007401739045589e-01 2.486800423525703605e-03
6.612654041301084806e-01 2.947663926095345048e-03
6.698271579703883871e-01 3.405712943784604263e-03
6.783199568189824946e-01 3.853292531935602686e-03
6.866819449923428076e-01 4.268410094546593904e-03
6.949185618462337954e-01 4.630706235149713128e-03
7.030363264352624819e-01 4.921716205438765417e-03
7.111548653639792050e-01 5.133481211121270274e-03
7.193893804255631075e-01 5.280408323731302506e-03
7.277441141072331643e-01 5.380062806868878694e-03
7.362224055545352197e-01 5.451606731518369650e-03
7.447620254943421170e-01 5.511630960425197706e-03
7.532976599218418334e-01 5.562515640770150996e-03
7.618283114106240150e-01 5.603428899365274669e-03
7.703540319203051601e-01 5.633549349885839767e-03
7.788748116926456078e-01 5.652058029653971721e-03
7.873906410746689399e-01 5.658138790670445839e-03
7.959014654530401911e-01 5.650978362468604688e-03
8.044073049205875403e-01 5.629766322601642906e-03
8.129081666878344992e-01 5.593694909138446567e-03
8.214040418335436522e-01 5.541959126247046619e-03
8.298949092225836877e-01 5.473756842694084412e-03
8.383807274786734265e-01 5.388288997636669214e-03
8.468615348428856215e-01 5.284758493635799415e-03
8.553373237034767040e-01 5.162371265202764931e-03
8.638080868756203845e-01 5.020335936171266278e-03
8.722737979926071805e-01 4.857864203325007804e-03
8.807355441204175461e-01 4.674208739921119175e-03
8.891943575031132641e-01 4.468868268876557276e-03
8.976501387588055048e-01 4.241426078318998386e-03
9.061027837173438737e-01 3.991466345873868546e-03
9.145521749768311670e-01 3.718574488639138798e-03
9.229982074801361680e-01 3.422336417946189591e-03
9.314407930185965023e-01 3.102338195361769354e-03
9.398798286046268213e-01 2.758167126944282514e-03
9.483152115846502639e-01 2.389411293276506084e-03
9.567468305912654181e-01 1.995659982949854212e-03
9.651745742353404767e-01 1.576503382617398417e-03
9.735983596572319598e-01 1.131531031557642206e-03
9.820180857107616568e-01 6.603340714812849181e-04
9.904336516670338986e-01 1.625043965834518976e-04
9.988449572315194480e-01 -3.623653522923633223e-04
