Airfoils1D_361
9.999995231628417969e-01 -5.906283040530979633e-04
9.925556778907775879e-01 6.542479386553168297e-04
9.850109219551086426e-01 1.836254843510687351e-03
9.773654341697692871e-01 2.961363410577178001e-03
9.696194529533386230e-01 4.035543650388717651e-03
9.578110575675964355e-01 5.564282182604074478e-03
9.498074650764465332e-01 6.537787150591611862e-03
9.417029023170471191e-01 7.482374086976051331e-03
9.335089921951293945e-01 8.403487503528594971e-03
9.252418279647827148e-01 9.305289015173912048e-03
9.169195294380187988e-01 1.019055675715208054e-02
9.085596203804016113e-01 1.106079947203397751e-02
9.001766443252563477e-01 1.191656384617090225e-02
8.917796611785888672e-01 1.275800727307796478e-02
8.833697438240051270e-01 1.358572486788034439e-02
8.749434351921081543e-01 1.440105121582746506e-02
8.665024042129516602e-01 1.520490739494562149e-02
8.580491542816162109e-01 1.599796302616596222e-02
8.495864272117614746e-01 1.678067818284034729e-02
8.411167263984680176e-01 1.755330711603164673e-02
8.326419591903686523e-01 1.831596530973911285e-02
8.241632580757141113e-01 1.906870119273662567e-02
8.156808018684387207e-01 1.981160603463649750e-02
8.071938753128051758e-01 2.054487168788909912e-02
7.987024784088134766e-01 2.126866579055786133e-02
7.902066111564636230e-01 2.198315039277076721e-02
7.817063331604003906e-01 2.268848568201065063e-02
7.732016444206237793e-01 2.338483557105064392e-02
7.646924853324890137e-01 2.407236956059932709e-02
7.561788558959960938e-01 2.475125342607498169e-02
7.476603984832763672e-01 2.542169578373432159e-02
7.391375303268432617e-01 2.608386985957622528e-02
7.306109070777893066e-01 2.673785947263240814e-02
7.220815420150756836e-01 2.738364972174167633e-02
7.135506868362426758e-01 2.802111953496932983e-02
7.050192952156066895e-01 2.865004353225231171e-02
6.964883804321289062e-01 2.927012369036674500e-02
6.879584789276123047e-01 2.988101728260517120e-02
6.794296503067016602e-01 3.048239462077617645e-02
6.709015965461730957e-01 3.107396140694618225e-02
6.623743176460266113e-01 3.165543079376220703e-02
6.538478732109069824e-01 3.222650289535522461e-02
6.453222632408142090e-01 3.278688713908195496e-02
6.367974877357482910e-01 3.333628550171852112e-02
6.282736063003540039e-01 3.387441113591194153e-02
6.197505593299865723e-01 3.440096601843833923e-02
6.112284064292907715e-01 3.491566330194473267e-02
6.027072072029113770e-01 3.541821241378784180e-02
5.941869020462036133e-01 3.590832650661468506e-02
5.856676101684570312e-01 3.638570755720138550e-02
5.771492719650268555e-01 3.685007244348526001e-02
5.686318874359130859e-01 3.730113431811332703e-02
5.601155161857604980e-01 3.773859888315200806e-02
5.516001582145690918e-01 3.816219046711921692e-02
5.430858731269836426e-01 3.857161477208137512e-02
5.345726013183593750e-01 3.896659240126609802e-02
5.260604619979858398e-01 3.934682905673980713e-02
5.175493359565734863e-01 3.971204906702041626e-02
5.090393424034118652e-01 4.006196931004524231e-02
5.005304813385009766e-01 4.039631038904190063e-02
4.920227229595184326e-01 4.071477800607681274e-02
4.835160672664642334e-01 4.101710394024848938e-02
4.750105440616607666e-01 4.130300879478454590e-02
4.665061533451080322e-01 4.157219827175140381e-02
4.580029845237731934e-01 4.182440787553787231e-02
4.495010673999786377e-01 4.205934330821037292e-02
4.410006105899810791e-01 4.227672144770622253e-02
4.325017035007476807e-01 4.247623309493064880e-02
4.240046143531799316e-01 4.265759140253067017e-02
4.155094623565673828e-01 4.282047599554061890e-02
4.070165157318115234e-01 4.296458885073661804e-02
3.985258340835571289e-01 4.308962821960449219e-02
3.900376558303833008e-01 4.319529235363006592e-02
3.815521299839019775e-01 4.328127950429916382e-02
3.730693757534027100e-01 4.334728047251701355e-02
3.645895719528198242e-01 4.339300841093063354e-02
3.561128973960876465e-01 4.341815784573554993e-02
3.476393818855285645e-01 4.342243075370788574e-02
3.391686379909515381e-01 4.340557008981704712e-02
3.307011723518371582e-01 4.336731135845184326e-02
3.222382962703704834e-01 4.330736398696899414e-02
3.137819468975067139e-01 4.322530329227447510e-02
3.053342998027801514e-01 4.312055185437202454e-02
2.968976497650146484e-01 4.299238696694374084e-02
2.884740233421325684e-01 4.283991083502769470e-02
2.800649106502532959e-01 4.266212508082389832e-02
2.716709971427917480e-01 4.245797917246818542e-02
2.632921934127807617e-01 4.222643375396728516e-02
2.549288868904113770e-01 4.196649417281150818e-02
2.465814352035522461e-01 4.167717695236206055e-02
2.382502853870391846e-01 4.135750979185104370e-02
2.299358099699020386e-01 4.100652411580085754e-02
2.216383814811706543e-01 4.062326997518539429e-02
2.133581489324569702e-01 4.020677134394645691e-02
2.050942927598953247e-01 3.975607827305793762e-02
1.968477070331573486e-01 3.927038609981536865e-02
1.886210888624191284e-01 3.874888643622398376e-02
1.804185807704925537e-01 3.819066286087036133e-02
1.722452044486999512e-01 3.759456425905227661e-02
1.641063243150711060e-01 3.695917129516601562e-02
1.560070663690567017e-01 3.628277778625488281e-02
1.479512304067611694e-01 3.556336462497711182e-02
1.399388760328292847e-01 3.479861840605735779e-02
1.319717168807983398e-01 3.398664668202400208e-02
1.240562275052070618e-01 3.312598168849945068e-02
1.162018477916717529e-01 3.221507743000984192e-02
1.084195151925086975e-01 3.125207126140594482e-02
1.007203757762908936e-01 3.023459389805793762e-02
9.311442077159881592e-02 2.915969304740428925e-02
8.560732752084732056e-02 2.802347019314765930e-02
7.818939536809921265e-02 2.681959606707096100e-02
7.086446881294250488e-02 2.554536424577236176e-02
6.366109848022460938e-02 2.420226298272609711e-02
5.662303417921066284e-02 2.279328927397727966e-02
4.980154708027839661e-02 2.132137678563594818e-02
4.324835911393165588e-02 1.978840492665767670e-02
3.700749203562736511e-02 1.819419115781784058e-02
3.108653984963893890e-02 1.652593351900577545e-02
2.543156966567039490e-02 1.474834512919187546e-02
2.011441998183727264e-02 1.289058104157447815e-02
1.527996826916933060e-02 1.101971417665481567e-02
1.106230728328227997e-02 9.201140142977237701e-03
7.551314309239387512e-03 7.480385713279247284e-03
4.796732682734727859e-03 5.897928029298782349e-03
2.795363310724496841e-03 4.492378793656826019e-03
1.468115020543336868e-03 3.276027739048004150e-03
6.543726194649934769e-04 2.213637810200452805e-03
1.680122804827988148e-04 1.243438106030225754e-03
-3.526237560436129570e-05 3.631514555308967829e-04
1.451191565138287842e-05 -4.296668048482388258e-04
2.673172857612371445e-04 -1.150356139987707138e-03
6.668156711384654045e-04 -1.821832032874226570e-03
1.167997485026717186e-03 -2.451078267768025398e-03
1.917693880386650562e-03 -3.075950779020786285e-03
3.240038407966494560e-03 -3.775737015530467033e-03
5.357430316507816315e-03 -4.597353748977184296e-03
8.393541909754276276e-03 -5.553092807531356812e-03
1.236922293901443481e-02 -6.618278101086616516e-03
1.721029356122016907e-02 -7.741370704025030136e-03
2.275081165134906769e-02 -8.849027566611766815e-03
2.877100370824337006e-02 -9.865039959549903870e-03
3.511254489421844482e-02 -1.073880679905414581e-02
4.180304706096649170e-02 -1.148740760982036591e-02
4.893656447529792786e-02 -1.215759757906198502e-02
5.646173283457756042e-02 -1.276354957371950150e-02
6.429827213287353516e-02 -1.331672444939613342e-02
7.235094159841537476e-02 -1.382500864565372467e-02
8.052758872509002686e-02 -1.429272256791591644e-02
8.875682950019836426e-02 -1.472118869423866272e-02
9.701226651668548584e-02 -1.511155534535646439e-02
1.053185760974884033e-01 -1.546861790120601654e-02
1.136780157685279846e-01 -1.579703390598297119e-02
1.220781579613685608e-01 -1.609991490840911865e-02
1.305043250322341919e-01 -1.637922227382659912e-02
1.389416456222534180e-01 -1.663570664823055267e-02
1.473772376775741577e-01 -1.686904765665531158e-02
1.558019071817398071e-01 -1.707815192639827728e-02
1.642113327980041504e-01 -1.726154983043670654e-02
1.726101785898208618e-01 -1.741809770464897156e-02
1.810028105974197388e-01 -1.754702441394329071e-02
1.893948614597320557e-01 -1.764799281954765320e-02
1.977929025888442993e-01 -1.772121526300907135e-02
2.062036246061325073e-01 -1.776750572025775909e-02
2.146327495574951172e-01 -1.778820902109146118e-02
2.230844497680664062e-01 -1.778508536517620087e-02
2.315611690282821655e-01 -1.776018738746643066e-02
2.400602102279663086e-01 -1.771556213498115540e-02
2.485779970884323120e-01 -1.765304990112781525e-02
2.571097314357757568e-01 -1.757415197789669037e-02
2.656497955322265625e-01 -1.747994869947433472e-02
2.741925120353698730e-01 -1.737102121114730835e-02
2.827330529689788818e-01 -1.724749989807605743e-02
2.912679314613342285e-01 -1.710914075374603271e-02
2.997954785823822021e-01 -1.695547066628932953e-02
3.083175420761108398e-01 -1.678598672151565552e-02
3.168358504772186279e-01 -1.660035550594329834e-02
3.253526389598846436e-01 -1.639840938150882721e-02
3.338706493377685547e-01 -1.618019677698612213e-02
3.423925638198852539e-01 -1.594601012766361237e-02
3.509207665920257568e-01 -1.569638773798942566e-02
3.594568967819213867e-01 -1.543204952031373978e-02
3.680014312267303467e-01 -1.515385042876005173e-02
3.765537142753601074e-01 -1.486264541745185852e-02
3.851136863231658936e-01 -1.455923821777105331e-02
3.936814665794372559e-01 -1.424443442374467850e-02
4.022571444511413574e-01 -1.391903869807720184e-02
4.108407497406005859e-01 -1.358387060463428497e-02
4.194324016571044922e-01 -1.323974784463644028e-02
4.280322790145874023e-01 -1.288749184459447861e-02
4.366408884525299072e-01 -1.252794265747070312e-02
4.452581107616424561e-01 -1.216199342161417007e-02
4.538830518722534180e-01 -1.179051864892244339e-02
4.625142812728881836e-01 -1.141430251300334930e-02
4.711501598358154297e-01 -1.103399135172367096e-02
4.797889888286590576e-01 -1.065007131546735764e-02
4.884292781352996826e-01 -1.026287209242582321e-02
4.970700740814208984e-01 -9.872576221823692322e-03
5.057110786437988281e-01 -9.479274041950702667e-03
5.143527984619140625e-01 -9.083040058612823486e-03
5.229954123497009277e-01 -8.683994412422180176e-03
5.316389203071594238e-01 -8.282256312668323517e-03
5.402833223342895508e-01 -7.877953350543975830e-03
5.489286780357360840e-01 -7.471210788935422897e-03
5.575749874114990234e-01 -7.062152493745088577e-03
5.662222504615783691e-01 -6.650906987488269806e-03
5.748699307441711426e-01 -6.237593013793230057e-03
5.835190415382385254e-01 -5.822229199111461639e-03
5.921714901924133301e-01 -5.404863506555557251e-03
6.008273363113403320e-01 -4.985760431736707687e-03
6.094855070114135742e-01 -4.565426148474216461e-03
6.181437373161315918e-01 -4.144607111811637878e-03
6.267991662025451660e-01 -3.724257461726665497e-03
6.354487538337707520e-01 -3.305481746792793274e-03
6.440896391868591309e-01 -2.889450173825025558e-03
6.527194380760192871e-01 -2.477281726896762848e-03
6.613385677337646484e-01 -2.069921465590596199e-03
6.699481606483459473e-01 -1.668264856562018394e-03
6.785485148429870605e-01 -1.273247529752552509e-03
6.871396899223327637e-01 -8.858005166985094547e-04
6.957218647003173828e-01 -5.068489699624478817e-04
7.042952179908752441e-01 -1.373124541714787483e-04
7.128594517707824707e-01 2.218633744632825255e-04
7.214150428771972656e-01 5.697389715351164341e-04
7.299627661705017090e-01 9.054468246176838875e-04
7.385040521621704102e-01 1.228232285939157009e-03
7.470403909683227539e-01 1.537474105134606361e-03
7.555733919143676758e-01 1.832687295973300934e-03
7.641041874885559082e-01 2.113505732268095016e-03
7.726335525512695312e-01 2.379650715738534927e-03
7.811618447303771973e-01 2.630877774208784103e-03
7.896884083747863770e-01 2.866912866011261940e-03
7.982130646705627441e-01 3.087463090196251869e-03
8.067357540130615234e-01 3.292239038273692131e-03
8.152562975883483887e-01 3.480952698737382889e-03
8.237745761871337891e-01 3.653315594419836998e-03
8.322904706001281738e-01 3.809040645137429237e-03
8.408048152923583984e-01 3.947854973375797272e-03
8.493261337280273438e-01 4.069949034601449966e-03
8.578513264656066895e-01 4.175811540335416794e-03
8.663632273674011230e-01 4.264906514436006546e-03
8.748350143432617188e-01 4.334796685725450516e-03
8.832234144210815430e-01 4.380496218800544739e-03
8.914990425109863281e-01 4.393756855279207230e-03
8.996629118919372559e-01 4.364913795143365860e-03
9.077433943748474121e-01 4.285196308046579361e-03
9.158073067665100098e-01 4.148812033236026764e-03
9.239267110824584961e-01 3.956676926463842392e-03
9.321290850639343262e-01 3.715074155479669571e-03
9.404023289680480957e-01 3.431783523410558701e-03
9.487006664276123047e-01 3.113137092441320419e-03
9.569489359855651855e-01 2.761408919468522072e-03
9.610381722450256348e-01 2.572695259004831314e-03
9.691230654716491699e-01 2.160844393074512482e-03
9.770476818084716797e-01 1.698109554126858711e-03
9.847692251205444336e-01 1.178508857265114784e-03
9.922448396682739258e-01 5.960605922155082226e-04
