Airfoils1D_295
9.990741014480590820e-01 1.275606628041714430e-04
9.912356734275817871e-01 9.191412245854735374e-04
9.826415777206420898e-01 1.826748717576265335e-03
9.735132455825805664e-01 2.814424457028508186e-03
9.640721678733825684e-01 3.846209496259689331e-03
9.500417113304138184e-01 5.362407304346561432e-03
9.409208297729492188e-01 6.322653964161872864e-03
9.320353269577026367e-01 7.242417894303798676e-03
9.235004782676696777e-01 8.106481283903121948e-03
9.154502153396606445e-01 8.907516486942768097e-03
9.069971442222595215e-01 9.745910763740539551e-03
8.985362648963928223e-01 1.057723071426153183e-02
8.900656700134277344e-01 1.137967593967914581e-02
8.815864324569702148e-01 1.215204782783985138e-02
8.730964064598083496e-01 1.290470454841852188e-02
8.646059036254882812e-01 1.364358607679605484e-02
8.560920357704162598e-01 1.437726523727178574e-02
8.475711941719055176e-01 1.509914919734001160e-02
8.390603661537170410e-01 1.581140048801898956e-02
8.305560946464538574e-01 1.652955822646617889e-02
8.220596313476562500e-01 1.725367270410060883e-02
8.135494589805603027e-01 1.797020994126796722e-02
8.050307035446166992e-01 1.868766732513904572e-02
7.965063452720642090e-01 1.940390653908252716e-02
7.879633307456970215e-01 2.010749280452728271e-02
7.794122099876403809e-01 2.079237997531890869e-02
7.708709239959716797e-01 2.145218662917613983e-02
7.623468041419982910e-01 2.208742313086986542e-02
7.538444399833679199e-01 2.272128127515316010e-02
7.453551292419433594e-01 2.334428951144218445e-02
7.368689775466918945e-01 2.396382577717304230e-02
7.283971905708312988e-01 2.458623982965946198e-02
7.199293971061706543e-01 2.520476840436458588e-02
7.114644646644592285e-01 2.581698261201381683e-02
7.029929757118225098e-01 2.641850523650646210e-02
6.945201754570007324e-01 2.700358442962169647e-02
6.860501170158386230e-01 2.756833657622337341e-02
6.775861978530883789e-01 2.812823094427585602e-02
6.691237092018127441e-01 2.868146076798439026e-02
6.606601476669311523e-01 2.924232557415962219e-02
6.522039175033569336e-01 2.979838103055953979e-02
6.437372565269470215e-01 3.034695237874984741e-02
6.352586150169372559e-01 3.088931366801261902e-02
6.267480254173278809e-01 3.141774237155914307e-02
6.182163357734680176e-01 3.192362934350967407e-02
6.096655726432800293e-01 3.241012990474700928e-02
6.011108756065368652e-01 3.289068490266799927e-02
5.925642848014831543e-01 3.335937112569808960e-02
5.840173959732055664e-01 3.382190316915512085e-02
5.754806399345397949e-01 3.426508605480194092e-02
5.669468641281127930e-01 3.468503057956695557e-02
5.584172606468200684e-01 3.508674725890159607e-02
5.498864650726318359e-01 3.547895327210426331e-02
5.413604378700256348e-01 3.586269170045852661e-02
5.328371524810791016e-01 3.625519201159477234e-02
5.243201255798339844e-01 3.665233030915260315e-02
5.157970786094665527e-01 3.704090043902397156e-02
5.072506666183471680e-01 3.742782771587371826e-02
4.986929297447204590e-01 3.780024498701095581e-02
4.901279509067535400e-01 3.815138339996337891e-02
4.815700352191925049e-01 3.848734125494956970e-02
4.730172157287597656e-01 3.880691900849342346e-02
4.644813537597656250e-01 3.910452872514724731e-02
4.559617936611175537e-01 3.938822075724601746e-02
4.474411010742187500e-01 3.964375704526901245e-02
4.389314651489257812e-01 3.987755998969078064e-02
4.304310083389282227e-01 4.010524973273277283e-02
4.219383597373962402e-01 4.032590612769126892e-02
4.134550988674163818e-01 4.054120555520057678e-02
4.049771130084991455e-01 4.074831679463386536e-02
3.964945077896118164e-01 4.094147682189941406e-02
3.880094587802886963e-01 4.111816734075546265e-02
3.795225620269775391e-01 4.126934334635734558e-02
3.710255920886993408e-01 4.138992354273796082e-02
3.625509142875671387e-01 4.148823395371437073e-02
3.540822267532348633e-01 4.156588762998580933e-02
3.456071317195892334e-01 4.162435978651046753e-02
3.371271789073944092e-01 4.166413098573684692e-02
3.286371827125549316e-01 4.168833792209625244e-02
3.201450109481811523e-01 4.170808568596839905e-02
3.116609156131744385e-01 4.172299802303314209e-02
3.031979203224182129e-01 4.171546921133995056e-02
2.947499155998229980e-01 4.168565571308135986e-02
2.863330543041229248e-01 4.162620753049850464e-02
2.779390811920166016e-01 4.153788089752197266e-02
2.695610225200653076e-01 4.142180830240249634e-02
2.611904740333557129e-01 4.127999767661094666e-02
2.528264224529266357e-01 4.111804813146591187e-02
2.444625198841094971e-01 4.094346240162849426e-02
2.360866069793701172e-01 4.075389727950096130e-02
2.277035117149353027e-01 4.052986204624176025e-02
2.193071097135543823e-01 4.026548564434051514e-02
2.109171003103256226e-01 3.995509445667266846e-02
2.025547027587890625e-01 3.960862755775451660e-02
1.942354887723922729e-01 3.922465071082115173e-02
1.859556585550308228e-01 3.880392387509346008e-02
1.777301430702209473e-01 3.834787383675575256e-02
1.695493012666702271e-01 3.786323964595794678e-02
1.613961160182952881e-01 3.735204786062240601e-02
1.532854586839675903e-01 3.679460287094116211e-02
1.452018171548843384e-01 3.618272021412849426e-02
1.371526569128036499e-01 3.550751507282257080e-02
1.291513144969940186e-01 3.477140888571739197e-02
1.212137937545776367e-01 3.396730124950408936e-02
1.133213415741920471e-01 3.309073299169540405e-02
1.054996550083160400e-01 3.214734792709350586e-02
9.774081408977508545e-02 3.115114383399486542e-02
9.005720168352127075e-02 3.010626696050167084e-02
8.247863501310348511e-02 2.900364622473716736e-02
7.500988990068435669e-02 2.783963084220886230e-02
6.768599897623062134e-02 2.660572156310081482e-02
6.053314357995986938e-02 2.529471740126609802e-02
5.358378216624259949e-02 2.389244548976421356e-02
4.684543982148170471e-02 2.238638885319232941e-02
4.036134853959083557e-02 2.077063359320163727e-02
3.413243964314460754e-02 1.904749497771263123e-02
2.824505046010017395e-02 1.721523702144622803e-02
2.274970524013042450e-02 1.530418265610933304e-02
1.772356592118740082e-02 1.334939990192651749e-02
1.326283626258373260e-02 1.139393169432878494e-02
9.453468024730682373e-03 9.477509185671806335e-03
6.342695560306310654e-03 7.660408969968557358e-03
3.934362903237342834e-03 5.995149724185466766e-03
2.196717541664838791e-03 4.506105091422796249e-03
1.028636354021728039e-03 3.208838868886232376e-03
3.551498521119356155e-04 2.089808927848935127e-03
3.921124971384415403e-06 1.156906830146908760e-03
-1.211124836117960513e-04 3.718792577274143696e-04
-8.114491356536746025e-05 -3.215947072021663189e-04
1.107145581045188010e-04 -9.799093240872025490e-04
4.708530032075941563e-04 -1.634213491342961788e-03
1.103754853829741478e-03 -2.315718913450837135e-03
2.154138404875993729e-03 -3.066966775804758072e-03
3.774586133658885956e-03 -3.916260786354541779e-03
6.110834889113903046e-03 -4.881636239588260651e-03
9.250858798623085022e-03 -5.942070391029119492e-03
1.326558925211429596e-02 -7.085393182933330536e-03
1.814755424857139587e-02 -8.288403041660785675e-03
2.382315322756767273e-02 -9.504767134785652161e-03
3.016127832233905792e-02 -1.068338658660650253e-02
3.704267367720603943e-02 -1.177171710878610611e-02
4.431677609682083130e-02 -1.275686826556921005e-02
5.185316130518913269e-02 -1.362963486462831497e-02
5.954682826995849609e-02 -1.439438480883836746e-02
6.734122335910797119e-02 -1.505195163190364838e-02
7.519041746854782104e-02 -1.562382746487855911e-02
8.307357877492904663e-02 -1.612684130668640137e-02
9.100049734115600586e-02 -1.656980067491531372e-02
9.897635877132415771e-02 -1.695995777845382690e-02
1.070314273238182068e-01 -1.729827374219894409e-02
1.151549518108367920e-01 -1.761136762797832489e-02
1.233379319310188293e-01 -1.789529621601104736e-02
1.315863430500030518e-01 -1.815568096935749054e-02
1.398956030607223511e-01 -1.838789880275726318e-02
1.482333093881607056e-01 -1.859425194561481476e-02
1.565995812416076660e-01 -1.876189559698104858e-02
1.649981290102005005e-01 -1.888363808393478394e-02
1.734190732240676880e-01 -1.896429993212223053e-02
1.818722039461135864e-01 -1.901022531092166901e-02
1.903357356786727905e-01 -1.904608681797981262e-02
1.987969279289245605e-01 -1.907063275575637817e-02
2.072799652814865112e-01 -1.908906362950801849e-02
2.157706469297409058e-01 -1.910705864429473877e-02
2.242646068334579468e-01 -1.910899579524993896e-02
2.327791601419448853e-01 -1.907643489539623260e-02
2.413004189729690552e-01 -1.900712773203849792e-02
2.498208135366439819e-01 -1.889865845441818237e-02
2.583474814891815186e-01 -1.876449398696422577e-02
2.668664157390594482e-01 -1.862385682761669159e-02
2.753860950469970703e-01 -1.847780868411064148e-02
2.839153409004211426e-01 -1.833199523389339447e-02
2.924525141716003418e-01 -1.819260045886039734e-02
3.009856939315795898e-01 -1.804350875318050385e-02
3.095193505287170410e-01 -1.788150146603584290e-02
3.180271983146667480e-01 -1.770432665944099426e-02
3.265258073806762695e-01 -1.749704405665397644e-02
3.350180983543395996e-01 -1.728344336152076721e-02
3.435170650482177734e-01 -1.706522889435291290e-02
3.520297110080718994e-01 -1.683639176189899445e-02
3.605542480945587158e-01 -1.659823954105377197e-02
3.691077232360839844e-01 -1.635005325078964233e-02
3.776607215404510498e-01 -1.608508452773094177e-02
3.862207531929016113e-01 -1.581062376499176025e-02
3.947619795799255371e-01 -1.552558597177267075e-02
4.033052027225494385e-01 -1.523116044700145721e-02
4.118411839008331299e-01 -1.494217291474342346e-02
4.203862845897674561e-01 -1.464824844151735306e-02
4.289344847202301025e-01 -1.433834899216890335e-02
4.375051558017730713e-01 -1.401937566697597504e-02
4.461050927639007568e-01 -1.369493920356035233e-02
4.547264277935028076e-01 -1.335629448294639587e-02
4.633666574954986572e-01 -1.300984900444746017e-02
4.719912111759185791e-01 -1.265662349760532379e-02
4.806020855903625488e-01 -1.230323500931262970e-02
4.891846477985382080e-01 -1.194355729967355728e-02
4.977422356605529785e-01 -1.156680937856435776e-02
5.062948465347290039e-01 -1.117500662803649902e-02
5.148615241050720215e-01 -1.078576873987913132e-02
5.234354734420776367e-01 -1.041119359433650970e-02
5.320350527763366699e-01 -1.004403363913297653e-02
5.406491160392761230e-01 -9.688857942819595337e-03
5.492576360702514648e-01 -9.338152594864368439e-03
5.578615069389343262e-01 -8.986996486783027649e-03
5.664438605308532715e-01 -8.621970191597938538e-03
5.750182271003723145e-01 -8.235096931457519531e-03
5.836055874824523926e-01 -7.831147871911525726e-03
5.922089219093322754e-01 -7.415925618261098862e-03
6.008276343345642090e-01 -7.005205377936363220e-03
6.094821095466613770e-01 -6.595314480364322662e-03
6.181620359420776367e-01 -6.187643390148878098e-03
6.268556118011474609e-01 -5.779818631708621979e-03
6.355409026145935059e-01 -5.371591541916131973e-03
6.441965699195861816e-01 -4.963244777172803879e-03
6.528112292289733887e-01 -4.560698755085468292e-03
6.613810062408447266e-01 -4.163355566561222076e-03
6.699154376983642578e-01 -3.771114861592650414e-03
6.784339547157287598e-01 -3.392829094082117081e-03
6.869636774063110352e-01 -3.018306102603673935e-03
6.955172419548034668e-01 -2.646751236170530319e-03
7.040992975234985352e-01 -2.276984043419361115e-03
7.126953601837158203e-01 -1.904381671920418739e-03
7.212923169136047363e-01 -1.525250612758100033e-03
7.298596501350402832e-01 -1.157462364062666893e-03
7.383939027786254883e-01 -7.963815005496144295e-04
7.468991279602050781e-01 -4.469893465284258127e-04
7.553938627243041992e-01 -1.227295724675059319e-04
7.638959288597106934e-01 1.773337426129728556e-04
7.724204659461975098e-01 4.580913810059428215e-04
7.809761166572570801e-01 7.243711734190583229e-04
7.895427346229553223e-01 9.814546210691332817e-04
7.981094121932983398e-01 1.243300037458539009e-03
8.066625595092773438e-01 1.500486861914396286e-03
8.151984214782714844e-01 1.762125757522881031e-03
8.237277269363403320e-01 2.016794867813587189e-03
8.322511315345764160e-01 2.249349607154726982e-03
8.407610654830932617e-01 2.465770347043871880e-03
8.492511510848999023e-01 2.677058568224310875e-03
8.577199578285217285e-01 2.862750785425305367e-03
8.661496043205261230e-01 3.009041305631399155e-03
8.745557069778442383e-01 3.118550404906272888e-03
8.829510211944580078e-01 3.190133487805724144e-03
8.913528919219970703e-01 3.215020988136529922e-03
8.997840881347656250e-01 3.197132842615246773e-03
9.082317352294921875e-01 3.136037150397896767e-03
9.166567921638488770e-01 3.051164094358682632e-03
9.250671267509460449e-01 2.960970858111977577e-03
9.338219761848449707e-01 2.830151701346039772e-03
9.420302510261535645e-01 2.686617430299520493e-03
9.498355984687805176e-01 2.528753597289323807e-03
9.573750495910644531e-01 2.347930800169706345e-03
9.647871255874633789e-01 2.119436627253890038e-03
9.683581590652465820e-01 1.986335963010787964e-03
9.756058454513549805e-01 1.653424347750842571e-03
9.831858277320861816e-01 1.209348673000931740e-03
9.913278818130493164e-01 6.274482002481818199e-04
1.000261783599853516e+00 -1.189371760119684041e-04
