Airfoils1D_294F
9.996136488549991483e-01 8.146553214124638493e-05
9.911299277692083853e-01 9.916369678369708895e-04
9.826460308736071347e-01 1.894040994832490738e-03
9.741619569999320216e-01 2.788567252852849378e-03
9.656777049777995892e-01 3.675105432823899676e-03
9.571932796094333451e-01 4.553544661133301398e-03
9.487086761587069095e-01 5.423775112071208687e-03
9.402238910232828539e-01 6.285686882594591560e-03
9.317389230206694073e-01 7.139169868813176681e-03
9.232537742845571271e-01 7.984113689137295120e-03
9.147684453318187803e-01 8.820408184947099370e-03
9.062829299301593533e-01 9.647943910435743259e-03
8.977972268790853638e-01 1.046661096688845764e-02
8.893113354473999310e-01 1.127629946174416899e-02
8.808252617786294092e-01 1.207689891026605782e-02
8.723389968149544149e-01 1.286830031979209130e-02
8.638525393316812684e-01 1.365039399659432294e-02
8.553658880971286571e-01 1.442307029805980564e-02
8.468790475724423672e-01 1.518621912332036514e-02
8.383920133597861923e-01 1.593973122941547832e-02
8.299047816437095104e-01 1.668349735884834539e-02
8.214173511601733368e-01 1.741740807344953346e-02
8.129297230680399000e-01 1.814135377998901677e-02
8.044418994235318365e-01 1.885522487201922448e-02
7.959538731512647569e-01 1.955891256094396957e-02
7.874656429479729436e-01 2.025230761230985971e-02
7.789772074995751083e-01 2.093530084236893199e-02
7.704885726118829714e-01 2.160778255752258958e-02
7.619997308266301950e-01 2.226964417556666700e-02
7.535106797710698912e-01 2.292077674642187951e-02
7.450214180829184407e-01 2.356107128871861439e-02
7.365319478288719912e-01 2.419041861846151636e-02
7.280422548154771301e-01 2.480871079246273203e-02
7.195511738537605506e-01 2.541598866341955587e-02
7.110575612515347421e-01 2.601255872007691289e-02
7.025614391217159804e-01 2.659871139098144224e-02
6.940628237158115166e-01 2.717473778086855821e-02
6.855617733491862209e-01 2.774092647797721592e-02
6.770583263869000001e-01 2.829756782293490688e-02
6.685525206106704976e-01 2.884495255720751286e-02
6.600443807417898379e-01 2.938337260303043250e-02
6.515339484459766739e-01 2.991311914456338053e-02
6.430212708771740893e-01 3.043448341205578361e-02
6.345063859966263431e-01 3.094775758478641309e-02
6.259893256120007132e-01 3.145323456706375365e-02
6.174701173679649768e-01 3.195120784594037561e-02
6.089488158266727069e-01 3.244196969908405559e-02
6.004254590867831309e-01 3.292581375261850740e-02
5.919000855198633948e-01 3.340303398154566977e-02
5.833752317548400734e-01 3.387364542053892397e-02
5.748534337205516431e-01 3.433708736641900849e-02
5.663346598272877008e-01 3.479279521006641007e-02
5.578188724907738871e-01 3.524020600656960212e-02
5.493060662780951953e-01 3.567875649872043892e-02
5.407961818339366289e-01 3.610788758491294270e-02
5.322891709207863142e-01 3.652704085004455231e-02
5.237849959640723529e-01 3.693565863799005283e-02
5.152836334589299128e-01 3.733318395352021313e-02
5.067850587492336301e-01 3.771906123591452914e-02
4.982892067297625127e-01 3.809273805497228466e-02
4.897960396516919945e-01 3.845366197781428103e-02
4.813055196906458333e-01 3.880128186420191139e-02
4.728176400308982674e-01 3.913504666455707576e-02
4.643323399539777130e-01 3.945440880375176290e-02
4.558495679352842500e-01 3.975882150792939274e-02
4.473689463236682484e-01 4.004777046846055844e-02
4.388901536473939213e-01 4.032082163951211662e-02
4.304132691538889999e-01 4.057754861068821328e-02
4.219383227895599497e-01 4.081752726985801022e-02
4.134653726256912742e-01 4.104033335343870020e-02
4.049944766280798580e-01 4.124554338139764520e-02
3.965256983548781644e-01 4.143273453671914019e-02
3.880591131831803708e-01 4.160148461004844339e-02
3.795947551674535569e-01 4.175137301697705999e-02
3.711326817298299385e-01 4.188197940860280410e-02
3.626729501256898414e-01 4.199288421540129518e-02
3.542156224596459957e-01 4.208366859788637004e-02
3.457607737743473852e-01 4.215391444924895120e-02
3.373084373885079090e-01 4.220320481036042570e-02
3.288586697543585124e-01 4.223112321559966548e-02
3.204115270899169921e-01 4.223725396899309648e-02
3.119670653648973779e-01 4.222118214142031589e-02
3.035253673852230105e-01 4.218249372845306322e-02
2.950864615158892423e-01 4.212077531364626787e-02
2.866504026671636285e-01 4.203561425005904878e-02
2.782172456634122715e-01 4.192659864350068571e-02
2.697870450065954495e-01 4.179331734715867330e-02
2.613598712200838614e-01 4.163536028742027134e-02
2.529357715618625324e-01 4.145231779196939526e-02
2.445147894490959373e-01 4.124378075268933519e-02
2.360969779308701999e-01 4.100934095851679895e-02
2.276823896553295812e-01 4.074859091544547063e-02
2.192710779875255145e-01 4.046112387955502071e-02
2.108631176018944675e-01 4.014653467223783245e-02
2.024585355885089588e-01 3.980441711436227825e-02
1.940573828202705742e-01 3.943436649992658471e-02
1.856599995517115853e-01 3.903599304418854665e-02
1.772904561579223826e-01 3.860877408363520141e-02
1.689731466341330424e-01 3.814707211667067721e-02
1.607087426638020289e-01 3.764304916406881890e-02
1.524969653268945236e-01 3.708909895165853760e-02
1.443378295598773953e-01 3.647790173584875700e-02
1.362313318244486593e-01 3.580239565292416687e-02
1.281774145656900399e-01 3.505576160232004579e-02
1.201757273308579066e-01 3.423138414521521844e-02
1.122070431416608283e-01 3.332168569924005147e-02
1.042517383964006589e-01 3.232300246718763231e-02
9.631136874203677367e-02 3.123502541764000551e-02
8.838784427106408104e-02 3.005749566562685923e-02
8.048306586852113642e-02 2.879016497925039955e-02
7.259892463969519483e-02 2.743279569042426577e-02
6.473730132461642806e-02 2.598516058801823847e-02
5.690159540857776116e-02 2.444735211353386145e-02
4.930975307036010447e-02 2.285270266906547915e-02
4.213155977971629051e-02 2.119340521948790898e-02
3.532191638530442213e-02 1.942247788075500761e-02
2.885474091346919637e-02 1.750749630101103294e-02
2.269124642082253479e-02 1.541869746850203955e-02
1.680201943863525796e-02 1.313203626165865105e-02
1.115677561245021279e-02 1.062393690909015087e-02
6.187366134512478980e-03 8.115768530579117734e-03
3.846334240193058016e-03 6.690324358593922882e-03
2.605418538958746526e-03 5.689626096601106166e-03
1.719395121267063530e-03 4.743161436276673720e-03
1.058006003146126812e-03 3.782107693889724155e-03
5.825693720284177415e-04 2.799460868669584324e-03
2.565919263654634747e-04 1.756095074195972768e-03
1.138757877761962622e-04 8.773455429162786354e-04
1.007352183752338202e-04 8.970782108153811489e-06
2.001529624281314570e-04 -6.937835000483318516e-04
3.838746663789035325e-04 -1.313967279952975601e-03
6.519400815286155058e-04 -1.889048130908832328e-03
1.031464611143498387e-03 -2.446816522871559079e-03
1.506504045073253813e-03 -2.941082856010458508e-03
2.122339317566972281e-03 -3.414072669050150118e-03
3.213252451679849547e-03 -4.022896879145252021e-03
5.453502919884638776e-03 -4.925126964661852291e-03
1.094928626269421439e-02 -6.782304031213740210e-03
1.677526748268656082e-02 -8.410548341789177151e-03
2.284067981768400646e-02 -9.783322608020655203e-03
2.918679338163466738e-02 -1.092112742771893762e-02
3.586518457470971866e-02 -1.184717418581576580e-02
4.291413623840299729e-02 -1.258749850475239344e-02
5.039842268623850180e-02 -1.318065696401816631e-02
5.837656673877690550e-02 -1.367999921982665686e-02
6.662251965712973067e-02 -1.412959284157020053e-02
7.488823637224409357e-02 -1.452894709273537706e-02
8.317072041715267705e-02 -1.488023964765774684e-02
9.146997152056443592e-02 -1.518584702850155066e-02
9.978609017070953768e-02 -1.544817500927842154e-02
1.081189500073416743e-01 -1.566964872995447317e-02
1.164685253194364528e-01 -1.585272504045881145e-02
1.248347847426416052e-01 -1.599988883520181079e-02
1.332176921400604341e-01 -1.611365358681889765e-02
1.416172074453590779e-01 -1.619656184362400220e-02
1.500333528092223367e-01 -1.625118601818550598e-02
1.584661223782148909e-01 -1.628012770267531217e-02
1.669153717906575185e-01 -1.628601870101304208e-02
1.753810528913235522e-01 -1.627152245661333402e-02
1.838631171409851883e-01 -1.623933367481560086e-02
1.923614731468626105e-01 -1.619217893076422068e-02
2.008679174209712925e-01 -1.613236994005802158e-02
2.093755970980234471e-01 -1.606054879691349788e-02
2.178845153446689054e-01 -1.597696238580969055e-02
2.263946752813676411e-01 -1.588185784601697792e-02
2.349060951594094948e-01 -1.577548237282034096e-02
2.434187662348321068e-01 -1.565808372906851709e-02
2.519326881817442465e-01 -1.552990986351657915e-02
2.604478639593607592e-01 -1.539120894320576347e-02
2.689643035568604623e-01 -1.524222926565029293e-02
2.774820145722189935e-01 -1.508321939980134668e-02
2.860009881706392365e-01 -1.491442848818585153e-02
2.945212271879140697e-01 -1.473610573558238428e-02
3.030427344347293439e-01 -1.454850060715988554e-02
3.115655316968587996e-01 -1.435186238077377704e-02
3.200896029043690527e-01 -1.414644144950346662e-02
3.286149507104264567e-01 -1.393248806604649795e-02
3.371415778450168599e-01 -1.371025274313366488e-02
3.456695000852759714e-01 -1.347998589733340191e-02
3.541987134233355317e-01 -1.324193872204857021e-02
3.627292142621493798e-01 -1.299636268710492940e-02
3.712610052814935835e-01 -1.274350935910799516e-02
3.797940972510089885e-01 -1.248363031873854327e-02
3.883284963096414466e-01 -1.221697753211424022e-02
3.968641936112210500e-01 -1.194380370597773224e-02
4.054011918123849867e-01 -1.166436146616879610e-02
4.139394976790961578e-01 -1.137890356483959621e-02
4.224791255671048740e-01 -1.108768274750578271e-02
4.310200623838661427e-01 -1.079095295904264687e-02
4.395623107864499723e-01 -1.048896788928591409e-02
4.481058745417031419e-01 -1.018198145428891518e-02
4.566507742810844150e-01 -9.870247214735233462e-03
4.651969625352785909e-01 -9.554021484448796397e-03
4.737427993921145553e-01 -9.233518325971511523e-03
4.822869153683913002e-01 -8.908596550342274753e-03
4.908292714005271229e-01 -8.578992619295601474e-03
4.993698779560810097e-01 -8.244441401071632425e-03
5.079087282083487587e-01 -7.904678703065794870e-03
5.164458141243459810e-01 -7.559440667211574788e-03
5.249811114828485392e-01 -7.208464394756143069e-03
5.335146241623887065e-01 -6.851486135877678414e-03
5.420463486299857969e-01 -6.488242713251964403e-03
5.505762769549188418e-01 -6.118471415409058173e-03
5.591043895683355247e-01 -5.741910335724802368e-03
5.676306816657035181e-01 -5.358297222414949018e-03
5.761551540896040491e-01 -4.967369838743371756e-03
5.846777990366298638e-01 -4.568866610754862036e-03
5.931986026673381485e-01 -4.162526539347459649e-03
6.017177464376884943e-01 -3.748079347114414549e-03
6.102503782371043739e-01 -3.325407332789170195e-03
6.188081951450516982e-01 -2.897904516951375561e-03
6.273542515294870947e-01 -2.472221468315973815e-03
6.358724101302839493e-01 -2.053937175767673456e-03
6.443633970006011902e-01 -1.647697537937742145e-03
6.528276089695841389e-01 -1.258074555585037045e-03
6.612654368226994483e-01 -8.895522457635157091e-04
6.696772281390251935e-01 -5.465301074783106890e-04
6.780808566678298011e-01 -2.317193669005479430e-04
6.864950387049200131e-01 5.616366705801751025e-05
6.949198929426237958e-01 3.187279683804033581e-04
7.033553949970606789e-01 5.575883407377590006e-04
7.118015189284149224e-01 7.743710745543988310e-04
7.202583365271325588e-01 9.707162588932263499e-04
7.287257370193959138e-01 1.148271252773525389e-03
7.372035937365050140e-01 1.308695647393811647e-03
7.456881733874429763e-01 1.453362460456204992e-03
7.541766364461791605e-01 1.582940298441343815e-03
7.626689706326487128e-01 1.698009370785188684e-03
7.711651023580418096e-01 1.799150525085191051e-03
7.796649981626018189e-01 1.886946707376254383e-03
7.881686244562698951e-01 1.961982316267668874e-03
7.966759667327898420e-01 2.024843335720969816e-03
8.051869967852083310e-01 2.076117035520152511e-03
8.137016562940626585e-01 2.116392006898557172e-03
8.222199113060049136e-01 2.146258507707477468e-03
8.307417278522070125e-01 2.166308268433540622e-03
8.392671172086801912e-01 2.177134529703811036e-03
8.477960002968961684e-01 2.179331855259049842e-03
8.563283430231862781e-01 2.173496423849049196e-03
8.648641112876482850e-01 2.160225901589282391e-03
8.734032255826554847e-01 2.140119545237767484e-03
8.819366260574337257e-01 2.113268570838134318e-03
8.904564928047540295e-01 2.077857340865283276e-03
8.989628655496013643e-01 2.031640901749873478e-03
9.074557398076784631e-01 1.972395693346192143e-03
9.159351037724873246e-01 1.897919392953336401e-03
9.244011137075799356e-01 1.806028789291137327e-03
9.328538158692386562e-01 1.694561641881357772e-03
9.412932577061168260e-01 1.561375747758670133e-03
9.497194582405970031e-01 1.404349287397437928e-03
9.581323990713604966e-01 1.221381261811767694e-03
9.665322379357159654e-01 1.010386245480996044e-03
9.749190307848319970e-01 7.692995345398537677e-04
9.832928367508253498e-01 4.960750395768293453e-04
9.916537186135077064e-01 1.886849520405430513e-04
1.000001743286282885e+00 -1.548806127891255756e-04
