Airfoils1D_510
9.992441534996032715e-01 1.480608829297125340e-03
9.911938309669494629e-01 1.515369978733360767e-03
9.824741482734680176e-01 1.993807731196284294e-03
9.732825160026550293e-01 2.811972517520189285e-03
9.638163447380065918e-01 3.865914419293403625e-03
9.497532844543457031e-01 5.602674558758735657e-03
9.405675530433654785e-01 6.729482673108577728e-03
9.315981864929199219e-01 7.790501695126295090e-03
9.229673743247985840e-01 8.738774806261062622e-03
9.148228168487548828e-01 9.547172114253044128e-03
9.062843322753906250e-01 1.035454496741294861e-02
8.977613449096679688e-01 1.112842746078968048e-02
8.892580270767211914e-01 1.189095806330442429e-02
8.807833194732666016e-01 1.264051161706447601e-02
8.723263144493103027e-01 1.339217089116573334e-02
8.638856410980224609e-01 1.414730213582515717e-02
8.554506301879882812e-01 1.494109351187944412e-02
8.470115065574645996e-01 1.574226841330528259e-02
8.385575413703918457e-01 1.655615866184234619e-02
8.300737142562866211e-01 1.737479120492935181e-02
8.215909600257873535e-01 1.816799305379390717e-02
8.131076693534851074e-01 1.892915926873683929e-02
8.046429157257080078e-01 1.963892579078674316e-02
7.962138056755065918e-01 2.029373683035373688e-02
7.877818346023559570e-01 2.089449949562549591e-02
7.793430685997009277e-01 2.148184739053249359e-02
7.708814144134521484e-01 2.205982431769371033e-02
7.623621225357055664e-01 2.266373857855796814e-02
7.537984251976013184e-01 2.328768558800220490e-02
7.452178597450256348e-01 2.392350323498249054e-02
7.366260290145874023e-01 2.455106936395168304e-02
7.280583381652832031e-01 2.515977807343006134e-02
7.195298075675964355e-01 2.573831938207149506e-02
7.110076546669006348e-01 2.629274502396583557e-02
7.024984359741210938e-01 2.684769593179225922e-02
6.939810514450073242e-01 2.739635668694972992e-02
6.854279637336730957e-01 2.795509994029998779e-02
6.768686175346374512e-01 2.854270860552787781e-02
6.683222651481628418e-01 2.914856374263763428e-02
6.597878932952880859e-01 2.975950762629508972e-02
6.512929797172546387e-01 3.037705831229686737e-02
6.428272128105163574e-01 3.096990287303924561e-02
6.343667507171630859e-01 3.153477236628532410e-02
6.259272098541259766e-01 3.205394372344017029e-02
6.174790859222412109e-01 3.251208364963531494e-02
6.090057492256164551e-01 3.294091671705245972e-02
6.005196571350097656e-01 3.336312994360923767e-02
5.920387506484985352e-01 3.378492221236228943e-02
5.835589170455932617e-01 3.421916067600250244e-02
5.750765800476074219e-01 3.467642515897750854e-02
5.665767788887023926e-01 3.512571379542350769e-02
5.580471754074096680e-01 3.555903583765029907e-02
5.495072603225708008e-01 3.595694154500961304e-02
5.409421324729919434e-01 3.633434325456619263e-02
5.323575139045715332e-01 3.671472519636154175e-02
5.237569212913513184e-01 3.709653392434120178e-02
5.151742696762084961e-01 3.749715164303779602e-02
5.066263079643249512e-01 3.793061897158622742e-02
4.980850219726562500e-01 3.838643431663513184e-02
4.895572960376739502e-01 3.884274885058403015e-02
4.810439944267272949e-01 3.927060589194297791e-02
4.725496768951416016e-01 3.964703157544136047e-02
4.640550315380096436e-01 3.997890278697013855e-02
4.555554091930389404e-01 4.025385156273841858e-02
4.470401704311370850e-01 4.046938195824623108e-02
4.385377168655395508e-01 4.064516723155975342e-02
4.300502538681030273e-01 4.081522673368453979e-02
4.215397834777832031e-01 4.097701981663703918e-02
4.130237102508544922e-01 4.114679619669914246e-02
4.045079052448272705e-01 4.130969941616058350e-02
3.959935903549194336e-01 4.146440699696540833e-02
3.874608874320983887e-01 4.161017760634422302e-02
3.789326548576354980e-01 4.174235090613365173e-02
3.704139292240142822e-01 4.185022413730621338e-02
3.619203269481658936e-01 4.193443059921264648e-02
3.534531891345977783e-01 4.200424626469612122e-02
3.449950814247131348e-01 4.205544292926788330e-02
3.365533053874969482e-01 4.209998250007629395e-02
3.281136751174926758e-01 4.213103652000427246e-02
3.196831941604614258e-01 4.216169193387031555e-02
3.112463057041168213e-01 4.218443110585212708e-02
3.028093278408050537e-01 4.220677912235260010e-02
2.943601906299591064e-01 4.219859093427658081e-02
2.858939170837402344e-01 4.215605929493904114e-02
2.774199247360229492e-01 4.207108542323112488e-02
2.689310014247894287e-01 4.194859415292739868e-02
2.604416310787200928e-01 4.178835824131965637e-02
2.519498169422149658e-01 4.159035161137580872e-02
2.434880286455154419e-01 4.137405008077621460e-02
2.350532859563827515e-01 4.112704470753669739e-02
2.266425937414169312e-01 4.086724668741226196e-02
2.182586193084716797e-01 4.057063534855842590e-02
2.099015712738037109e-01 4.023968800902366638e-02
2.015682458877563477e-01 3.988790139555931091e-02
1.932453662157058716e-01 3.953000158071517944e-02
1.849301755428314209e-01 3.916206583380699158e-02
1.766100972890853882e-01 3.878593072295188904e-02
1.682898849248886108e-01 3.839735314249992371e-02
1.599604487419128418e-01 3.797598928213119507e-02
1.516397595405578613e-01 3.751580044627189636e-02
1.433393806219100952e-01 3.697843849658966064e-02
1.350788772106170654e-01 3.636421635746955872e-02
1.268671154975891113e-01 3.569062799215316772e-02
1.187138110399246216e-01 3.496688604354858398e-02
1.106112226843833923e-01 3.419776633381843567e-02
1.025677248835563660e-01 3.339076414704322815e-02
9.457407146692276001e-02 3.254077211022377014e-02
8.664130419492721558e-02 3.163883462548255920e-02
7.878451794385910034e-02 3.065460361540317535e-02
7.099297642707824707e-02 2.955144084990024567e-02
6.328316032886505127e-02 2.831096947193145752e-02
5.569631233811378479e-02 2.690954692661762238e-02
4.828623682260513306e-02 2.533793821930885315e-02
4.110008478164672852e-02 2.359129115939140320e-02
3.425853326916694641e-02 2.167994156479835510e-02
2.784674428403377533e-02 1.963779889047145844e-02
2.198164165019989014e-02 1.752185262739658356e-02
1.674903184175491333e-02 1.536857243627309799e-02
1.220787875354290009e-02 1.322291977703571320e-02
8.413363248109817505e-03 1.113844662904739380e-02
5.407145712524652481e-03 9.164637885987758636e-03
3.151038195937871933e-03 7.359001319855451584e-03
1.584672369062900543e-03 5.754855461418628693e-03
6.316546350717544556e-04 4.372019320726394653e-03
1.405513903591781855e-04 3.202049527317285538e-03
-5.584466271102428436e-05 2.266500843688845634e-03
-9.250434231944382191e-05 1.497796038165688515e-03
-7.119971996871754527e-05 8.318494656123220921e-04
-5.198996223043650389e-05 2.179690782213583589e-04
-3.328503589727915823e-05 -3.950901736970990896e-04
2.937700082839000970e-05 -1.038335729390382767e-03
2.830482553690671921e-04 -1.751389703713357449e-03
8.799620554782450199e-04 -2.571361605077981949e-03
2.004665322601795197e-03 -3.537681652233004570e-03
3.826116211712360382e-03 -4.610328469425439835e-03
6.531097460538148880e-03 -5.818816367536783218e-03
1.023745164275169373e-02 -7.130552548915147781e-03
1.496594864875078201e-02 -8.493842557072639465e-03
2.065470069646835327e-02 -9.851492010056972504e-03
2.717895247042179108e-02 -1.114250812679529190e-02
3.436881676316261292e-02 -1.232823543250560760e-02
4.201776906847953796e-02 -1.338742952793836594e-02
4.994802922010421753e-02 -1.431963779032230377e-02
5.800796672701835632e-02 -1.512574218213558197e-02
6.611306965351104736e-02 -1.584086939692497253e-02
7.422354817390441895e-02 -1.647773571312427521e-02
8.232159912586212158e-02 -1.704203151166439056e-02
9.040291607379913330e-02 -1.753246225416660309e-02
9.849613159894943237e-02 -1.793931424617767334e-02
1.066160723567008972e-01 -1.826409809291362762e-02
1.147763505578041077e-01 -1.851111464202404022e-02
1.229997798800468445e-01 -1.869628392159938812e-02
1.312840133905410767e-01 -1.884277164936065674e-02
1.396326571702957153e-01 -1.896907016634941101e-02
1.480422466993331909e-01 -1.909133791923522949e-02
1.565000861883163452e-01 -1.920523494482040405e-02
1.649817675352096558e-01 -1.930073462426662445e-02
1.734948158264160156e-01 -1.936101913452148438e-02
1.820197105407714844e-01 -1.938813924789428711e-02
1.905559152364730835e-01 -1.938130147755146027e-02
1.991088986396789551e-01 -1.934525743126869202e-02
2.076564282178878784e-01 -1.928585954010486603e-02
2.161804586648941040e-01 -1.921886764466762543e-02
2.246679067611694336e-01 -1.915271207690238953e-02
2.331196665763854980e-01 -1.908761821687221527e-02
2.415421903133392334e-01 -1.900341920554637909e-02
2.499752789735794067e-01 -1.888652145862579346e-02
2.584302127361297607e-01 -1.874261349439620972e-02
2.669401168823242188e-01 -1.856675930321216583e-02
2.755027711391448975e-01 -1.836141198873519897e-02
2.841086387634277344e-01 -1.812585443258285522e-02
2.927238643169403076e-01 -1.788934506475925446e-02
3.013350367546081543e-01 -1.765543594956398010e-02
3.099364042282104492e-01 -1.743125915527343750e-02
3.185204565525054932e-01 -1.719680801033973694e-02
3.270953297615051270e-01 -1.695363596081733704e-02
3.356470465660095215e-01 -1.670678146183490753e-02
3.441838026046752930e-01 -1.644513197243213654e-02
3.526988923549652100e-01 -1.615965366363525391e-02
3.612021803855895996e-01 -1.583622209727764130e-02
3.697099685668945312e-01 -1.547691319137811661e-02
3.782432377338409424e-01 -1.507947873324155807e-02
3.868246972560882568e-01 -1.466006040573120117e-02
3.954485654830932617e-01 -1.422189176082611084e-02
4.040970802307128906e-01 -1.380603853613138199e-02
4.127421379089355469e-01 -1.342050824314355850e-02
4.213739931583404541e-01 -1.307443249970674515e-02
4.299794733524322510e-01 -1.275581121444702148e-02
4.385509490966796875e-01 -1.244486030191183090e-02
4.471227526664733887e-01 -1.210280787199735641e-02
4.556912481784820557e-01 -1.174120791256427765e-02
4.642907083034515381e-01 -1.134501211345195770e-02
4.728992283344268799e-01 -1.091754157096147537e-02
4.815031290054321289e-01 -1.050649583339691162e-02
4.901010692119598389e-01 -1.011152192950248718e-02
4.986875951290130615e-01 -9.754333645105361938e-03
5.072430372238159180e-01 -9.435061365365982056e-03
5.157640576362609863e-01 -9.147893637418746948e-03
5.242822766304016113e-01 -8.862403221428394318e-03
5.327881574630737305e-01 -8.583784103393554688e-03
5.413112044334411621e-01 -8.271707221865653992e-03
5.498422980308532715e-01 -7.921418175101280212e-03
5.583946108818054199e-01 -7.540730293840169907e-03
5.669733285903930664e-01 -7.123579271137714386e-03
5.755554437637329102e-01 -6.699366960674524307e-03
5.841354727745056152e-01 -6.275028921663761139e-03
5.927309989929199219e-01 -5.856532603502273560e-03
6.013441085815429688e-01 -5.437590647488832474e-03
6.099624037742614746e-01 -5.015147849917411804e-03
6.185771822929382324e-01 -4.588105715811252594e-03
6.271839141845703125e-01 -4.155558999627828598e-03
6.357734203338623047e-01 -3.701223991811275482e-03
6.443272233009338379e-01 -3.236730350181460381e-03
6.528272032737731934e-01 -2.806432079523801804e-03
6.613018512725830078e-01 -2.404617611318826675e-03
6.697766184806823730e-01 -2.034587319940328598e-03
6.782587766647338867e-01 -1.700244378298521042e-03
6.867705583572387695e-01 -1.390499528497457504e-03
6.952944397926330566e-01 -1.118293264880776405e-03
7.038277983665466309e-01 -8.593029924668371677e-04
7.123584151268005371e-01 -5.815186304971575737e-04
7.208697199821472168e-01 -2.908024180214852095e-04
7.293660044670104980e-01 -1.503645080447313376e-06
7.378568649291992188e-01 3.088518860749900341e-04
7.463493347167968750e-01 6.224226090125739574e-04
7.548586726188659668e-01 9.324362035840749741e-04
7.634044289588928223e-01 1.233767601661384106e-03
7.719643115997314453e-01 1.506241504102945328e-03
7.805353999137878418e-01 1.764603191986680031e-03
7.891010046005249023e-01 2.003657631576061249e-03
7.976583242416381836e-01 2.221878152340650558e-03
8.062145709991455078e-01 2.420816803351044655e-03
8.147549629211425781e-01 2.614296274259686470e-03
8.232793211936950684e-01 2.769347978755831718e-03
8.317983150482177734e-01 2.907097106799483299e-03
8.403120040893554688e-01 3.026372985914349556e-03
8.488128185272216797e-01 3.117365995422005653e-03
8.572908639907836914e-01 3.189462004229426384e-03
8.657290339469909668e-01 3.232723334804177284e-03
8.741437196731567383e-01 3.261548466980457306e-03
8.825286626815795898e-01 3.268060972914099693e-03
8.908805847167968750e-01 3.261629957705736160e-03
8.992050886154174805e-01 3.217526944354176521e-03
9.075206518173217773e-01 3.167443210259079933e-03
9.158297777175903320e-01 3.091925987973809242e-03
9.241427183151245117e-01 3.002500161528587341e-03
9.328415393829345703e-01 2.854824066162109375e-03
9.410359263420104980e-01 2.683071885257959366e-03
9.488776326179504395e-01 2.472532214596867561e-03
9.564933180809020996e-01 2.193227177485823631e-03
9.640138745307922363e-01 1.828528242185711861e-03
9.676442146301269531e-01 1.609681290574371815e-03
9.750313162803649902e-01 1.078877481631934643e-03
9.827790260314941406e-01 4.043981025461107492e-04
9.911176562309265137e-01 -4.371916293166577816e-04
1.000277757644653320e+00 -1.469326554797589779e-03
