9.998623132705688477e-01 -6.166579551063477993e-04
9.943892359733581543e-01 9.650017018429934978e-04
9.881699681282043457e-01 2.377051161602139473e-03
9.813069701194763184e-01 3.651536535471677780e-03
9.739029407501220703e-01 4.820503294467926025e-03
9.620367288589477539e-01 6.455817259848117828e-03
9.537308812141418457e-01 7.519080769270658493e-03
9.452417492866516113e-01 8.581627160310745239e-03
9.366910457611083984e-01 9.646884165704250336e-03
9.281618595123291016e-01 1.070892810821533203e-02
9.196528792381286621e-01 1.176469959318637848e-02
9.111409187316894531e-01 1.281696837395429611e-02
9.026355147361755371e-01 1.386405900120735168e-02
8.941439986228942871e-01 1.490308716893196106e-02
8.856706023216247559e-01 1.593052782118320465e-02
8.772132396697998047e-01 1.694336533546447754e-02
8.687680959701538086e-01 1.793942600488662720e-02
8.603315949440002441e-01 1.891703531146049500e-02
8.518994450569152832e-01 1.987526565790176392e-02
8.434672951698303223e-01 2.081393636763095856e-02
8.350310921669006348e-01 2.173351868987083435e-02
8.265879750251770020e-01 2.263495326042175293e-02
8.181368112564086914e-01 2.351934835314750671e-02
8.096784949302673340e-01 2.438761480152606964e-02
8.012136816978454590e-01 2.524052374064922333e-02
7.927423715591430664e-01 2.607888914644718170e-02
7.842647433280944824e-01 2.690352872014045715e-02
7.757808566093444824e-01 2.771526202559471130e-02
7.672907710075378418e-01 2.851491607725620270e-02
7.587945461273193359e-01 2.930331602692604065e-02
7.502918839454650879e-01 3.008134663105010986e-02
7.417827844619750977e-01 3.084993362426757812e-02
7.332680821418762207e-01 3.160988539457321167e-02
7.247489094734191895e-01 3.236179798841476440e-02
7.162269949913024902e-01 3.310600668191909790e-02
7.077040076255798340e-01 3.384256362915039062e-02
6.991813778877258301e-01 3.457127138972282410e-02
6.906603574752807617e-01 3.529172390699386597e-02
6.821413636207580566e-01 3.600344434380531311e-02
6.736242175102233887e-01 3.670597448945045471e-02
6.651086211204528809e-01 3.739894181489944458e-02
6.565945148468017578e-01 3.808195888996124268e-02
6.480819582939147949e-01 3.875463083386421204e-02
6.395709514617919922e-01 3.941657021641731262e-02
6.310614347457885742e-01 4.006739705801010132e-02
6.225534081459045410e-01 4.070671647787094116e-02
6.140468716621398926e-01 4.133415222167968750e-02
6.055418252944946289e-01 4.194931685924530029e-02
5.970382094383239746e-01 4.255181923508644104e-02
5.885361433029174805e-01 4.314128682017326355e-02
5.800354480743408203e-01 4.371732845902442932e-02
5.715362429618835449e-01 4.427956789731979370e-02
5.630385279655456543e-01 4.482761770486831665e-02
5.545422434806823730e-01 4.536109790205955505e-02
5.460473299026489258e-01 4.587962478399276733e-02
5.375538468360900879e-01 4.638282954692840576e-02
5.290617942810058594e-01 4.687032103538513184e-02
5.205711722373962402e-01 4.734172672033309937e-02
5.120818614959716797e-01 4.779666662216186523e-02
5.035939812660217285e-01 4.823476448655128479e-02
4.951074719429016113e-01 4.865564405918121338e-02
4.866223037242889404e-01 4.905892536044120789e-02
4.781384766101837158e-01 4.944423958659172058e-02
4.696559011936187744e-01 4.981122538447380066e-02
4.611746668815612793e-01 5.015951022505760193e-02
4.526949524879455566e-01 5.048869922757148743e-02
4.442169666290283203e-01 5.079836025834083557e-02
4.357409775257110596e-01 5.108802393078804016e-02
4.272673130035400391e-01 5.135718733072280884e-02
4.187961518764495850e-01 5.160531401634216309e-02
4.103277027606964111e-01 5.183184519410133362e-02
4.018620252609252930e-01 5.203622952103614807e-02
3.933991491794586182e-01 5.221792683005332947e-02
3.849391341209411621e-01 5.237638577818870544e-02
3.764820694923400879e-01 5.251107364892959595e-02
3.680280447006225586e-01 5.262145400047302246e-02
3.595771193504333496e-01 5.270698294043540955e-02
3.511293828487396240e-01 5.276712402701377869e-02
3.426847457885742188e-01 5.280135944485664368e-02
3.342431187629699707e-01 5.280919000506401062e-02
3.258049786090850830e-01 5.279011279344558716e-02
3.173710405826568604e-01 5.274355039000511169e-02
3.089423477649688721e-01 5.266878008842468262e-02
3.005199134349822998e-01 5.256495252251625061e-02
2.921048104763031006e-01 5.243105813860893250e-02
2.836978733539581299e-01 5.226595699787139893e-02
2.752995491027832031e-01 5.206843093037605286e-02
2.669099569320678711e-01 5.183723941445350647e-02
2.585290074348449707e-01 5.157117918133735657e-02
2.501568198204040527e-01 5.126906931400299072e-02
2.417935729026794434e-01 5.092973634600639343e-02
2.334393411874771118e-01 5.055201053619384766e-02
2.250942736864089966e-01 5.013472959399223328e-02
2.167584747076034546e-01 4.967673495411872864e-02
2.084311991930007935e-01 4.917684569954872131e-02
2.001117914915084839e-01 4.863407462835311890e-02
1.918020546436309814e-01 4.804755374789237976e-02
1.835057735443115234e-01 4.741615429520606995e-02
1.752279847860336304e-01 4.673823341727256775e-02
1.669743955135345459e-01 4.601147398352622986e-02
1.587506532669067383e-01 4.523284733295440674e-02
1.505616009235382080e-01 4.439866170287132263e-02
1.424098759889602661e-01 4.350468143820762634e-02
1.342959702014923096e-01 4.254657402634620667e-02
1.262212395668029785e-01 4.152039811015129089e-02
1.181891933083534241e-01 4.042236134409904480e-02
1.102039590477943420e-01 3.924843668937683105e-02
1.022697240114212036e-01 3.799426928162574768e-02
9.439025819301605225e-02 3.665508329868316650e-02
8.656792342662811279e-02 3.522559627890586853e-02
7.878222316503524780e-02 3.369553014636039734e-02
7.102525979280471802e-02 3.206047415733337402e-02
6.334204226732254028e-02 3.032667189836502075e-02
5.580994859337806702e-02 2.850184589624404907e-02
4.852215573191642761e-02 2.659084275364875793e-02
4.157004132866859436e-02 2.459256537258625031e-02
3.502840176224708557e-02 2.249895967543125153e-02
2.892572246491909027e-02 2.028322033584117889e-02
2.315860427916049957e-02 1.784256100654602051e-02
1.779940538108348846e-02 1.522807404398918152e-02
1.300408877432346344e-02 1.257157605141401291e-02
8.908239193260669708e-03 9.974436834454536438e-03
5.639027804136276245e-03 7.597980555146932602e-03
3.222679719328880310e-03 5.512436386197805405e-03
1.630286220461130142e-03 3.822182072326540947e-03
7.305947365239262581e-04 2.542841015383601189e-03
2.958385448437184095e-04 1.595285837538540363e-03
4.774873377755284309e-05 8.210345404222607613e-04
-4.528598219621926546e-05 1.929527934407815337e-04
-8.986408829514402896e-06 -3.187909314874559641e-04
9.555088763590902090e-05 -7.798991282470524311e-04
2.983211306855082512e-04 -1.229830901138484478e-03
5.905925063416361809e-04 -1.745392102748155594e-03
9.061317541636526585e-04 -2.267827745527029037e-03
1.500669284723699093e-03 -2.874203957617282867e-03
2.819695975631475449e-03 -3.672129707410931587e-03
5.162228830158710480e-03 -4.701829049736261368e-03
8.679180406033992767e-03 -5.944243166595697403e-03
1.336409896612167358e-02 -7.322204764932394028e-03
1.907332800328731537e-02 -8.735526353120803833e-03
2.558488026261329651e-02 -1.010239962488412857e-02
3.258798271417617798e-02 -1.131441257894039154e-02
3.976371139287948608e-02 -1.228431146591901779e-02
4.715109989047050476e-02 -1.306224428117275238e-02
5.484214425086975098e-02 -1.371959410607814789e-02
6.278114020824432373e-02 -1.428283657878637314e-02
7.089681178331375122e-02 -1.477214600890874863e-02
7.911459356546401978e-02 -1.520015951246023178e-02
8.737082779407501221e-02 -1.557222288101911545e-02
9.562729299068450928e-02 -1.588849164545536041e-02
1.038885563611984253e-01 -1.614909060299396515e-02
1.121730208396911621e-01 -1.635756529867649078e-02
1.204809546470642090e-01 -1.651718467473983765e-02
1.288122236728668213e-01 -1.663124561309814453e-02
1.371666938066482544e-01 -1.670309156179428101e-02
1.455442458391189575e-01 -1.673612557351589203e-02
1.539447456598281860e-01 -1.673380285501480103e-02
1.623688489198684692e-01 -1.669966802000999451e-02
1.708169877529144287e-01 -1.663750223815441132e-02
1.792874336242675781e-01 -1.655108854174613953e-02
1.877768486738204956e-01 -1.644388213753700256e-02
1.962809860706329346e-01 -1.631878502666950226e-02
2.047952711582183838e-01 -1.617800258100032806e-02
2.133154869079589844e-01 -1.602303050458431244e-02
2.218383550643920898e-01 -1.585473120212554932e-02
2.303621619939804077e-01 -1.567351259291172028e-02
2.388873249292373657e-01 -1.547962613403797150e-02
2.474147975444793701e-01 -1.527348253875970840e-02
2.559446394443511963e-01 -1.505556330084800720e-02
2.644768357276916504e-01 -1.482635270804166794e-02
2.730114758014678955e-01 -1.458633318543434143e-02
2.815485298633575439e-01 -1.433598808944225311e-02
2.900880575180053711e-01 -1.407580357044935226e-02
2.986300885677337646e-01 -1.380626671016216278e-02
3.071746528148651123e-01 -1.352786459028720856e-02
3.157217800617218018e-01 -1.324108522385358810e-02
3.242714703083038330e-01 -1.294641848653554916e-02
3.328238129615783691e-01 -1.264435518532991409e-02
3.413787484169006348e-01 -1.233538519591093063e-02
3.499363660812377930e-01 -1.202000211924314499e-02
3.584966957569122314e-01 -1.169869955629110336e-02
3.670597374439239502e-01 -1.137197110801935196e-02
3.756255507469177246e-01 -1.104031223803758621e-02
3.841941356658935547e-01 -1.070422027260065079e-02
3.927655518054962158e-01 -1.036419253796339035e-02
4.013397991657257080e-01 -1.002072636038064957e-02
4.099169075489044189e-01 -9.674322791397571564e-03
4.184971451759338379e-01 -9.325472638010978699e-03
4.270807206630706787e-01 -8.974670432507991791e-03
4.356671273708343506e-01 -8.622445166110992432e-03
4.442554116249084473e-01 -8.269365876913070679e-03
4.528445899486541748e-01 -7.915996015071868896e-03
4.614337384700775146e-01 -7.562842685729265213e-03
4.700220525264739990e-01 -7.210338022559881210e-03
4.786091148853302002e-01 -6.858815439045429230e-03
4.871948063373565674e-01 -6.508506834506988525e-03
4.957796037197113037e-01 -6.159548647701740265e-03
5.043639540672302246e-01 -5.812027491629123688e-03
5.129478573799133301e-01 -5.466037895530462265e-03
5.215311050415039062e-01 -5.121696274727582932e-03
5.301138162612915039e-01 -4.779121372848749161e-03
5.386959314346313477e-01 -4.438431933522224426e-03
5.472773909568786621e-01 -4.099745769053697586e-03
5.558582544326782227e-01 -3.763182088732719421e-03
5.644384622573852539e-01 -3.428858704864978790e-03
5.730181932449340820e-01 -3.096882021054625511e-03
5.815975069999694824e-01 -2.767335623502731323e-03
5.901761054992675781e-01 -2.440330805256962776e-03
5.987535715103149414e-01 -2.116048475727438927e-03
6.073292493820190430e-01 -1.794765936210751534e-03
6.159026026725769043e-01 -1.476868288591504097e-03
6.244729161262512207e-01 -1.162843545898795128e-03
6.330398917198181152e-01 -8.532645879313349724e-04
6.416032910346984863e-01 -5.487548187375068665e-04
6.501631736755371094e-01 -2.499394468031823635e-04
6.587197184562683105e-01 4.258487751940265298e-05
6.672729253768920898e-01 3.282254911027848721e-04
6.758228540420532227e-01 6.063910550437867641e-04
6.843695044517517090e-01 8.764914819039404392e-04
6.929128766059875488e-01 1.137938117608428001e-03
7.014530897140502930e-01 1.390144228935241699e-03
7.099900841712951660e-01 1.632524887099862099e-03
7.185239791870117188e-01 1.864497433416545391e-03
7.270547151565551758e-01 2.085479674860835075e-03
7.355822920799255371e-01 2.294886857271194458e-03
7.441067099571228027e-01 2.492130966857075691e-03
7.526279687881469727e-01 2.676619449630379677e-03
7.611459493637084961e-01 2.847755560651421547e-03
7.696605920791625977e-01 3.004939761012792587e-03
7.781719565391540527e-01 3.147571347653865814e-03
7.866799831390380859e-01 3.275050083175301552e-03
7.951846718788146973e-01 3.386779222637414932e-03
8.036858439445495605e-01 3.482164116576313972e-03
8.121836781501770020e-01 3.560610581189393997e-03
8.206779956817626953e-01 3.621527226641774178e-03
8.291687965393066406e-01 3.664322895929217339e-03
8.376560807228088379e-01 3.688408993184566498e-03
8.461388945579528809e-01 3.693155245855450630e-03
8.546167016029357910e-01 3.677747445181012154e-03
8.630912303924560547e-01 3.641462884843349457e-03
8.715659379959106445e-01 3.584003541618585587e-03
8.800452351570129395e-01 3.505722153931856155e-03
8.885338902473449707e-01 3.407745854929089546e-03
8.970364332199096680e-01 3.291986417025327682e-03
9.055573940277099609e-01 3.161028958857059479e-03
9.141065478324890137e-01 3.018498187884688377e-03
9.226846694946289062e-01 2.869701944291591644e-03
9.312728047370910645e-01 2.718486124649643898e-03
9.398401379585266113e-01 2.564642345532774925e-03
9.483494758605957031e-01 2.402470912784337997e-03
9.567629694938659668e-01 2.220379188656806946e-03
9.609259963035583496e-01 2.117756288498640060e-03
9.691535234451293945e-01 1.872050110250711441e-03
9.772304296493530273e-01 1.557064009830355644e-03
9.851335287094116211e-01 1.154398778453469276e-03
9.928398132324218750e-01 6.456547998823225498e-04
