Airfoils1D_204F
9.996591077911879397e-01 1.751597094814167667e-04
9.911563975282636774e-01 9.637071604228612549e-04
9.826539228863235831e-01 1.748551904574338926e-03
9.741516814868461660e-01 2.529580432414503099e-03
9.656496709556832148e-01 3.306679287205533963e-03
9.571478956557544215e-01 4.079734454403646446e-03
9.486463484548912639e-01 4.848633022684606560e-03
9.401450250131087039e-01 5.613261874307285890e-03
9.316439229720216986e-01 6.373507763986149995e-03
9.231430444884506370e-01 7.129257099319078958e-03
9.146423868397945967e-01 7.880396780656866856e-03
9.061419435254297605e-01 8.626814091614741845e-03
8.976417121995234893e-01 9.368395998370592642e-03
8.891416926135011778e-01 1.010502933897836596e-02
8.806418868432848157e-01 1.083660081014507608e-02
8.721422860277492362e-01 1.156299810389697057e-02
8.636428878300784762e-01 1.228410839789872630e-02
8.551436899151165782e-01 1.299981892260967248e-02
8.466446979900768000e-01 1.371001629199750278e-02
8.381459021894179795e-01 1.441458848017710195e-02
8.296472996626459429e-01 1.511342291983894248e-02
8.211488880787596312e-01 1.580640705294358850e-02
8.126506702915720082e-01 1.649342795695789288e-02
8.041526421042518580e-01 1.717437333949734662e-02
7.956547978571343327e-01 1.784913107151005554e-02
7.871571352191167881e-01 1.851758880642903268e-02
7.786596539894864444e-01 1.917963408524060026e-02
7.701623560289946324e-01 1.983515434998126686e-02
7.616652326677049167e-01 2.048403790873423377e-02
7.531682815698348410e-01 2.112617262631316661e-02
7.446715003977041336e-01 2.176144642027374315e-02
7.361748941012373759e-01 2.238974672485805062e-02
7.276784541555426644e-01 2.301096203084677244e-02
7.191821770964760274e-01 2.362498049744411743e-02
7.106860605755147553e-01 2.423169025334244442e-02
7.021901060368740399e-01 2.483097921378688358e-02
6.936943118811882414e-01 2.542273557057183123e-02
6.851986711837361188e-01 2.600684793458475988e-02
6.767031815798594252e-01 2.658320464531978289e-02
6.682078408072179565e-01 2.715169408770281081e-02
6.597126545765716887e-01 2.771220417695603733e-02
6.512176123024042695e-01 2.826462396331394858e-02
6.427227115983144001e-01 2.880884199658008751e-02
6.342279500716139218e-01 2.934474687896050649e-02
6.257333297969382979e-01 2.987222698943941407e-02
6.172388476562740145e-01 3.039117109156658572e-02
6.087444974599065528e-01 3.090146818110315122e-02
6.002502767859753119e-01 3.140300706967884270e-02
5.917561835529421277e-01 3.189567660103231200e-02
5.832622228093014005e-01 3.237936526975392776e-02
5.747683842573587665e-01 3.285396250340265334e-02
5.662746654397876611e-01 3.331935732206305761e-02
5.577810638894667994e-01 3.377543879767825469e-02
5.492875812933895041e-01 3.422209583730186772e-02
5.407942149500696294e-01 3.465921764131464633e-02
5.323009583939257716e-01 3.508669364780079430e-02
5.238078091141086245e-01 3.550441313556546019e-02
5.153147645878709548e-01 3.591226543481752798e-02
5.068218299483419065e-01 3.631013957236200324e-02
4.983289953530880556e-01 3.669792533706805332e-02
4.898362578500078945e-01 3.707551223150281489e-02
4.813436148639285150e-01 3.744278979064989687e-02
4.728510666794936701e-01 3.779964748132159935e-02
4.643586129274602237e-01 3.814597486100926305e-02
4.558662633798921671e-01 3.848166115416883082e-02
4.473760199640315349e-01 3.880641221530005402e-02
4.388902836823123099e-01 3.911942461944428046e-02
4.304091775462933755e-01 3.941984242468534599e-02
4.219327117250375458e-01 3.970681701299781652e-02
4.134609047139480853e-01 3.997950242034116475e-02
4.049937925412704920e-01 4.023705510454562984e-02
3.965314111756943483e-01 4.047863457135095211e-02
3.880738427120741796e-01 4.070340218392148879e-02
3.796210862869537905e-01 4.091052466798548309e-02
3.711731670655536441e-01 4.109917091525348148e-02
3.627301203418508146e-01 4.126851254020517251e-02
3.542919811229391924e-01 4.141772415484702707e-02
3.458588159083925695e-01 4.154598291308292390e-02
3.374306475488307311e-01 4.165246976497745390e-02
3.290074887271229875e-01 4.173636859721788911e-02
3.205893727677613936e-01 4.179686589110442191e-02
3.121763324360561920e-01 4.183315105388136362e-02
3.037683998791018691e-01 4.184441640044084254e-02
2.953656547850131431e-01 4.182985729254812268e-02
2.869680791976220169e-01 4.178867194692149900e-02
2.785757026942519698e-01 4.172006128005165126e-02
2.701885543101774645e-01 4.162322902353193799e-02
2.618066621440478525e-01 4.149738169552791289e-02
2.534300532907961534e-01 4.134172856979476812e-02
2.450587928755365574e-01 4.115548258494815953e-02
2.366928706969218255e-01 4.093785788971281148e-02
2.283323055181304406e-01 4.068807171360352970e-02
2.199771197038897508e-01 4.040534398811182482e-02
2.116273342648200828e-01 4.008889720104989035e-02
2.032829687858195566e-01 3.973795634705838686e-02
1.949440469863176761e-01 3.935174914750767805e-02
1.866106621607410976e-01 3.892950958183236110e-02
1.782926882279313452e-01 3.847053821226140841e-02
1.700039991747347157e-01 3.797194697730067042e-02
1.617457318189768622e-01 3.742945103141620544e-02
1.535186988557544485e-01 3.683883748904067529e-02
1.453236970208089951e-01 3.619598049470492546e-02
1.371615030499243604e-01 3.549683914557404119e-02
1.290328695182762497e-01 3.473745524788389438e-02
1.209385205921609252e-01 3.391395085168413120e-02
1.128828510160518883e-01 3.302276623691909746e-02
1.048717664703703312e-01 3.205976015429507636e-02
9.690629895184711684e-02 3.102012004961715586e-02
8.898728832799245037e-02 2.989914331268414202e-02
8.111550179955123729e-02 2.869224353120216481e-02
7.329162638562709831e-02 2.739494211297465592e-02
6.551626190256093496e-02 2.600285894129151024e-02
5.779068182822644922e-02 2.451185562941000928e-02
5.025734406092455253e-02 2.294095302159912531e-02
4.308772019757074745e-02 2.129020926184240284e-02
3.626843162727286934e-02 1.952382547637444496e-02
2.976632050603805410e-02 1.760957399574051424e-02
2.356367718380546553e-02 1.552481314387559388e-02
1.763672757459622958e-02 1.324867802751130037e-02
1.195949907441086653e-02 1.076052537948381585e-02
6.681734429684007062e-03 8.131873554322330624e-03
4.068144948111587604e-03 6.610477156681779549e-03
2.715091593893541756e-03 5.575711769590302631e-03
1.776469708972533380e-03 4.621996075971427677e-03
1.102534851326752215e-03 3.695626318631330554e-03
6.092006140663400486e-04 2.747047376388857872e-03
2.694039705256251254e-04 1.762128313046749072e-03
9.922465432527146636e-05 8.464982327954381986e-04
7.439490153902873944e-05 -3.626178983341232093e-05
1.885445070751905552e-04 -8.612176496730744027e-04
4.108296371458085316e-04 -1.598712581905256582e-03
7.354565848022010226e-04 -2.285675130430260809e-03
1.184918032729570005e-03 -2.942823288048458576e-03
1.735057420567239156e-03 -3.514203914961039690e-03
2.515273464177573710e-03 -4.101324454452089617e-03
3.584847075412964448e-03 -4.687106240979730873e-03
6.374315974471155867e-03 -5.781262300121551428e-03
1.204293077680250283e-02 -7.636482696183547435e-03
1.792311831242785619e-02 -9.226296015558528574e-03
2.405334117998120594e-02 -1.057103496241541644e-02
3.047195599729193849e-02 -1.169023370015617215e-02
3.721802833345967676e-02 -1.260577770316846299e-02
4.434428132153257068e-02 -1.334654458081410873e-02
5.189322601318045736e-02 -1.394978558785350473e-02
5.991774461273907670e-02 -1.446973875393380536e-02
6.814569051526044030e-02 -1.494064864666112130e-02
7.638865613983374103e-02 -1.536029257660149507e-02
8.464660472125333512e-02 -1.573072293058631888e-02
9.291949085073435144e-02 -1.605401134250335551e-02
1.012072612495390905e-01 -1.633224927523566072e-02
1.095098555338510082e-01 -1.656754855065190393e-02
1.178272857395405437e-01 -1.676204348635873184e-02
1.261594312777179205e-01 -1.691788616040415180e-02
1.345061902500519213e-01 -1.703725157626415423e-02
1.428674811922165944e-01 -1.712233743678758663e-02
1.512432191186159069e-01 -1.717536384891867746e-02
1.596333161656339206e-01 -1.719857364055574211e-02
1.680376912322925909e-01 -1.719423263974365415e-02
1.764563785299262111e-01 -1.716462929758113404e-02
1.848891561427204455e-01 -1.711207626954869623e-02
1.933356794204363904e-01 -1.703891133560642493e-02
2.017892019977204354e-01 -1.694709156684134910e-02
2.102458072661558541e-01 -1.683740637060360951e-02
2.187055414019887789e-01 -1.671043408594439367e-02
2.271684000623792887e-01 -1.656675515976183122e-02
2.356343895818493461e-01 -1.640695143271674039e-02
2.441035254746137528e-01 -1.623160606742505771e-02
2.525758230862905074e-01 -1.604130368640777418e-02
2.610513308692671286e-01 -1.583662954810925033e-02
2.695300390338300489e-01 -1.561817171581418584e-02
2.780119545130056991e-01 -1.538651942270307174e-02
2.864970921576021623e-01 -1.514226319875699826e-02
2.949854688619493737e-01 -1.488599499723261381e-02
3.034771382087497194e-01 -1.461830707192224819e-02
3.119720742357196541e-01 -1.433979563989334211e-02
3.204702915629707993e-01 -1.405105722324605580e-02
3.289718047892384867e-01 -1.375268985176103867e-02
3.374766496462529575e-01 -1.344529229250499870e-02
3.459848434203888767e-01 -1.312946544261240148e-02
3.544963772683489833e-01 -1.280581272469256092e-02
3.630112658253040192e-01 -1.247493825037455928e-02
3.715295264325466640e-01 -1.213744755331093439e-02
3.800512149248100879e-01 -1.179394613089281355e-02
3.885763026702117040e-01 -1.144504440619611117e-02
3.971048045015661554e-01 -1.109135263997294667e-02
4.056367353199861747e-01 -1.073348263846966508e-02
4.141721479467870282e-01 -1.037204614841833600e-02
4.227110301020297056e-01 -1.000765921707342035e-02
4.312533868129943548e-01 -9.640938749521947917e-03
4.397992333103626916e-01 -9.272502787636473578e-03
4.483486172343077447e-01 -8.902969543218185872e-03
4.569005986284282450e-01 -8.533001523647394670e-03
4.654500110141950309e-01 -8.163444740801516220e-03
4.739991978822817309e-01 -7.794587936928623617e-03
4.825503901792363992e-01 -7.426087601339600129e-03
4.911023646601461179e-01 -7.057640589301348612e-03
4.996523624502140493e-01 -6.689009747374402917e-03
5.082002339561330073e-01 -6.319845926960459929e-03
5.167459704670437359e-01 -5.949794430080410958e-03
5.252895799029010382e-01 -5.578500359769783534e-03
5.338310817172341460e-01 -5.205608830262027122e-03
5.423704821588906100e-01 -4.830766039539404096e-03
5.509077765083570943e-01 -4.453619183654005872e-03
5.594429656509495308e-01 -4.073815734180401098e-03
5.679760725300528890e-01 -3.691002689670419383e-03
5.765071035486841744e-01 -3.304828285535910126e-03
5.850360598654564814e-01 -2.914941505729974711e-03
5.935629316058752547e-01 -2.520992363963335710e-03
6.020881067347340077e-01 -2.122613383804588996e-03
6.106273880321221315e-01 -1.719767568402281706e-03
6.191656472161476410e-01 -1.317092227789389957e-03
6.276777360964170827e-01 -9.202872056999430745e-04
6.361640853220030811e-01 -5.337670512491374079e-04
6.446250077981239279e-01 -1.618708421620738221e-04
6.530608063724563372e-01 1.911411680954421119e-04
6.614717699444752075e-01 5.210857562164276013e-04
6.698581339081860486e-01 8.238538872026676023e-04
6.782383594765684087e-01 1.097030479085175751e-03
6.866289559476711490e-01 1.341887584863686936e-03
6.950299840097584614e-01 1.560010335184731228e-03
7.034414396238827250e-01 1.752992830024612068e-03
7.118633294220895191e-01 1.922440668562769468e-03
7.202957267376863815e-01 2.069971831159604127e-03
7.287385333920387565e-01 2.197212715663492046e-03
7.371916664363846738e-01 2.305802197245705905e-03
7.456522746268087198e-01 2.397171860880092063e-03
7.541184261798031807e-01 2.472249744542073541e-03
7.625901449182822534e-01 2.531899571341558047e-03
7.710673480461589513e-01 2.576987461725850463e-03
7.795500038888315553e-01 2.608383297207024325e-03
7.880380832910346411e-01 2.626960231873534495e-03
7.965315672529760249e-01 2.633594686065666036e-03
8.050304700293869908e-01 2.629166269445116014e-03
8.135347089966706857e-01 2.614557911354341378e-03
8.220442546275790185e-01 2.590655925130786082e-03
8.305590773786767356e-01 2.558349943404866940e-03
8.390791905049000965e-01 2.518532714173923100e-03
8.476045472679443193e-01 2.472100556316969133e-03
8.561350935292399988e-01 2.419953265903889914e-03
8.646707999273104406e-01 2.362993908260277616e-03
8.732115396106260308e-01 2.302129575150873089e-03
8.817478787266993523e-01 2.237763442462824444e-03
8.902720568025946912e-01 2.168334254163441221e-03
8.987841245800822776e-01 2.091822563198016561e-03
9.072841329363249274e-01 2.006225806814770744e-03
9.157720018344570612e-01 1.909559724572362956e-03
9.242479085459235355e-01 1.799853926113568342e-03
9.327119148181732822e-01 1.675155431971629477e-03
9.411640734627494398e-01 1.533527543291687703e-03
9.496044382515412829e-01 1.373049555418223667e-03
9.580329521435309026e-01 1.191819125946676260e-03
9.664497792759032535e-01 9.879451551851245721e-04
9.748549863551527750e-01 7.595536319789204186e-04
9.832486335778272135e-01 5.047859036288537089e-04
9.916307834816563416e-01 2.217982773633431692e-04
1.000001501274394800e+00 -9.123821913936128929e-05
