Airfoils1D_349F
1.000004803370946993e+00 8.517850011634761664e-05
9.914799504159912402e-01 9.065711882341806341e-04
9.829564534519646957e-01 1.726912427228434205e-03
9.744343019282882823e-01 2.545910794210714308e-03
9.659134854031560247e-01 3.363275203128561486e-03
9.573940165207041053e-01 4.178712707754091669e-03
9.488758616003207802e-01 4.991935148719968060e-03
9.403590102642540582e-01 5.802652474857197991e-03
9.318434521759449973e-01 6.610574976298556026e-03
9.233291988137217743e-01 7.415411229830282634e-03
9.148162191962856404e-01 8.216874180084772494e-03
9.063045019731860164e-01 9.014675248368761093e-03
8.977940369646134622e-01 9.808526088550734157e-03
8.892848330217966168e-01 1.059813693628534892e-02
8.807768645510614114e-01 1.138322157957665989e-02
8.722701178881304696e-01 1.216349302637202007e-02
8.637645829911568818e-01 1.293866428935852401e-02
8.552602648140279484e-01 1.370844737000109781e-02
8.467571456348308434e-01 1.447255668091548472e-02
8.382552081967902247e-01 1.523070691516890778e-02
8.297544425720592143e-01 1.598261244036007153e-02
8.212548485413462274e-01 1.672798711626730800e-02
8.127564187326933309e-01 1.746654579204972094e-02
8.042591310141541383e-01 1.819800493063768870e-02
7.957629755427888529e-01 1.892208025128008439e-02
7.872679456442563950e-01 1.963848754574482741e-02
7.787740467698124336e-01 2.034694194996457955e-02
7.702812506252469937e-01 2.104716176330995864e-02
7.617895474183526972e-01 2.173886405362522589e-02
7.532989273637006322e-01 2.242176622491785093e-02
7.448093973095466502e-01 2.309558470626007706e-02
7.363209354017111741e-01 2.376003856715937224e-02
7.278335021163799823e-01 2.441484851372477394e-02
7.193447472489005179e-01 2.506004309832884566e-02
7.108521160080126799e-01 2.569622101506221015e-02
7.023555231594880155e-01 2.632393957843715687e-02
6.938549580095815239e-01 2.694375177902147422e-02
6.853503837106634800e-01 2.755621385041330529e-02
6.768417620463341722e-01 2.816188339772688135e-02
6.683290166069425497e-01 2.876132197708226521e-02
6.598122565318750299e-01 2.935507938742032072e-02
6.512969149284822956e-01 2.994299727731723065e-02
6.427874878684403104e-01 3.052384705368186429e-02
6.342841266008388823e-01 3.109646940321793632e-02
6.257868318541547348e-01 3.165972080473702932e-02
6.172956362339245828e-01 3.221246093510027331e-02
6.088105917318842319e-01 3.275355358488513113e-02
6.003317745951884943e-01 3.328186645674387906e-02
5.918592168005244458e-01 3.379627549080191362e-02
5.833890443194300612e-01 3.429612928004889538e-02
5.749181178249934687e-01 3.478151416721309702e-02
5.664463988302105291e-01 3.525249319840720319e-02
5.579738495430229817e-01 3.570912936147382921e-02
5.495004352333644482e-01 3.615148547074947816e-02
5.410261224144639058e-01 3.657962428356260204e-02
5.325508758122051711e-01 3.699360865632722595e-02
5.240746601742026778e-01 3.739350144592685360e-02
5.155974364687986311e-01 3.777936567999853196e-02
5.071191726225154905e-01 3.815126406385629249e-02
4.986398340631724713e-01 3.850925942963197290e-02
4.901593856257214221e-01 3.885341464006895201e-02
4.816777914165060182e-01 3.918379258906161400e-02
4.731950132514092799e-01 3.950045625302886498e-02
4.647110197937602272e-01 3.980346835373850534e-02
4.562258306104473027e-01 4.009288987191037684e-02
4.477417816007161488e-01 4.036855545807910978e-02
4.392607314510092453e-01 4.062985414925823768e-02
4.307827680286361316e-01 4.087614659432359937e-02
4.223079414645499186e-01 4.110679628217241144e-02
4.138363256082707164e-01 4.132116768776965265e-02
4.053679942246213863e-01 4.151862702326583610e-02
3.969030483865160219e-01 4.169854168229975705e-02
3.884415498432665648e-01 4.186028173658144780e-02
3.799835559264860829e-01 4.200321896210464090e-02
3.715291397999990752e-01 4.212672650553894033e-02
3.630783744075297137e-01 4.223017923853760597e-02
3.546313554840561655e-01 4.231295355727660717e-02
3.461881504591601821e-01 4.237442797927966354e-02
3.377488129920486748e-01 4.241398273864802754e-02
3.293134148385647442e-01 4.243099957411610584e-02
3.208820273788366984e-01 4.242486192683057877e-02
3.124547300462318655e-01 4.239495497613637864e-02
3.040316155226125416e-01 4.234066579794875523e-02
2.956127228267501073e-01 4.226138283826955805e-02
2.871981214863194021e-01 4.215649628054275733e-02
2.787878804791711351e-01 4.202539796970253955e-02
2.703820681967507022e-01 4.186748140110085892e-02
2.619807731618598035e-01 4.168214220066509407e-02
2.535840575125966057e-01 4.146877720294313285e-02
2.451919714006763895e-01 4.122678444803555553e-02
2.368045804792748843e-01 4.095556390106137867e-02
2.284219496229455970e-01 4.065451710311497602e-02
2.200441428880277606e-01 4.032304715221212560e-02
2.116712419477096707e-01 3.996055951739754808e-02
2.033033059949278520e-01 3.956646040756722077e-02
1.949403804876299329e-01 3.914015680389471008e-02
1.865828738609366100e-01 3.868107737928746376e-02
1.782472891162927564e-01 3.818860234778429646e-02
1.699470114224321260e-01 3.765881594188173753e-02
1.616823530553040400e-01 3.708653397737446400e-02
1.534535694532349337e-01 3.646669534647312139e-02
1.452608376787447308e-01 3.579435553578529799e-02
1.371041813115961849e-01 3.506467376003467862e-02
1.289837069423185878e-01 3.427292743678728160e-02
1.208993458654347708e-01 3.341448339971512388e-02
1.128417422440247259e-01 3.248430062689434267e-02
1.048046833919853704e-01 3.147953215017137291e-02
9.679064557246361278e-02 3.039870292338528457e-02
8.880210984863956547e-02 2.924036803165234316e-02
8.084153532020089961e-02 2.800311037379351470e-02
7.291135721142308346e-02 2.668554101870143289e-02
6.501398487992329778e-02 2.528629946081764612e-02
5.715561249965901702e-02 2.380479080673765166e-02
4.957644916126534296e-02 2.227377988161926420e-02
4.243341417304713481e-02 2.067779659587135402e-02
3.567259603489688485e-02 1.896717315542180080e-02
2.925298211321048988e-02 1.710547215045219241e-02
2.313234968236019609e-02 1.506178108420530744e-02
1.727485858854739542e-02 1.280959530383967739e-02
1.164480753406958030e-02 1.032231815110584185e-02
6.539802355933572488e-03 7.749605599458505092e-03
3.949712097518726789e-03 6.202325987978729929e-03
2.593014375715676709e-03 5.131888688768324741e-03
1.752053798026646228e-03 4.258515537775731975e-03
1.097896091130879433e-03 3.350323404901714257e-03
6.390066464519046077e-04 2.456467745055642988e-03
3.298305137841549555e-04 1.554483445718899456e-03
1.671354396479173606e-04 7.033879809098553823e-04
1.319848759550732895e-04 -1.364368932459381057e-04
2.143598382251653701e-04 -8.866650650787939389e-04
4.033329803885216743e-04 -1.611793536936770689e-03
7.061665981517670915e-04 -2.320005116124166256e-03
1.122008509027567786e-03 -2.983551816651269697e-03
1.690118463020503017e-03 -3.632324082492437937e-03
2.535305064801124820e-03 -4.342686217548602512e-03
3.892776612030423872e-03 -5.185029439602389066e-03
6.461292186500774450e-03 -6.382960302276850274e-03
1.027181187782560436e-02 -7.768765732378398771e-03
1.457748551747862012e-02 -8.916759928062852059e-03
1.970909519768785506e-02 -9.874375659176422987e-03
2.637983900183577327e-02 -1.075297491730345563e-02
3.452047876668547233e-02 -1.168789013033715019e-02
4.263562979241686257e-02 -1.255702213900068177e-02
5.070744630706543882e-02 -1.334987030528103982e-02
5.873207050741242885e-02 -1.405794303056983642e-02
6.675113984289667013e-02 -1.467925332200074352e-02
7.480085704611030839e-02 -1.521923001864094842e-02
8.288153956255024657e-02 -1.568194008507315870e-02
9.099346034793732996e-02 -1.607152893297567053e-02
9.913685249313010373e-02 -1.639222612758950426e-02
1.073119139725979276e-01 -1.664835057695622164e-02
1.155188124490265644e-01 -1.684431525104552671e-02
1.237576900701758409e-01 -1.698463148442664813e-02
1.320286681979739030e-01 -1.707391292122100931e-02
1.403318520137193659e-01 -1.711687916473184426e-02
1.486673349469360972e-01 -1.711835919643356352e-02
1.570352028786536625e-01 -1.708329462998755058e-02
1.654357455682756717e-01 -1.701674087914210182e-02
1.738689746511698220e-01 -1.692387339945589791e-02
1.823348711191362381e-01 -1.680999159700637818e-02
1.908332227060703379e-01 -1.668052439719164282e-02
1.993473203964411800e-01 -1.654026389361280824e-02
2.078626317249212263e-01 -1.639046504177026770e-02
2.163790309761525754e-01 -1.623138293841021318e-02
2.248965294707921114e-01 -1.606327078824858201e-02
2.334151434167583417e-01 -1.588638197873039684e-02
2.419348957726804861e-01 -1.570097001369301359e-02
2.504558085181409766e-01 -1.550728866117858512e-02
2.589778852665665654e-01 -1.530559238006250385e-02
2.675011421307862958e-01 -1.509613563210763371e-02
2.760255956437066005e-01 -1.487917313749293445e-02
2.845512806620851265e-01 -1.465495939536815874e-02
2.930781941045100258e-01 -1.442375015905087050e-02
3.016063520177445501e-01 -1.418580097442421160e-02
3.101357704363580381e-01 -1.394136765935126074e-02
3.186664804143947705e-01 -1.369070585723283079e-02
3.271984879158584825e-01 -1.343407220640088079e-02
3.357318040414907778e-01 -1.317172348765588766e-02
3.442664447910401271e-01 -1.290391661330679215e-02
3.528024371254434577e-01 -1.263090841605099025e-02
3.613397953860242318e-01 -1.235295639305431133e-02
3.698785263157935432e-01 -1.207031857554530414e-02
3.784186459005944858e-01 -1.178325297742045981e-02
3.869601780401350499e-01 -1.149201761687592381e-02
3.955031434466126372e-01 -1.119687088547246731e-02
4.040475455373797598e-01 -1.089807205360483928e-02
4.125934003015188090e-01 -1.059588024319591849e-02
4.211407296126206123e-01 -1.029055464257057871e-02
4.296895585299355114e-01 -9.982354595304686329e-03
4.382398881798666435e-01 -9.671540587455855834e-03
4.467917345680289531e-01 -9.358372854937367646e-03
4.553451185786535071e-01 -9.043111732451135712e-03
4.639000572813792855e-01 -8.726017971340168863e-03
4.724557674557769982e-01 -8.407335961465986843e-03
4.810115354977507196e-01 -8.087136685045563655e-03
4.895673394878568008e-01 -7.765426043894424306e-03
4.981231631525608883e-01 -7.442209730022146009e-03
5.066789896643628666e-01 -7.117493456503050549e-03
5.152348025186903602e-01 -6.791282924449878675e-03
5.237905852956957764e-01 -6.463583831874762826e-03
5.323463217290764771e-01 -6.134401870961344976e-03
5.409019949904895208e-01 -5.803742755649661522e-03
5.494575885759829248e-01 -5.471612187632645362e-03
5.580130860617179556e-01 -5.138015865621306522e-03
5.665684711877573276e-01 -4.802959481986932011e-03
5.751237271252911398e-01 -4.466448751506619554e-03
5.836788373709878019e-01 -4.128489376440560958e-03
5.922337854974704108e-01 -3.789087056174757998e-03
6.007885263801613362e-01 -3.448248635358503768e-03
6.093407417033867013e-01 -3.105935725477746226e-03
6.178883069635430214e-01 -2.761585564984672322e-03
6.264312420688175065e-01 -2.414428978585134514e-03
6.349695530392879261e-01 -2.063699826098489964e-03
6.435033409998643927e-01 -1.708630491221669939e-03
6.520326551640638346e-01 -1.348457851566917847e-03
6.605575449653455777e-01 -9.824211587413553791e-04
6.690787628802727927e-01 -6.097310140489177032e-04
6.775980452797725206e-01 -2.338759082237685237e-04
6.859979044825577077e-01 1.205340423021100384e-04
6.942693707719467255e-01 4.316184095023980691e-04
7.024203029433980783e-01 6.801476367446138279e-04
7.105773752536667098e-01 8.578054659195931669e-04
7.188560696556927088e-01 9.799709700067172399e-04
7.272632987946617833e-01 1.065916110235063568e-03
7.357917751620521862e-01 1.136639127860465540e-03
7.443304830603979516e-01 1.209718415275880992e-03
7.528761405819864860e-01 1.287701322730430741e-03
7.614295244526364526e-01 1.369272713683852838e-03
7.699907114890223170e-01 1.453104514285048126e-03
7.785584845743594995e-01 1.537848554942571142e-03
7.871216447881235201e-01 1.622052607780608523e-03
7.956769670068500888e-01 1.704346766684118998e-03
8.042244389302716234e-01 1.783400184992722619e-03
8.127641676735134491e-01 1.857890396638082900e-03
8.212961842438271098e-01 1.926501387241747300e-03
8.298205118547881121e-01 1.987924236584943764e-03
8.383370990631849873e-01 2.040856733974966922e-03
8.468460687223079431e-01 2.084004906106021356e-03
8.553474518549293304e-01 2.116081080681130738e-03
8.638412796255977577e-01 2.135804541977236789e-03
8.723275420065161878e-01 2.141901488181996004e-03
8.808076710636927320e-01 2.133183254258215478e-03
8.892830160959279695e-01 2.108773522387016874e-03
8.977535262723961296e-01 2.067874426963788037e-03
9.062191448526770721e-01 2.009690840744374901e-03
9.146797782651007180e-01 1.933430738796579123e-03
9.231353910321243861e-01 1.838304434575226956e-03
9.315859444423296720e-01 1.723524823073979565e-03
9.400313830898379130e-01 1.588307625880099657e-03
9.484716520138951612e-01 1.431871242166216909e-03
9.569066702442088346e-01 1.253437330343597353e-03
9.653363867009672195e-01 1.052229747760452310e-03
9.737607724211643223e-01 8.274743596123434021e-04
9.821797747277790647e-01 5.784001255627685889e-04
9.905933416422103566e-01 3.042385968184124225e-04
9.990014219384254490e-01 4.223894557152368488e-06
