Airfoils1D_363_-3.0_0.65F
1.000004999045251530e+00 1.974476694979217912e-04
9.927176726581073973e-01 6.914497751371806921e-04
9.854314613277647128e-01 1.182307490584704867e-03
9.781463711154427809e-01 1.669817319731982299e-03
9.708624106230033801e-01 2.153775852908673943e-03
9.635795465104556312e-01 2.633982697933353462e-03
9.562977978559060732e-01 3.110234223742853153e-03
9.490171475616947516e-01 3.582329422122315383e-03
9.417375750954486424e-01 4.050067711579326789e-03
9.344591131944697260e-01 4.513245332648970799e-03
9.271817177534528165e-01 4.971663671853044850e-03
9.199053948323068219e-01 5.425121137261595082e-03
9.126301520334272332e-01 5.873416305349805563e-03
9.053559563697013424e-01 6.316350479502976477e-03
8.980828295571534614e-01 6.753721843708700850e-03
8.908107499908284321e-01 7.185331451461194480e-03
8.835397020303235038e-01 7.610980189645018268e-03
8.762697142831373798e-01 8.030466606752285560e-03
8.690007431095225776e-01 8.443593674083442815e-03
8.617328009991283011e-01 8.850161344119094817e-03
8.544658851578692538e-01 9.249970697859013352e-03
8.471999675343850900e-01 9.642824410393116552e-03
8.399350770453700710e-01 1.002852230182936684e-02
8.326711781976444682e-01 1.040686788100532098e-02
8.254082703683659483e-01 1.077766300141748054e-02
8.181463658894951863e-01 1.114070912379011395e-02
8.108854289125634329e-01 1.149581034460995035e-02
8.036254819564638829e-01 1.184276809729054372e-02
7.963665024779374990e-01 1.218138624582610838e-02
7.891084775091351533e-01 1.251146837322525407e-02
7.818514308230067877e-01 1.283281664821417888e-02
7.745953205576613376e-01 1.314523639475630168e-02
7.673401645904855961e-01 1.344853052294481613e-02
7.600859496601158893e-01 1.374250352891775648e-02
7.528326540341694351e-01 1.402696042148126286e-02
7.455803092407955468e-01 1.430170436581926913e-02
7.383288691851623842e-01 1.456654173487261644e-02
7.310783488434907662e-01 1.482127679972635587e-02
7.238226172061830166e-01 1.506605413969925797e-02
7.165335987510990101e-01 1.530457266603738563e-02
7.092242345322863351e-01 1.554194389490489055e-02
7.019493154612388430e-01 1.578209052904644416e-02
6.947132068079019396e-01 1.603043585575022675e-02
6.875159912230499604e-01 1.629236584372515881e-02
6.803564838865795439e-01 1.657314556997405847e-02
6.732356163286322692e-01 1.687779601654137984e-02
6.661517658099367356e-01 1.721128839245102474e-02
6.591045118888367860e-01 1.757840244830612825e-02
6.520534521170613385e-01 1.798396309661367751e-02
6.449680461642902651e-01 1.842609285236015623e-02
6.378480492674677427e-01 1.889997312113031805e-02
6.306920243364736445e-01 1.940070920461100037e-02
6.234994909563510435e-01 1.992318325604842955e-02
6.162697208556338069e-01 2.046212628912157105e-02
6.090012157511931479e-01 2.101215467045980390e-02
6.017075741261923572e-01 2.156655932151657629e-02
5.944452543363457631e-01 2.211527456202568021e-02
5.872083114135822068e-01 2.265355521311426118e-02
5.799722870688723830e-01 2.318165611989025585e-02
5.727357526303527013e-01 2.369968875297501568e-02
5.654986890973063840e-01 2.420766635211446874e-02
5.582610741106273089e-01 2.470560239199620992e-02
5.510228865440877088e-01 2.519351025260406843e-02
5.437841064035904282e-01 2.567140323440938315e-02
5.365447101033832267e-01 2.613929486827935855e-02
5.293046788667973290e-01 2.659719836512636562e-02
5.220639904248493002e-01 2.704512715703621950e-02
5.148226233976631594e-01 2.748309461117857261e-02
5.075805580285858154e-01 2.791111399310686192e-02
5.003377707189952117e-01 2.832919878968085878e-02
4.930942425882865465e-01 2.873736220620317500e-02
4.858499516037702026e-01 2.913561762614005207e-02
4.786048760803808255e-01 2.952397840430832227e-02
4.713589965243027979e-01 2.990245777426658175e-02
4.641122893558355944e-01 3.027106917833738767e-02
4.568647733676565736e-01 3.062982391627220441e-02
4.496178349253766027e-01 3.097858884325154633e-02
4.423725641816134146e-01 3.131701326017820308e-02
4.351289496225857478e-01 3.164475755714191152e-02
4.278870880665268106e-01 3.196147786265893243e-02
4.206469673354685801e-01 3.226683587083848531e-02
4.134086355277600822e-01 3.256049125266708560e-02
4.061721533309758381e-01 3.284210395376856162e-02
3.989375074456121273e-01 3.311133745512041121e-02
3.917047973994500221e-01 3.336785166944539194e-02
3.844740062587935214e-01 3.361131145461520447e-02
3.772451885184203157e-01 3.384137975249307262e-02
3.700183958098173798e-01 3.405772039987248895e-02
3.627936182555524525e-01 3.425999969312663179e-02
3.555709633202051023e-01 3.444788130555857808e-02
3.483503982061575965e-01 3.462103338350709658e-02
3.411319944660045622e-01 3.477912200600739856e-02
3.339157835373648409e-01 3.492181497502282184e-02
3.267017730628654082e-01 3.504878112223297482e-02
3.194900570062825240e-01 3.515968847047003243e-02
3.122806021991189063e-01 3.525420776268500811e-02
3.050734990120538836e-01 3.533200859078614031e-02
2.978687475259501616e-01 3.539276238431100785e-02
2.906663872502851520e-01 3.543614071490952533e-02
2.834664763733943937e-01 3.546181581690810436e-02
2.762689976654200130e-01 3.546946080604513468e-02
2.690740616983070543e-01 3.545874928448174146e-02
2.618816261261611156e-01 3.542935547509274558e-02
2.546917728395459157e-01 3.538095445337553074e-02
2.475045131480038130e-01 3.531322169681087170e-02
2.403198751349198137e-01 3.522583331563051978e-02
2.331379219097101385e-01 3.511846657610153549e-02
2.259586304449105743e-01 3.499079806966116923e-02
2.187821109966525679e-01 3.484250732918073995e-02
2.116083172378778188e-01 3.467327150155857102e-02
2.044373339971477244e-01 3.448277111265663636e-02
1.972691622635922015e-01 3.427068533713839571e-02
1.901038390924358890e-01 3.403669482762646664e-02
1.829443152684013252e-01 3.378050929852158268e-02
1.758005096514034526e-01 3.350102646714146759e-02
1.686740892465271313e-01 3.319609109587951662e-02
1.615645648709916893e-01 3.286347799043635304e-02
1.544725313641926168e-01 3.250104133141906715e-02
1.473974313270537406e-01 3.210660843449452545e-02
1.403397840890730774e-01 3.167809265355438220e-02
1.332991234489258603e-01 3.121337855864835670e-02
1.262758894227259121e-01 3.071043560096910555e-02
1.192704747405156085e-01 3.016725966537969761e-02
1.122988454428746757e-01 2.958222725674986356e-02
1.053680477306057767e-01 2.895130906836926310e-02
9.848082752627346226e-02 2.827010381443568338e-02
9.163722141196904702e-02 2.753411323817077025e-02
8.483929223388400609e-02 2.673919512050746197e-02
7.808800838934154553e-02 2.588124497341415253e-02
7.138410449455956375e-02 2.495626218702978738e-02
6.472976489346278506e-02 2.396059462351105007e-02
5.812501052242434463e-02 2.289041778038437489e-02
5.167569944742735760e-02 2.175684099666042037e-02
4.552621064389011929e-02 2.056117370538824637e-02
3.965427446981589082e-02 1.927627223986778590e-02
3.403596320842298961e-02 1.788034038071804541e-02
2.864931776768438881e-02 1.635574593494817236e-02
2.347065074701874463e-02 1.468642794465703678e-02
1.847812560081188438e-02 1.285748222493387702e-02
1.365673806489856382e-02 1.085648490119730039e-02
8.980202471710318005e-03 8.665216833125811285e-03
5.325027442236376397e-03 6.752337834146262228e-03
3.635039216170938853e-03 5.689179603605844932e-03
2.668043472388416729e-03 4.915462886434835907e-03
1.945810829332768116e-03 4.179183259514580341e-03
1.414935301772305039e-03 3.477763685197041502e-03
9.959309101885457493e-04 2.737833110510898890e-03
6.985189584268324415e-04 2.008436457641284405e-03
4.931923657810980549e-04 1.249521572533741085e-03
3.967864370387569556e-04 5.805829595846032434e-04
3.826912762036128231e-04 -6.257612574655309519e-05
4.519924819566400347e-04 -6.879065268610390187e-04
5.776332781401530845e-04 -1.201473130148494189e-03
7.564634430157917734e-04 -1.675367263857594933e-03
9.898200977253440724e-04 -2.119996770461262791e-03
1.294215390291695916e-03 -2.552760801146654063e-03
1.714494953423673996e-03 -3.000707487925819133e-03
2.199304271838461913e-03 -3.399765948412423154e-03
2.922702667551207566e-03 -3.865832589392355703e-03
4.152806316412811956e-03 -4.476056929341672153e-03
7.383828734592495606e-03 -5.769134612871479675e-03
1.215030452304260815e-02 -7.441820306329702955e-03
1.707735824861223925e-02 -8.919579861616098310e-03
2.218467956544165412e-02 -1.021435779822395425e-02
2.749959365374551531e-02 -1.133958141720955472e-02
3.305269104418680215e-02 -1.230934297354203087e-02
3.886774852952087217e-02 -1.313837740562008756e-02
4.497620783373408593e-02 -1.384662961206288047e-02
5.141260447707603209e-02 -1.446047655441251058e-02
5.822371043241463678e-02 -1.501667689144651520e-02
6.524600292184165595e-02 -1.553996039978430312e-02
7.228391994914663832e-02 -1.602499467068224659e-02
7.933330635950344711e-02 -1.647278722456782529e-02
8.639425570988462644e-02 -1.688468309469879844e-02
9.346663068096190685e-02 -1.726202466826805976e-02
1.005505583230387051e-01 -1.760618038358369858e-02
1.076458324096215974e-01 -1.791851376733282278e-02
1.147526491415906957e-01 -1.820041862104010769e-02
1.218707002316917754e-01 -1.845328027135702612e-02
1.290002874343612882e-01 -1.867851894807545307e-02
1.361410184769046017e-01 -1.887754431130845775e-02
1.432931817444983436e-01 -1.905179929724707538e-02
1.504564662358147675e-01 -1.920272370507652288e-02
1.576310007342607844e-01 -1.933178112124394124e-02
1.648166705173262359e-01 -1.944044301554657267e-02
1.720133833656036781e-01 -1.953019533468491192e-02
1.792212591054419824e-01 -1.960253991813319663e-02
1.864399929738753126e-01 -1.965898798736405786e-02
1.936693542770485665e-01 -1.970106263933880594e-02
2.009031790873391232e-01 -1.972985234574147623e-02
2.081390508432233721e-01 -1.974571798862316888e-02
2.153769800506467047e-01 -1.974895453023738784e-02
2.226169274594618219e-01 -1.973985746911047570e-02
2.298589531410704101e-01 -1.971872269761246882e-02
2.371029989778633273e-01 -1.968584685349888952e-02
2.443490886724839217e-01 -1.964152688870702407e-02
2.515972279104743969e-01 -1.958606026623450208e-02
2.588473795083321427e-01 -1.951974535014291967e-02
2.660996024880636357e-01 -1.944288014347341290e-02
2.733538389123456591e-01 -1.935576431343904308e-02
2.806101097905800423e-01 -1.925869725392637469e-02
2.878684245641913164e-01 -1.915197893743305832e-02
2.951287440759727820e-01 -1.903591061404380155e-02
3.023911221435215957e-01 -1.891079258888146361e-02
3.096555096765322146e-01 -1.877692738405075876e-02
3.169219166060692205e-01 -1.863461708500701794e-02
3.241903647703460178e-01 -1.848416399976142432e-02
3.314608089286582571e-01 -1.832587236328544686e-02
3.387332935131130429e-01 -1.816004503425321104e-02
3.460077869721734922e-01 -1.798698706479335760e-02
3.532842797066433893e-01 -1.780700360494793730e-02
3.605628146304076243e-01 -1.762039899755029129e-02
3.678433362544836216e-01 -1.742748061748608177e-02
3.751258754177546617e-01 -1.722855416477920773e-02
3.824104268162792364e-01 -1.702392680351930490e-02
3.896969593091436090e-01 -1.681390700476265501e-02
3.969855260879454062e-01 -1.659880134471865970e-02
4.042760767105221253e-01 -1.637891995671454659e-02
4.115686176737559654e-01 -1.615457187182016072e-02
4.188631786597362683e-01 -1.592606591180905848e-02
4.261597115306726691e-01 -1.569371387742277829e-02
4.334582491020601003e-01 -1.545782557280011953e-02
4.407587811213724560e-01 -1.521871270738105880e-02
4.480612797534849201e-01 -1.497668814204943834e-02
4.553657961170890500e-01 -1.473206266698795681e-02
4.626722831098468713e-01 -1.448515089195275690e-02
4.699797313637656959e-01 -1.423626238209497324e-02
4.772860722530890554e-01 -1.398545160560310009e-02
4.845912314975382440e-01 -1.373257151778638045e-02
4.918952002809637847e-01 -1.347747228549685261e-02
4.991979799536420681e-01 -1.322000385887293558e-02
5.064995905794636988e-01 -1.296001564962266477e-02
5.138000147024759379e-01 -1.269735852975989454e-02
5.210992709415519508e-01 -1.243188221205769953e-02
5.283973691816280516e-01 -1.216343683582588563e-02
5.356942879064579000e-01 -1.189187383180435875e-02
5.429900587782395815e-01 -1.161704278782177066e-02
5.502846751768448730e-01 -1.133879483609004195e-02
5.575781340528969121e-01 -1.105698111628747662e-02
5.648704579353031052e-01 -1.077145190071486340e-02
5.721616306409785802e-01 -1.048205909515979861e-02
5.794516682737135271e-01 -1.018865346692734292e-02
5.867405827488839654e-01 -9.891086053899340175e-03
5.940283514123341213e-01 -9.589209442405049674e-03
6.013150535118509943e-01 -9.282872111316672198e-03
6.086036504686375137e-01 -8.971956318492116042e-03
6.158967371393017087e-01 -8.656896075702908214e-03
6.231942675642226925e-01 -8.338354474301758537e-03
6.304963578276248093e-01 -8.016990038670195398e-03
6.378029826809590297e-01 -7.693469956478240016e-03
6.451141305573980800e-01 -7.368463365149654880e-03
6.524297992995301554e-01 -7.042641504201418989e-03
6.597447596825131155e-01 -6.716910689661144580e-03
6.670552334437825914e-01 -6.392112314126061241e-03
6.743611360221021256e-01 -6.068920818260182919e-03
6.816625930240832743e-01 -5.747998809454373144e-03
6.889595656725110429e-01 -5.430013655335737092e-03
6.962520819812457740e-01 -5.115627260287393396e-03
7.035402316481346174e-01 -4.805496435570134027e-03
7.108239309834374353e-01 -4.500282894302468431e-03
7.181032945710902338e-01 -4.200637490306259256e-03
7.253783409796512593e-01 -3.907212737547960391e-03
7.326490200100285177e-01 -3.620661378040703187e-03
7.399157340561325347e-01 -3.341612587372097889e-03
7.471819929224338130e-01 -3.070316549414918959e-03
7.544490562555591362e-01 -2.806682224816587235e-03
7.617169196964284072e-01 -2.550626943506259948e-03
7.689856000239239098e-01 -2.302067262082572747e-03
7.762550821454550221e-01 -2.060920803498186328e-03
7.835253751358537411e-01 -1.827104320758289688e-03
7.907964815665260438e-01 -1.600534759419370298e-03
7.980683933948835573e-01 -1.381129346665863370e-03
8.053411266498955445e-01 -1.168804543731947121e-03
8.126146698800202905e-01 -9.634775930050317079e-04
8.198890266778460223e-01 -7.650652462305943934e-04
8.271642059167261252e-01 -5.734840888975998663e-04
8.344401963304264314e-01 -3.886511983470901117e-04
8.417170105180533657e-01 -2.104829935036868526e-04
8.489946436954235454e-01 -3.889629780181799723e-05
8.562730925290076289e-01 1.261921583493064462e-04
8.635523728646538055e-01 2.848661092408745314e-04
8.708324698912154327e-01 4.372086489820556148e-04
8.781101559215473973e-01 5.831562834096563506e-04
8.853720609837898436e-01 7.210591720233725660e-04
8.926166011294821567e-01 8.483762189521672388e-04
8.998433493757610480e-01 9.625936533768120499e-04
9.070528567710705037e-01 1.061250705130532650e-03
9.142449471932588834e-01 1.141910953634513040e-03
9.214197259325814793e-01 1.202177831457442413e-03
9.285774134818653991e-01 1.239689578273440616e-03
9.357177688268341065e-01 1.252116467999712067e-03
9.428413165865032752e-01 1.237163879245491410e-03
9.499475672284558581e-01 1.192571208451853560e-03
9.570372121838193191e-01 1.116104614119057831e-03
9.641097513605080271e-01 1.005571818062590134e-03
9.711658342219634532e-01 8.587962775106535579e-04
9.782050296205837547e-01 6.736509821889756890e-04
9.852279648949896496e-01 4.480131875308981807e-04
9.922342204054488413e-01 1.798193960071422333e-04
9.992244887859443869e-01 -1.330060938984249446e-04
