Airfoils1D_041F
9.999975034797926599e-01 2.052653935662913400e-04
9.914913270325220740e-01 1.282883784500740915e-03
9.829708596616143490e-01 2.366587411742126362e-03
9.744374987319807113e-01 3.453690841380997571e-03
9.659107463380448566e-01 4.539182497626353431e-03
9.573979131061147729e-01 5.619614152985676417e-03
9.488985039732561466e-01 6.692556967245650440e-03
9.404122277656254969e-01 7.755581178698299320e-03
9.319387969337424860e-01 8.806281320310234070e-03
9.234780544365734922e-01 9.842260505151306446e-03
9.150296313060672926e-01 1.086117235597807394e-02
9.065932040874986608e-01 1.186068844605947178e-02
8.981684968738281594e-01 1.283849808336333734e-02
8.897552357100981801e-01 1.379231364909113897e-02
8.813532606384157919e-01 1.471985812502819846e-02
8.729622133443382115e-01 1.561889964446676500e-02
8.645815362420817829e-01 1.648724794430419388e-02
8.561911730453597436e-01 1.732578436722821691e-02
8.477701434590347862e-01 1.814005133377910584e-02
8.393182223049144852e-01 1.893475892808192326e-02
8.308354167476403873e-01 1.971468873050456067e-02
8.223221899153378978e-01 2.048467997750710867e-02
8.137787614050379092e-01 2.124969705457820796e-02
8.052130161156418886e-01 2.201412435554047156e-02
7.966693364938847166e-01 2.277915376085958704e-02
7.881332102088223213e-01 2.354994810309260500e-02
7.795806036141509354e-01 2.432713155216085013e-02
7.710135712389822871e-01 2.510751366688599232e-02
7.624569640950588090e-01 2.588580154011930687e-02
7.539174237562524805e-01 2.665837869184151110e-02
7.453945757617149726e-01 2.742230386848561532e-02
7.368880689024929209e-01 2.817466965481067731e-02
7.283976381847466763e-01 2.891259663628300072e-02
7.199138951329902003e-01 2.963451647075626347e-02
7.114272889652627496e-01 3.034098141376682933e-02
7.029377500798518197e-01 3.103228338616067367e-02
6.944453119156389631e-01 3.170870578662829398e-02
6.859499891224821733e-01 3.237053380052816454e-02
6.774518360332835165e-01 3.301804983540154032e-02
6.689508870392931739e-01 3.365153825093101375e-02
6.604471766326935889e-01 3.427128374588446491e-02
6.519407301292773349e-01 3.487757201303323673e-02
6.434315795425031848e-01 3.547068857390605484e-02
6.349197714937345749e-01 3.605091829982562390e-02
6.264053408407208590e-01 3.661854726000045301e-02
6.178883225225157982e-01 3.717386186861866559e-02
6.093687315683737893e-01 3.771715014634100666e-02
6.008466213976673131e-01 3.824869798688143585e-02
5.923220287430628339e-01 3.876879274560352667e-02
5.837949888336162463e-01 3.927772222775182537e-02
5.752655261838366396e-01 3.977577521048175635e-02
5.667336757199767927e-01 4.026324018258047727e-02
5.581994839707250522e-01 4.074040534525275731e-02
5.496629863999831223e-01 4.120755990757742765e-02
5.411242156480695620e-01 4.166499358313917323e-02
5.325831907081971517e-01 4.211299713645524218e-02
5.240399665453923106e-01 4.255185978879907210e-02
5.154945788082907487e-01 4.298187216343828110e-02
5.069470631844852360e-01 4.340332523807444165e-02
4.983974364625791686e-01 4.381651125140559322e-02
4.898457495339118006e-01 4.422172112873492406e-02
4.812920419034736885e-01 4.461924673480143627e-02
4.727363493884017553e-01 4.500938047216117982e-02
4.641786938342529756e-01 4.539241572105840589e-02
4.556191386294181633e-01 4.576864436625761867e-02
4.470602112535106976e-01 4.613811827757722389e-02
4.385048744860847170e-01 4.650024067051972132e-02
4.299531648571912057e-01 4.685435754520109880e-02
4.214050479492258416e-01 4.719981976212438840e-02
4.128604505448001949e-01 4.753598148471486345e-02
4.043193292697617736e-01 4.786219736890735127e-02
3.957816444128831046e-01 4.817782367335431137e-02
3.872473932990867507e-01 4.848221710951464147e-02
3.787164875002606013e-01 4.877473922252314326e-02
3.701888834317015320e-01 4.905475158563841337e-02
3.616645374154131010e-01 4.932161748178381239e-02
3.531434326483197661e-01 4.957470111689672720e-02
3.446255171873288670e-01 4.981336952745272356e-02
3.361107275175143072e-01 5.003699168028461625e-02
3.275990193904295689e-01 5.024493762615905856e-02
3.190903483648808159e-01 5.043657908374814258e-02
3.105896757045782386e-01 5.061093577851293740e-02
3.021032712928992670e-01 5.076576933522778529e-02
2.936313275223464414e-01 5.089860726986557976e-02
2.851739483830356137e-01 5.100700507244652210e-02
2.767312374287854704e-01 5.108854415823268352e-02
2.683033891307294860e-01 5.114083118274659334e-02
2.598904574245233801e-01 5.116149965512230974e-02
2.514924894314713999e-01 5.114820749746701312e-02
2.431095806320572872e-01 5.109863694770887949e-02
2.347418227127678614e-01 5.101049463144470553e-02
2.263893027966709381e-01 5.088151119616087653e-02
2.180521026457985512e-01 5.070944091247303609e-02
2.097303776398064257e-01 5.049206354767920429e-02
2.014241301539221041e-01 5.022717836949494585e-02
1.931334007230990912e-01 4.991260720488170655e-02
1.848582578116033104e-01 4.954619471114835721e-02
1.766018362983579892e-01 4.912582030351173717e-02
1.683689187838099954e-01 4.864874561257004348e-02
1.601603866159643785e-01 4.811184975900745925e-02
1.519769989837169710e-01 4.751205645308031328e-02
1.438194938632677278e-01 4.684633790006514920e-02
1.356885853394910191e-01 4.611171340199863439e-02
1.275849609222695913e-01 4.530524775345703276e-02
1.195092788782491089e-01 4.442404940721258327e-02
1.114971394821401424e-01 4.346786237742126385e-02
1.035977271082928614e-01 4.243050187634335446e-02
9.581285400999620117e-02 4.129868410148176960e-02
8.814278625347418683e-02 4.005998030223616169e-02
8.058745134511537123e-02 3.870284798968981477e-02
7.314637211637110836e-02 3.721650848482872115e-02
6.581982143494977122e-02 3.559109993654661214e-02
5.860616786268562500e-02 3.381701510582404285e-02
5.158042342901768967e-02 3.190296159876485765e-02
4.486231848597171251e-02 2.985932367654054245e-02
3.844806583798764110e-02 2.766521557043266286e-02
3.233953735367542381e-02 2.530691002133217404e-02
2.652937519016603310e-02 2.277153125320634589e-02
2.100653596861906322e-02 2.004690070134382968e-02
1.575865704585312221e-02 1.712098573278980629e-02
1.079052224936556323e-02 1.399285229363840186e-02
7.014810598258582226e-03 1.129340340829287394e-02
4.593507098685625789e-03 9.185678191965512135e-03
2.913600571624393350e-03 7.342022569854804968e-03
1.680911512347595983e-03 5.602333700071088045e-03
8.333877383153200091e-04 4.017284208678276354e-03
3.070147712105267940e-04 2.571187256004678345e-03
5.918610912806839702e-05 1.363258311567762480e-03
-2.592573093850483843e-06 2.218534674073686333e-04
9.507215365620145121e-05 -7.347684869243089343e-04
3.263485516221059169e-04 -1.610373825106980799e-03
6.130959569125072652e-04 -2.262871315130534147e-03
9.895396643037149016e-04 -2.843148048811572175e-03
1.493023430996108817e-03 -3.373818917408794981e-03
2.154308338516680577e-03 -3.864168419373177100e-03
2.970010524724254856e-03 -4.306441458115013200e-03
5.422444700739545605e-03 -5.258540496860147559e-03
1.079943127161036610e-02 -6.978664028616223848e-03
1.640397740265963494e-02 -8.414843328486350943e-03
2.228562656958749458e-02 -9.586166208546142292e-03
2.849281773406511786e-02 -1.050910308350838478e-02
3.508013516353955530e-02 -1.120266640063146031e-02
4.209942389451541700e-02 -1.169207492244303190e-02
4.963001442625399051e-02 -1.201713153448297558e-02
5.772489010612506799e-02 -1.223824826946163374e-02
6.601645872496876566e-02 -1.240295306260582632e-02
7.432266216578282958e-02 -1.251535492591560571e-02
8.264376850442604894e-02 -1.257804658626210728e-02
9.098005905781468561e-02 -1.259365077551808515e-02
9.933186831984487652e-02 -1.256482044510615764e-02
1.076993395756396382e-01 -1.249424097224465999e-02
1.160827083090882478e-01 -1.238463113068611655e-02
1.244822046510454250e-01 -1.223874345593704664e-02
1.328980544187573498e-01 -1.205936501266523936e-02
1.413304801054470761e-01 -1.184931811434120942e-02
1.497798261595959246e-01 -1.161145731614966758e-02
1.582462583281628032e-01 -1.134867813819222075e-02
1.667299328348864629e-01 -1.106391437385419695e-02
1.752310676551358803e-01 -1.076013600952878055e-02
1.837498814660554480e-01 -1.044035146501002230e-02
1.922862415150553284e-01 -1.010761697270438908e-02
2.008300522825993140e-01 -9.764638076205369235e-03
2.093766625818734572e-01 -9.412311968487531086e-03
2.179260893688834966e-01 -9.051154767002840204e-03
2.264783675308094657e-01 -8.681682918149268013e-03
2.350335186953686206e-01 -8.304414511304097565e-03
2.435915375329265331e-01 -7.919869966988212981e-03
2.521524410529723537e-01 -7.528569871466612995e-03
2.607162571841411536e-01 -7.131035423670286331e-03
2.692830228254322611e-01 -6.727788496493566917e-03
2.778527246698144770e-01 -6.319354457864662100e-03
2.864253798894337844e-01 -5.906258402811015613e-03
2.950010137090043894e-01 -5.489026167123027371e-03
3.035796700979867535e-01 -5.068183788710528721e-03
3.121613320018564730e-01 -4.644261438720668524e-03
3.207460168335592998e-01 -4.217788761588314207e-03
3.293337513665834382e-01 -3.789296079345058892e-03
3.379245783540716919e-01 -3.359314057006411273e-03
3.465184812165925110e-01 -2.928377484732768050e-03
3.551146221713843976e-01 -2.497063519372703586e-03
3.637085090087054939e-01 -2.066133373597644519e-03
3.722993037547727702e-01 -1.636164196979297087e-03
3.808870539121940180e-01 -1.207687560441732992e-03
3.894717770418893443e-01 -7.812353859097162078e-04
3.980534741459414994e-01 -3.573392623552361976e-04
4.066321529593407980e-01 6.347072019865823873e-05
4.152078572962631942e-01 4.806673843954008696e-04
4.237806044496912339e-01 8.937233785459874381e-04
4.323503970489071535e-01 1.302111793143658283e-03
4.409172399086036531e-01 1.705306991140940554e-03
4.494811774106662883e-01 2.102786328660910271e-03
4.580422266425014377e-01 2.494026982179587976e-03
4.666006387616760120e-01 2.878519725749599262e-03
4.751626617487190729e-01 3.256483009360412739e-03
4.837314346468820081e-01 3.629037658242446115e-03
4.923069467757823503e-01 3.997311619099620447e-03
5.008891992340445132e-01 4.362438568791007082e-03
5.094782501758717830e-01 4.725559842629270882e-03
5.180739158260561084e-01 5.087811867736873918e-03
5.266696156903387660e-01 5.450066543626717365e-03
5.352587557623010861e-01 5.813195190124646229e-03
5.438411821759948639e-01 6.178335483426741423e-03
5.524169571813748458e-01 6.546628932169683106e-03
5.609860699443929288e-01 6.919208701770398345e-03
5.695484963324474181e-01 7.297202135630129552e-03
5.781041662648898072e-01 7.681729245426085692e-03
5.866531444788674055e-01 8.073910878604729016e-03
5.951954213412958827e-01 8.474859490924706654e-03
6.037318260471423725e-01 8.885719994880610442e-03
6.122946158687961882e-01 9.306995669387871720e-03
6.208767368769936290e-01 9.731250905239113153e-03
6.294158396799868216e-01 1.014726466995081490e-02
6.379089471224244079e-01 1.054696619151316433e-02
6.463567336665105856e-01 1.092272306603300769e-02
6.547600538044660023e-01 1.126715947097066579e-02
6.631200189291658331e-01 1.157314639704564926e-02
6.714380327234681367e-01 1.183378588851431018e-02
6.797458182800844018e-01 1.204495253088374261e-02
6.880709513389697829e-01 1.220862743828395915e-02
6.964136415948632974e-01 1.232740771677225990e-02
7.047737823450990202e-01 1.240391346025956909e-02
7.131514013417180609e-01 1.244079746352382866e-02
7.215462509081546072e-01 1.244074368426158379e-02
7.299582056213615999e-01 1.240647115457904279e-02
7.383870090278898957e-01 1.234073392047175914e-02
7.468274479047974923e-01 1.224604104956133685e-02
7.552759431490697617e-01 1.212396301294876681e-02
7.637325897539781749e-01 1.197587433706160005e-02
7.721973400596303660e-01 1.180316026668629462e-02
7.806702146626059990e-01 1.160721367502450148e-02
7.891512395096377253e-01 1.138943585291042962e-02
7.976404399587894156e-01 1.115123667617566247e-02
8.061379196039608619e-01 1.089403220826451642e-02
8.146436483859595956e-01 1.061925104989420304e-02
8.231576290371654947e-01 1.032832989384636913e-02
8.316798860256536807e-01 1.002271363590999734e-02
8.402104583629025347e-01 9.703855518849660231e-03
8.487494532583804707e-01 9.373214994128185526e-03
8.572968011937469601e-01 9.032267341342834280e-03
8.658525276641185764e-01 8.682493448911607001e-03
8.744164100691317332e-01 8.325393669646725600e-03
8.829675177477352976e-01 7.962076971731036137e-03
8.914881177597694384e-01 7.589159492873052970e-03
8.999782004402080426e-01 7.201658803489737089e-03
9.084377295249145279e-01 6.794696892770742992e-03
9.168666721806193465e-01 6.363496377072828426e-03
9.252647457521674390e-01 5.903392416734922973e-03
9.336321991549823007e-01 5.409788106488554529e-03
9.419690336420782906e-01 4.878191902010004487e-03
9.502752519826000999e-01 4.304202887736616884e-03
9.585508726988376527e-01 3.683507344340882558e-03
9.667959331394453404e-01 3.011875754360699136e-03
9.750104926753139223e-01 2.285159607525088111e-03
9.831946359782147704e-01 1.499287966792039409e-03
9.913484763401387845e-01 6.502637576705257031e-04
9.994721589889988822e-01 -2.658402541483564289e-04
