Airfoils1D_071
9.997828006744384766e-01 1.093095997930504382e-04
9.917414188385009766e-01 4.312045057304203510e-04
9.828652739524841309e-01 1.017426722683012486e-03
9.734048247337341309e-01 1.798272132873535156e-03
9.636104106903076172e-01 2.704036654904484749e-03
9.490961432456970215e-01 4.096770659089088440e-03
9.397152662277221680e-01 4.959592595696449280e-03
9.306328296661376953e-01 5.753115285187959671e-03
9.219560623168945312e-01 6.468780338764190674e-03
9.137889742851257324e-01 7.139180786907672882e-03
9.052239656448364258e-01 7.859317585825920105e-03
8.966827988624572754e-01 8.583541959524154663e-03
8.881537914276123047e-01 9.318723343312740326e-03
8.796403408050537109e-01 1.004141382873058319e-02
8.711376190185546875e-01 1.075857225805521011e-02
8.626451492309570312e-01 1.146704237908124924e-02
8.541472554206848145e-01 1.216304767876863480e-02
8.456418514251708984e-01 1.283356733620166779e-02
8.371260762214660645e-01 1.350420899689197540e-02
8.286366462707519531e-01 1.415222790092229843e-02
8.201690316200256348e-01 1.482154801487922668e-02
8.117069602012634277e-01 1.549902930855751038e-02
8.032478094100952148e-01 1.615630276501178741e-02
7.947838902473449707e-01 1.679684594273567200e-02
7.862999439239501953e-01 1.741943135857582092e-02
7.777904272079467773e-01 1.802276819944381714e-02
7.692442536354064941e-01 1.859518885612487793e-02
7.606601119041442871e-01 1.915832050144672394e-02
7.520756721496582031e-01 1.972584798932075500e-02
7.435002326965332031e-01 2.031658217310905457e-02
7.349350452423095703e-01 2.090554870665073395e-02
7.263971567153930664e-01 2.147802338004112244e-02
7.178976535797119141e-01 2.205089293420314789e-02
7.094349861145019531e-01 2.261798456311225891e-02
7.009882330894470215e-01 2.319062687456607819e-02
6.925240755081176758e-01 2.375808544456958771e-02
6.840280890464782715e-01 2.433128841221332550e-02
6.755238175392150879e-01 2.491261623799800873e-02
6.670110821723937988e-01 2.549176290631294250e-02
6.584702730178833008e-01 2.605911530554294586e-02
6.499291658401489258e-01 2.660866081714630127e-02
6.414029002189636230e-01 2.714804187417030334e-02
6.328980326652526855e-01 2.766330353915691376e-02
6.243975162506103516e-01 2.817204035818576813e-02
6.158911585807800293e-01 2.868062257766723633e-02
6.073818802833557129e-01 2.919360063970088959e-02
5.988880991935729980e-01 2.970679290592670441e-02
5.903996229171752930e-01 3.021437115967273712e-02
5.818838477134704590e-01 3.071129880845546722e-02
5.733494758605957031e-01 3.119066543877124786e-02
5.648018717765808105e-01 3.165063634514808655e-02
5.562507510185241699e-01 3.208328783512115479e-02
5.477082133293151855e-01 3.250268846750259399e-02
5.391803979873657227e-01 3.291899710893630981e-02
5.306791663169860840e-01 3.332592919468879700e-02
5.222047567367553711e-01 3.371689468622207642e-02
5.137388706207275391e-01 3.409521654248237610e-02
5.052492022514343262e-01 3.447039797902107239e-02
4.967359602451324463e-01 3.484997898340225220e-02
4.882150888442993164e-01 3.524690121412277222e-02
4.796995222568511963e-01 3.567162156105041504e-02
4.712005257606506348e-01 3.611123934388160706e-02
4.627173542976379395e-01 3.654453530907630920e-02
4.542497992515563965e-01 3.694819658994674683e-02
4.457907378673553467e-01 3.730934113264083862e-02
4.373145699501037598e-01 3.762118518352508545e-02
4.288108348846435547e-01 3.788255527615547180e-02
4.202986657619476318e-01 3.810584545135498047e-02
4.118000268936157227e-01 3.830922022461891174e-02
4.033257663249969482e-01 3.850504383444786072e-02
3.948687314987182617e-01 3.869191929697990417e-02
3.864293992519378662e-01 3.887547552585601807e-02
3.780101537704467773e-01 3.905386850237846375e-02
3.696095347404479980e-01 3.923903778195381165e-02
3.612041473388671875e-01 3.941925242543220520e-02
3.528019785881042480e-01 3.958302736282348633e-02
3.444063067436218262e-01 3.972967714071273804e-02
3.360226154327392578e-01 3.985392674803733826e-02
3.276458680629730225e-01 3.994542732834815979e-02
3.192535936832427979e-01 4.002251848578453064e-02
3.108328878879547119e-01 4.007144644856452942e-02
3.023919463157653809e-01 4.008429497480392456e-02
2.939432561397552490e-01 4.006926342844963074e-02
2.854906320571899414e-01 4.001737385988235474e-02
2.770585715770721436e-01 3.993108123540878296e-02
2.686441540718078613e-01 3.981039300560951233e-02
2.602423131465911865e-01 3.966232761740684509e-02
2.518649101257324219e-01 3.948653489351272583e-02
2.435028851032257080e-01 3.931596130132675171e-02
2.351353317499160767e-01 3.913040831685066223e-02
2.267697453498840332e-01 3.893764317035675049e-02
2.184259444475173950e-01 3.872554004192352295e-02
2.101093381643295288e-01 3.847946971654891968e-02
2.018307298421859741e-01 3.818917274475097656e-02
1.935661882162094116e-01 3.783506900072097778e-02
1.852869987487792969e-01 3.740973398089408875e-02
1.770153790712356567e-01 3.691505640745162964e-02
1.687561422586441040e-01 3.638288006186485291e-02
1.605063378810882568e-01 3.580979257822036743e-02
1.522684544324874878e-01 3.521074354648590088e-02
1.440929174423217773e-01 3.456999734044075012e-02
1.359929442405700684e-01 3.387604653835296631e-02
1.279652714729309082e-01 3.312363848090171814e-02
1.199924945831298828e-01 3.230625763535499573e-02
1.120515838265419006e-01 3.142007440328598022e-02
1.041507869958877563e-01 3.048388287425041199e-02
9.630211442708969116e-02 2.950593642890453339e-02
8.850782364606857300e-02 2.848110347986221313e-02
8.076891303062438965e-02 2.740300633013248444e-02
7.314415276050567627e-02 2.624731510877609253e-02
6.565667688846588135e-02 2.499324455857276917e-02
5.828706547617912292e-02 2.363242022693157196e-02
5.107689648866653442e-02 2.214923314750194550e-02
4.404247924685478210e-02 2.052865363657474518e-02
3.724114969372749329e-02 1.877361349761486053e-02
3.074753656983375549e-02 1.687439903616905212e-02
2.466893196105957031e-02 1.485965866595506668e-02
1.910994946956634521e-02 1.276880688965320587e-02
1.418275479227304459e-02 1.066050305962562561e-02
1.001186203211545944e-02 8.600521832704544067e-03
6.599726621061563492e-03 6.678957492113113403e-03
4.004942253232002258e-03 4.951392766088247299e-03
2.147241495549678802e-03 3.458571387454867363e-03
9.575576405040919781e-04 2.208093646913766861e-03
2.863348345272243023e-04 1.181655563414096832e-03
1.844601138145662844e-05 3.521452599670737982e-04
-2.460533323755953461e-05 -3.299012314528226852e-04
2.837556166923604906e-05 -9.096350404433906078e-04
1.525895640952512622e-04 -1.445792033337056637e-03
2.743452205322682858e-04 -1.966516021639108658e-03
4.716152907349169254e-04 -2.524052979424595833e-03
8.364240638911724091e-04 -3.151463810354471207e-03
1.570789958350360394e-03 -3.898444119840860367e-03
2.845278941094875336e-03 -4.779974464327096939e-03
4.883939400315284729e-03 -5.807363428175449371e-03
7.809438277035951614e-03 -6.964832544326782227e-03
1.172219216823577881e-02 -8.201275952160358429e-03
1.665565930306911469e-02 -9.471536614000797272e-03
2.248514257371425629e-02 -1.071167364716529846e-02
2.906482294201850891e-02 -1.187042798846960068e-02
3.623222932219505310e-02 -1.290690246969461441e-02
4.380117729306221008e-02 -1.383329648524522781e-02
5.159656703472137451e-02 -1.464053522795438766e-02
5.951028317213058472e-02 -1.535483729094266891e-02
6.745817512273788452e-02 -1.598617061972618103e-02
7.541267573833465576e-02 -1.653967797756195068e-02
8.339533954858779907e-02 -1.703116856515407562e-02
9.139265865087509155e-02 -1.746702194213867188e-02
9.941764920949935913e-02 -1.784315332770347595e-02
1.075127422809600830e-01 -1.816153526306152344e-02
1.156625747680664062e-01 -1.845371723175048828e-02
1.238686442375183105e-01 -1.871635392308235168e-02
1.321211159229278564e-01 -1.896515488624572754e-02
1.404013782739639282e-01 -1.919767074286937714e-02
1.487159430980682373e-01 -1.941097714006900787e-02
1.570781767368316650e-01 -1.961293630301952362e-02
1.654698401689529419e-01 -1.980024948716163635e-02
1.738777011632919312e-01 -1.996391639113426208e-02
1.823228746652603149e-01 -2.009562030434608459e-02
1.907887011766433716e-01 -2.021058090031147003e-02
1.992765069007873535e-01 -2.029941603541374207e-02
2.077661305665969849e-01 -2.035951055586338043e-02
2.162572294473648071e-01 -2.038679458200931549e-02
2.247661650180816650e-01 -2.038638852536678314e-02
2.332826703786849976e-01 -2.037553675472736359e-02
2.418040484189987183e-01 -2.034883201122283936e-02
2.503021359443664551e-01 -2.030698955059051514e-02
2.587957978248596191e-01 -2.024696953594684601e-02
2.672840654850006104e-01 -2.017505839467048645e-02
2.757670581340789795e-01 -2.008631266653537750e-02
2.842458784580230713e-01 -1.997481845319271088e-02
2.927394807338714600e-01 -1.984390430152416229e-02
3.012427985668182373e-01 -1.970692723989486694e-02
3.097561299800872803e-01 -1.957424916326999664e-02
3.182792961597442627e-01 -1.944364793598651886e-02
3.267752826213836670e-01 -1.932145282626152039e-02
3.352624177932739258e-01 -1.920640654861927032e-02
3.437454104423522949e-01 -1.908411085605621338e-02
3.522241413593292236e-01 -1.894513890147209167e-02
3.607138395309448242e-01 -1.877531968057155609e-02
3.692084252834320068e-01 -1.856793835759162903e-02
3.777229785919189453e-01 -1.832331717014312744e-02
3.862776756286621094e-01 -1.804577186703681946e-02
3.948531150817871094e-01 -1.774238795042037964e-02
4.034249484539031982e-01 -1.743325591087341309e-02
4.120100140571594238e-01 -1.712949387729167938e-02
4.205948114395141602e-01 -1.684029400348663330e-02
4.291725754737854004e-01 -1.656086929142475128e-02
4.377240538597106934e-01 -1.628676615655422211e-02
4.462338685989379883e-01 -1.601598225533962250e-02
4.547438323497772217e-01 -1.574002020061016083e-02
4.632613360881805420e-01 -1.545010972768068314e-02
4.717745780944824219e-01 -1.514146756380796432e-02
4.802814126014709473e-01 -1.483131945133209229e-02
4.887992441654205322e-01 -1.451263297349214554e-02
4.973141252994537354e-01 -1.419920660555362701e-02
5.058342814445495605e-01 -1.387912780046463013e-02
5.143392086029052734e-01 -1.356099918484687805e-02
5.228345990180969238e-01 -1.325576473027467728e-02
5.313502550125122070e-01 -1.294931303709745407e-02
5.398900508880615234e-01 -1.264181919395923615e-02
5.484485626220703125e-01 -1.233793050050735474e-02
5.570155978202819824e-01 -1.203880086541175842e-02
5.655945539474487305e-01 -1.171167008578777313e-02
5.741782784461975098e-01 -1.136073004454374313e-02
5.827824473381042480e-01 -1.098659168928861618e-02
5.913918018341064453e-01 -1.059840712696313858e-02
6.000074744224548340e-01 -1.019141357392072678e-02
6.086354851722717285e-01 -9.764174930751323700e-03
6.172698140144348145e-01 -9.345617145299911499e-03
6.259006261825561523e-01 -8.933304809033870697e-03
6.345360875129699707e-01 -8.522315882146358490e-03
6.431670784950256348e-01 -8.102108724415302277e-03
6.517908573150634766e-01 -7.688526529818773270e-03
6.604152321815490723e-01 -7.296699564903974533e-03
6.690168380737304688e-01 -6.927620619535446167e-03
6.775953173637390137e-01 -6.562597118318080902e-03
6.861567497253417969e-01 -6.206493359059095383e-03
6.946770548820495605e-01 -5.868678446859121323e-03
7.031719684600830078e-01 -5.510608199983835220e-03
7.116712927818298340e-01 -5.150808487087488174e-03
7.201611399650573730e-01 -4.787475336343050003e-03
7.286558151245117188e-01 -4.429350607097148895e-03
7.371565699577331543e-01 -4.089690279215574265e-03
7.456578612327575684e-01 -3.762606298550963402e-03
7.541946172714233398e-01 -3.448070725426077843e-03
7.627817392349243164e-01 -3.143779234960675240e-03
7.713798880577087402e-01 -2.843856811523437500e-03
7.800053358078002930e-01 -2.525427844375371933e-03
7.886368036270141602e-01 -2.228298224508762360e-03
7.972477078437805176e-01 -1.932772109284996986e-03
8.058312535285949707e-01 -1.636337372474372387e-03
8.143569231033325195e-01 -1.353046623989939690e-03
8.228502869606018066e-01 -1.088790129870176315e-03
8.313413858413696289e-01 -8.480778196826577187e-04
8.398240208625793457e-01 -6.123380735516548157e-04
8.482915759086608887e-01 -3.938849549740552902e-04
8.567636013031005859e-01 -1.987540308618918061e-04
8.652228116989135742e-01 -4.816844739252701402e-05
8.736789226531982422e-01 8.824052929412573576e-05
8.821319341659545898e-01 2.153575042029842734e-04
8.905661106109619141e-01 3.274515329394489527e-04
8.990072607994079590e-01 4.148977168370038271e-04
9.074277281761169434e-01 5.238987505435943604e-04
9.158223271369934082e-01 6.426738691516220570e-04
9.241904616355895996e-01 7.350248633883893490e-04
9.329300522804260254e-01 7.717706030234694481e-04
9.411518573760986328e-01 7.568912697024643421e-04
9.490135312080383301e-01 6.928616785444319248e-04
9.566538929939270020e-01 5.776770412921905518e-04
9.641920328140258789e-01 4.204976430628448725e-04
9.678279757499694824e-01 3.337725065648555756e-04
9.751914739608764648e-01 1.629669714020565152e-04
9.828504920005798340e-01 1.327752488577971235e-05
9.910130500793457031e-01 -9.418826084583997726e-05
9.998871088027954102e-01 -1.383227499900385737e-04
