9.995540976524353027e-01 2.573831879999488592e-04
9.920230507850646973e-01 1.272203982807695866e-03
9.835676550865173340e-01 2.309526782482862473e-03
9.744458198547363281e-01 3.351559862494468689e-03
9.649156928062438965e-01 4.380512516945600510e-03
9.506755471229553223e-01 5.829305388033390045e-03
9.413992762565612793e-01 6.735429167747497559e-03
9.323861598968505859e-01 7.585870102047920227e-03
9.237450361251831055e-01 8.384663611650466919e-03
9.155966043472290039e-01 9.150015190243721008e-03
9.070666432380676270e-01 9.975751861929893494e-03
8.985325098037719727e-01 1.080493349581956863e-02
8.900098800659179688e-01 1.166069786995649338e-02
8.815253973007202148e-01 1.250715274363756180e-02
8.730543255805969238e-01 1.333699934184551239e-02
8.645989298820495605e-01 1.413584593683481216e-02
8.561379909515380859e-01 1.487849000841379166e-02
8.476357460021972656e-01 1.559660583734512329e-02
8.390938043594360352e-01 1.630331389605998993e-02
8.305417895317077637e-01 1.697074435651302338e-02
8.219968676567077637e-01 1.758033223450183868e-02
8.134779334068298340e-01 1.814993657171726227e-02
8.049842119216918945e-01 1.868025213479995728e-02
7.965174913406372070e-01 1.918014883995056152e-02
7.880749702453613281e-01 1.964722201228141785e-02
7.796342968940734863e-01 2.010194584727287292e-02
7.711768150329589844e-01 2.058830857276916504e-02
7.627030014991760254e-01 2.110168710350990295e-02
7.542153596878051758e-01 2.163106575608253479e-02
7.457251548767089844e-01 2.218602411448955536e-02
7.372215986251831055e-01 2.276716008782386780e-02
7.287010550498962402e-01 2.335925400257110596e-02
7.201698422431945801e-01 2.395488694310188293e-02
7.116386294364929199e-01 2.451891638338565826e-02
7.031058073043823242e-01 2.506487444043159485e-02
6.945700049400329590e-01 2.559176273643970490e-02
6.860436201095581055e-01 2.610297128558158875e-02
6.775160431861877441e-01 2.661294676363468170e-02
6.690052747726440430e-01 2.713478915393352509e-02
6.604805588722229004e-01 2.767990715801715851e-02
6.519380211830139160e-01 2.822653576731681824e-02
6.433750391006469727e-01 2.877690829336643219e-02
6.348037719726562500e-01 2.931319922208786011e-02
6.262169480323791504e-01 2.985055372118949890e-02
6.176319122314453125e-01 3.036233037710189819e-02
6.090565323829650879e-01 3.086980618536472321e-02
6.004911065101623535e-01 3.138266876339912415e-02
5.919570922851562500e-01 3.189064189791679382e-02
5.834321379661560059e-01 3.238744288682937622e-02
5.749126076698303223e-01 3.284996002912521362e-02
5.663897395133972168e-01 3.328614681959152222e-02
5.578579902648925781e-01 3.369831293821334839e-02
5.493156909942626953e-01 3.409226983785629272e-02
5.407693982124328613e-01 3.446012362837791443e-02
5.322176218032836914e-01 3.483727946877479553e-02
5.236784219741821289e-01 3.523159772157669067e-02
5.151675343513488770e-01 3.562594205141067505e-02
5.066799521446228027e-01 3.600320592522621155e-02
4.982114434242248535e-01 3.635158389806747437e-02
4.897509515285491943e-01 3.667319193482398987e-02
4.812869429588317871e-01 3.698070719838142395e-02
4.728138446807861328e-01 3.728090971708297729e-02
4.643113613128662109e-01 3.758610039949417114e-02
4.557915925979614258e-01 3.791137784719467163e-02
4.472659528255462646e-01 3.825466707348823547e-02
4.387400150299072266e-01 3.860290348529815674e-02
4.302173256874084473e-01 3.893426060676574707e-02
4.217002391815185547e-01 3.923664614558219910e-02
4.131868183612823486e-01 3.950827568769454956e-02
4.046685397624969482e-01 3.976520895957946777e-02
3.961406350135803223e-01 4.001433774828910828e-02
3.875892758369445801e-01 4.026144742965698242e-02
3.790402412414550781e-01 4.049995541572570801e-02
3.705021142959594727e-01 4.071738943457603455e-02
3.619722723960876465e-01 4.091234132647514343e-02
3.534646630287170410e-01 4.106516391038894653e-02
3.449829220771789551e-01 4.115877673029899597e-02
3.365254402160644531e-01 4.120032116770744324e-02
3.280822932720184326e-01 4.122160002589225769e-02
3.196434676647186279e-01 4.123523458838462830e-02
3.111891150474548340e-01 4.124503210186958313e-02
3.027445375919342041e-01 4.125657677650451660e-02
2.943084239959716797e-01 4.125577583909034729e-02
2.858530282974243164e-01 4.125130176544189453e-02
2.773980498313903809e-01 4.122628644108772278e-02
2.689511477947235107e-01 4.114755988121032715e-02
2.605111896991729736e-01 4.103495925664901733e-02
2.520749270915985107e-01 4.090759158134460449e-02
2.436420768499374390e-01 4.076332226395606995e-02
2.352221608161926270e-01 4.060418903827667236e-02
2.268306463956832886e-01 4.044658318161964417e-02
2.184583693742752075e-01 4.026985913515090942e-02
2.100871056318283081e-01 4.006042703986167908e-02
2.017415314912796021e-01 3.981328010559082031e-02
1.934301704168319702e-01 3.949420526623725891e-02
1.851487159729003906e-01 3.912640735507011414e-02
1.768934875726699829e-01 3.869510442018508911e-02
1.686701625585556030e-01 3.822515904903411865e-02
1.604954451322555542e-01 3.771748393774032593e-02
1.523440033197402954e-01 3.720820695161819458e-02
1.442311704158782959e-01 3.665278479456901550e-02
1.361480802297592163e-01 3.603058680891990662e-02
1.280967444181442261e-01 3.535384684801101685e-02
1.200725734233856201e-01 3.459907695651054382e-02
1.120675057172775269e-01 3.376304730772972107e-02
1.040678173303604126e-01 3.280176222324371338e-02
9.609511494636535645e-02 3.174236044287681580e-02
8.817809075117111206e-02 3.057615645229816437e-02
8.032605051994323730e-02 2.934310026466846466e-02
7.259181141853332520e-02 2.800677716732025146e-02
6.499908864498138428e-02 2.658893540501594543e-02
5.756493657827377319e-02 2.511170506477355957e-02
5.030729621648788452e-02 2.356611937284469604e-02
4.325638338923454285e-02 2.192651107907295227e-02
3.644064068794250488e-02 2.014033123850822449e-02
2.994792163372039795e-02 1.820349507033824921e-02
2.385869994759559631e-02 1.611969061195850372e-02
1.829996332526206970e-02 1.392950676381587982e-02
1.339885964989662170e-02 1.168477628380060196e-02
9.279978461563587189e-03 9.484819136559963226e-03
5.995962768793106079e-03 7.428010459989309311e-03
3.551264060661196709e-03 5.602244753390550613e-03
1.877865404821932316e-03 4.066594876348972321e-03
8.358636405318975449e-04 2.807387150824069977e-03
2.743516524787992239e-04 1.794614596292376518e-03
9.081805728783365339e-06 9.702452807687222958e-04
-6.174060399644076824e-05 2.782490046229213476e-04
-4.907020411337725818e-05 -3.237866039853543043e-04
1.432513545296387747e-05 -8.609307697042822838e-04
1.123291876865550876e-04 -1.366054406389594078e-03
2.840230881702154875e-04 -1.846558996476233006e-03
6.057651480659842491e-04 -2.342126099392771721e-03
1.222499762661755085e-03 -2.923914697021245956e-03
2.335104392841458321e-03 -3.635687753558158875e-03
4.159848671406507492e-03 -4.513939842581748962e-03
6.902021355926990509e-03 -5.550297908484935760e-03
1.067874487489461899e-02 -6.700139027088880539e-03
1.553196273744106293e-02 -7.890652865171432495e-03
2.136063016951084137e-02 -9.073019959032535553e-03
2.797856740653514862e-02 -1.016806345432996750e-02
3.518282249569892883e-02 -1.115921605378389359e-02
4.277414083480834961e-02 -1.203472074121236801e-02
5.060020461678504944e-02 -1.279346458613872528e-02
5.856005102396011353e-02 -1.345531549304723740e-02
6.658653169870376587e-02 -1.403823215514421463e-02
7.467849552631378174e-02 -1.454953011125326157e-02
8.283135294914245605e-02 -1.500165835022926331e-02
9.101527184247970581e-02 -1.539639942348003387e-02
9.922096878290176392e-02 -1.571286283433437347e-02
1.074766963720321655e-01 -1.596197113394737244e-02
1.157635003328323364e-01 -1.613938808441162109e-02
1.240953505039215088e-01 -1.624335721135139465e-02
1.324654668569564819e-01 -1.628572121262550354e-02
1.408583074808120728e-01 -1.628653146326541901e-02
1.492831408977508545e-01 -1.625543460249900818e-02
1.577316373586654663e-01 -1.621932536363601685e-02
1.661820560693740845e-01 -1.615642197430133820e-02
1.746365129947662354e-01 -1.606925576925277710e-02
1.831042021512985229e-01 -1.597235538065433502e-02
1.915692985057830811e-01 -1.585778780281543732e-02
2.000449895858764648e-01 -1.572124473750591278e-02
2.085232436656951904e-01 -1.555497385561466217e-02
2.170039862394332886e-01 -1.536981295794248581e-02
2.254990786314010620e-01 -1.516391895711421967e-02
2.340163141489028931e-01 -1.494565140455961227e-02
2.425424456596374512e-01 -1.469969656318426132e-02
2.510804235935211182e-01 -1.444467622786760330e-02
2.596160173416137695e-01 -1.418791152536869049e-02
2.681452631950378418e-01 -1.392684876918792725e-02
2.766636312007904053e-01 -1.366422511637210846e-02
2.851747870445251465e-01 -1.339324843138456345e-02
2.936862409114837646e-01 -1.313627418130636215e-02
3.022078573703765869e-01 -1.289121992886066437e-02
3.107364177703857422e-01 -1.264680456370115280e-02
3.192659616470336914e-01 -1.240600645542144775e-02
3.278065025806427002e-01 -1.216966658830642700e-02
3.363429009914398193e-01 -1.191562227904796600e-02
3.448818624019622803e-01 -1.165176741778850555e-02
3.534207046031951904e-01 -1.136340480297803879e-02
3.619672358036041260e-01 -1.106205862015485764e-02
3.705309331417083740e-01 -1.076539792120456696e-02
3.791103959083557129e-01 -1.047575566917657852e-02
3.876934051513671875e-01 -1.017878018319606781e-02
3.962822854518890381e-01 -9.898529388010501862e-03
4.048780798912048340e-01 -9.617902338504791260e-03
4.134675562381744385e-01 -9.323732927441596985e-03
4.220651984214782715e-01 -9.036175906658172607e-03
4.306473135948181152e-01 -8.719754405319690704e-03
4.392247200012207031e-01 -8.393483236432075500e-03
4.477936029434204102e-01 -8.056757971644401550e-03
4.563458263874053955e-01 -7.707594893872737885e-03
4.648894369602203369e-01 -7.344414945691823959e-03
4.734300971031188965e-01 -7.002722006291151047e-03
4.819718301296234131e-01 -6.653198506683111191e-03
4.905307888984680176e-01 -6.330366712063550949e-03
4.991151988506317139e-01 -6.040112581104040146e-03
5.076905488967895508e-01 -5.752542521804571152e-03
5.162757039070129395e-01 -5.474675912410020828e-03
5.248332023620605469e-01 -5.180450621992349625e-03
5.333686470985412598e-01 -4.869663622230291367e-03
5.418875813484191895e-01 -4.541972652077674866e-03
5.504014492034912109e-01 -4.208297003060579300e-03
5.589236021041870117e-01 -3.845474915578961372e-03
5.674785971641540527e-01 -3.498930251225829124e-03
5.760543346405029297e-01 -3.163832006976008415e-03
5.846473574638366699e-01 -2.836773404851555824e-03
5.932628512382507324e-01 -2.518691355362534523e-03
6.018621325492858887e-01 -2.199060749262571335e-03
6.104541420936584473e-01 -1.902828109450638294e-03
6.190196871757507324e-01 -1.620286609977483749e-03
6.275650262832641602e-01 -1.341411261819303036e-03
6.360821723937988281e-01 -1.057692454196512699e-03
6.445766687393188477e-01 -7.840162725187838078e-04
6.530448198318481445e-01 -5.091461353003978729e-04
6.615068316459655762e-01 -2.237788430647924542e-04
6.699767708778381348e-01 6.458499410655349493e-05
6.784628629684448242e-01 3.487061476334929466e-04
6.869856715202331543e-01 6.334756617434322834e-04
6.955327391624450684e-01 9.200075874105095863e-04
7.041004896163940430e-01 1.217837794683873653e-03
7.126724123954772949e-01 1.505930791608989239e-03
7.212268114089965820e-01 1.793747302144765854e-03
7.297496795654296875e-01 2.083015628159046173e-03
7.382411360740661621e-01 2.368875779211521149e-03
7.467117309570312500e-01 2.622750587761402130e-03
7.551783919334411621e-01 2.837110543623566628e-03
7.636606097221374512e-01 3.041564719751477242e-03
7.721727490425109863e-01 3.209237242117524147e-03
7.807303667068481445e-01 3.339484101161360741e-03
7.893292307853698730e-01 3.426219802349805832e-03
7.979453802108764648e-01 3.514072159305214882e-03
8.065519928932189941e-01 3.597429255023598671e-03
8.151323199272155762e-01 3.665615571662783623e-03
8.236628174781799316e-01 3.709311597049236298e-03
8.321491479873657227e-01 3.722216933965682983e-03
8.405932784080505371e-01 3.728237235918641090e-03
8.490069508552551270e-01 3.715164260938763618e-03
8.574106693267822266e-01 3.688692580908536911e-03
8.657997846603393555e-01 3.682871581986546516e-03
8.741794824600219727e-01 3.721684915944933891e-03
8.825435042381286621e-01 3.771899500861763954e-03
8.909053802490234375e-01 3.807115135714411736e-03
8.992699980735778809e-01 3.797366051003336906e-03
9.076724648475646973e-01 3.709095995873212814e-03
9.161021709442138672e-01 3.550084307789802551e-03
9.245358109474182129e-01 3.309907391667366028e-03
9.333474040031433105e-01 3.008286934345960617e-03
9.416258335113525391e-01 2.718917792662978172e-03
9.494920372962951660e-01 2.461193129420280457e-03
9.570638537406921387e-01 2.229085657745599747e-03
9.644789099693298340e-01 2.007333561778068542e-03
9.680443406105041504e-01 1.892717438749969006e-03
9.752941727638244629e-01 1.601006952114403248e-03
9.829121828079223633e-01 1.185399014502763748e-03
9.911498427391052246e-01 5.971820210106670856e-04
1.000258564949035645e+00 -2.123557060258463025e-04
