Airfoilsbezier_033F
9.999070707311880080e-01 1.116412664398725086e-04
9.916037089954145012e-01 1.239782050237868806e-03
9.832898035758224076e-01 2.330578943810355207e-03
9.749655255385557551e-01 3.384960920133483955e-03
9.666310483282390953e-01 4.403860622264981622e-03
9.582865476533346527e-01 5.388214441161060485e-03
9.499322013722182323e-01 6.338962587585025843e-03
9.415681334483926301e-01 7.257055187321742422e-03
9.331945765061298026e-01 8.143434357972158602e-03
9.248117181902433259e-01 8.999051708723242518e-03
9.164197438640453441e-01 9.824863350397557843e-03
9.080188404873401620e-01 1.062182949724868250e-02
8.996091677746601567e-01 1.139091709038339215e-02
8.911909066894219134e-01 1.213309516703403590e-02
8.827642849051742235e-01 1.284933310742091515e-02
8.743294947527617822e-01 1.354060795117793120e-02
8.658866377592407959e-01 1.420790815878870267e-02
8.574241343949922101e-01 1.485379403418685476e-02
8.489304688654957243e-01 1.548344102456307263e-02
8.404058512500023337e-01 1.610184245144555965e-02
8.318503568632850120e-01 1.671410974052142326e-02
8.232697176826778707e-01 1.732506183012509290e-02
8.147090088434524313e-01 1.793679339708619674e-02
8.061792072646932761e-01 1.855376838449889626e-02
7.976801025888662355e-01 1.918113825678454537e-02
7.891842505428675603e-01 1.982441258994889488e-02
7.806639684445332295e-01 2.048290220817724008e-02
7.721187594910947638e-01 2.115231590962380476e-02
7.635482426877627793e-01 2.182827419620037013e-02
7.549769558271491876e-01 2.250435580972712929e-02
7.464311995221486473e-01 2.317399895104768626e-02
7.379103808140508036e-01 2.383283885277253863e-02
7.294137667221075594e-01 2.447660000076379988e-02
7.209260014349933021e-01 2.510304400928715929e-02
7.124327568506971797e-01 2.571318556436984204e-02
7.039340203275522567e-01 2.630775095269250602e-02
6.954298544117937242e-01 2.688746306959489615e-02
6.869203220085495776e-01 2.745304702744411074e-02
6.784054497646051507e-01 2.800523251134435718e-02
6.698853169373099048e-01 2.854474795486711472e-02
6.613600076426398022e-01 2.907232386809896485e-02
6.528295859603417961e-01 2.958869435318548999e-02
6.442940901541718279e-01 3.009459731029352422e-02
6.357535771537786706e-01 3.059077173923585927e-02
6.272081447359457718e-01 3.107795661349843641e-02
6.186578577885967212e-01 3.155689518433536789e-02
6.101027573529361758e-01 3.202833432221881965e-02
6.015428946677914279e-01 3.249302259660963310e-02
5.929784480672545266e-01 3.295170411340497124e-02
5.844140172299392422e-01 3.340461584410478468e-02
5.758537875994066413e-01 3.385100733885310076e-02
5.672977656059969842e-01 3.429011987831355468e-02
5.587458716164994676e-01 3.472120159158575969e-02
5.501980599282204620e-01 3.514350117801156442e-02
5.416543110185162435e-01 3.555626843042225538e-02
5.331145864560636882e-01 3.595875648313709427e-02
5.245788067064921512e-01 3.635022270439682707e-02
5.160469261445990163e-01 3.672992511961568202e-02
5.075189142887617244e-01 3.709712341810918190e-02
4.989947522452781170e-01 3.745107920739742385e-02
4.904743516172314632e-01 3.779105928043411528e-02
4.819576664990756210e-01 3.811633084108132646e-02
4.734446508511664375e-01 3.842616335916351072e-02
4.649353090795890764e-01 3.871982686199682000e-02
4.564295330887556124e-01 3.899659757079953354e-02
4.479264117785834443e-01 3.925583098140129207e-02
4.394252221925985524e-01 3.949706490903798911e-02
4.309260433824865788e-01 3.971985460819948965e-02
4.224289545101141963e-01 3.992375624179390903e-02
4.139340091906706376e-01 4.010832741432147214e-02
4.054412802789626458e-01 4.027312605975717080e-02
3.969508404623415254e-01 4.041771097046562705e-02
3.884627862110673902e-01 4.054164147602477147e-02
3.799771734870330819e-01 4.064447844078850763e-02
3.714940666022678029e-01 4.072578335345425349e-02
3.630135374217535182e-01 4.078511843316052349e-02
3.545356575670049470e-01 4.082204675069854571e-02
3.460605281792242804e-01 4.083613221742070365e-02
3.375881914393301653e-01 4.082693977655427880e-02
3.291187170815962904e-01 4.079403504550720844e-02
3.206521755848380506e-01 4.073698447885485546e-02
3.121886378373598392e-01 4.065535537589269610e-02
3.037282020388430426e-01 4.054871626698314940e-02
2.952709083050726324e-01 4.041663586599146540e-02
2.868168256969880758e-01 4.025868394889875468e-02
2.783660228785538315e-01 4.007443110808594361e-02
2.699185680987319924e-01 3.986344874602579247e-02
2.614745555697879364e-01 3.962530985589430427e-02
2.530340284450743882e-01 3.935958689861149273e-02
2.445970511839315187e-01 3.906585360064125656e-02
2.361636901802354749e-01 3.874368453152985531e-02
2.277340113197497962e-01 3.839265503005129254e-02
2.193080972028453868e-01 3.801234200273610059e-02
2.108860055848366943e-01 3.760232212439230254e-02
2.024677902407426844e-01 3.716217252486286871e-02
1.940535148211927630e-01 3.669147151179089766e-02
1.856435660766574958e-01 3.618981785947830015e-02
1.772568276963162881e-01 3.565684902129574729e-02
1.689097687856407903e-01 3.508837984412684075e-02
1.606025177683395588e-01 3.447857755057576190e-02
1.523354256654810557e-01 3.382177852523835654e-02
1.441088200911156969e-01 3.311246807631881145e-02
1.359229989499387004e-01 3.234527475570476984e-02
1.277782239089575167e-01 3.151496435883535674e-02
1.196742101005578013e-01 3.061637537160167080e-02
1.115846827204485803e-01 2.964285432409648549e-02
1.034870574314843000e-01 2.859317771804281358e-02
9.538196848950526718e-02 2.746992031419203534e-02
8.727031769052658039e-02 2.627572558792824059e-02
7.915301792379020318e-02 2.501327617977645162e-02
7.103092205450461938e-02 2.368528207724513585e-02
6.290500629646741948e-02 2.229451009706165041e-02
5.478513479427215421e-02 2.084536788730800838e-02
4.703305458293676605e-02 1.938560410490967889e-02
3.984454327359944481e-02 1.788460229283345138e-02
3.313580153508403903e-02 1.627617972722161105e-02
2.683876121490386818e-02 1.451426681522340750e-02
2.089465024292616949e-02 1.256366532762284716e-02
1.525258541580376201e-02 1.039463315423559686e-02
9.864018331712534615e-03 7.977122213006719587e-03
4.956157036755609938e-03 5.429486217316666259e-03
2.895792543026048070e-03 4.154812892553373140e-03
1.812074235795457702e-03 3.257914199716042958e-03
1.227133278493921977e-03 2.612062986171914160e-03
7.498153059721145370e-04 1.897693368138862703e-03
4.391230830481116041e-04 1.221317306892783297e-03
2.319866786644058938e-04 5.091079536670067634e-04
1.288249223849353162e-04 -2.344438724762605954e-04
1.376777620301301895e-04 -9.949755684198697062e-04
2.622832837351689685e-04 -1.745383732307664469e-03
4.834734432157856846e-04 -2.433967606809285967e-03
7.949094000059569618e-04 -3.073042711257481518e-03
1.202074710648519222e-03 -3.665285668804524246e-03
1.752458617334731652e-03 -4.236260538483782243e-03
2.390572776050044635e-03 -4.721537655082540773e-03
3.531739949040725666e-03 -5.347853577957328332e-03
5.684954547892966115e-03 -6.175848183434322694e-03
1.119925733012213168e-02 -7.923428205543993005e-03
1.733791042858722625e-02 -9.558201571581994085e-03
2.369777775723599239e-02 -1.095084818830907060e-02
3.031623859262357404e-02 -1.212286417337202910e-02
3.722618522066265673e-02 -1.309657363221643570e-02
4.446507923339240026e-02 -1.389961629114586442e-02
5.207368751219442621e-02 -1.456766897632795661e-02
6.010447766476070819e-02 -1.514920929448717452e-02
6.841024643309168152e-02 -1.568700872707904856e-02
7.673186034163223534e-02 -1.617956827375824358e-02
8.506291628464020260e-02 -1.662751546233887795e-02
9.340319333292008974e-02 -1.703188915215461674e-02
1.017524674197201606e-01 -1.739373328317855502e-02
1.101105115291991510e-01 -1.771409696290962565e-02
1.184771341984124648e-01 -1.799403573404017437e-02
1.268520880732422473e-01 -1.823460832949407029e-02
1.352351163345566765e-01 -1.843687900340337457e-02
1.436259819847795216e-01 -1.860191822665892281e-02
1.520244459895207789e-01 -1.873080194117476838e-02
1.604302674499976100e-01 -1.882461159802668177e-02
1.688432387348829944e-01 -1.888443436909514883e-02
1.772631150138842537e-01 -1.891136241096776430e-02
1.856896177069425891e-01 -1.890649358816144307e-02
1.941224959342058576e-01 -1.887093170112762175e-02
2.025606372888252571e-01 -1.880574591160389872e-02
2.110028977585006738e-01 -1.871179070444375925e-02
2.194493260918568556e-01 -1.858984982166574096e-02
2.278998904904504519e-01 -1.844071081075593366e-02
2.363546083042801504e-01 -1.826516342918201377e-02
2.448134961545521959e-01 -1.806400014341564414e-02
2.532765699927783110e-01 -1.783801615426594198e-02
2.617438985528712792e-01 -1.758800777004461413e-02
2.702154469209890331e-01 -1.731477696853730638e-02
2.786912264256324323e-01 -1.701912738033977204e-02
2.871712508933013663e-01 -1.670186537103705501e-02
2.956555426868949787e-01 -1.636379977440233224e-02
3.041441569310530668e-01 -1.600574075867705962e-02
3.126370561835318251e-01 -1.562850519269900693e-02
3.211342529912213362e-01 -1.523291088210053379e-02
3.296357597025880160e-01 -1.481977852295484309e-02
3.381416263425414681e-01 -1.438992976607831285e-02
3.466518527328293908e-01 -1.394419157211892850e-02
3.551664260239252857e-01 -1.348339462291261483e-02
3.636853581927482759e-01 -1.300837130126910116e-02
3.722086789473165735e-01 -1.251995590415871419e-02
3.807364310688355902e-01 -1.201898480747821095e-02
3.892685788870201002e-01 -1.150630196867410797e-02
3.978051346053491644e-01 -1.098275161480243359e-02
4.063461191896352576e-01 -1.044918040923065693e-02
4.148915969469403331e-01 -9.906435206834740201e-03
4.234415208705113454e-01 -9.355372917089847459e-03
4.319959038657812944e-01 -8.796849761490269093e-03
4.405547697115554939e-01 -8.231724273911326939e-03
4.491181824995885696e-01 -7.660855310223152990e-03
4.576860953198051973e-01 -7.085112177580153020e-03
4.662585221261028035e-01 -6.505363255924916793e-03
4.748342588877057513e-01 -5.922494586947048625e-03
4.834119088304130729e-01 -5.337093603267847354e-03
4.919915145777635224e-01 -4.749560493566884305e-03
5.005731578438314955e-01 -4.160293444966072472e-03
5.091569405031832751e-01 -3.569689915844532178e-03
5.177429388513326014e-01 -2.978149783243964292e-03
5.263311661380571937e-01 -2.386077939701457176e-03
5.349191408636773115e-01 -1.794051874656904695e-03
5.435048633855491529e-01 -1.202615792051521569e-03
5.520884275202899705e-01 -6.121689366427919294e-04
5.606699187149558616e-01 -2.311046829975792714e-05
5.692494126757879913e-01 5.641604460786301626e-04
5.778269690212330945e-01 1.149244209922349255e-03
5.864026978036700477e-01 1.731745330928436809e-03
5.949766807473692021e-01 2.311267030372781209e-03
6.035489278142760483e-01 2.887408374871148174e-03
6.121072830837428480e-01 3.458276161812848422e-03
6.206391428851768532e-01 4.019078906844266927e-03
6.291446988917164251e-01 4.565190591004450460e-03
6.376241916597228387e-01 5.092077390391002920e-03
6.460777481031293457e-01 5.595286154042916973e-03
6.545059194341315001e-01 6.070474080555565005e-03
6.629089933128623491e-01 6.513364453381992325e-03
6.712872553194494385e-01 6.919761349256410218e-03
6.796507437289778242e-01 7.286466171711187059e-03
6.880120748491833638e-01 7.612816312837205474e-03
6.963714258747415453e-01 7.898324463437824544e-03
7.047287599661620217e-01 8.142494418553523558e-03
7.130840275828007613e-01 8.344830411148305635e-03
7.214371804390329324e-01 8.504837654125685376e-03
7.297881715411713710e-01 8.622022303263693691e-03
7.381370037744140467e-01 8.695891720677294615e-03
7.465002638327321582e-01 8.726930888899392391e-03
7.548944699920450141e-01 8.719126927707548588e-03
7.633197033517662433e-01 8.677321832909873009e-03
7.717760769422490341e-01 8.606466482407345089e-03
7.802637044371227848e-01 8.511623263795890793e-03
7.887828571035856440e-01 8.397966754692207797e-03
7.973337830782806224e-01 8.270788562138645800e-03
8.059161760897185500e-01 8.135509997409995711e-03
8.145084087532716843e-01 7.996808556585150579e-03
8.230856273805985390e-01 7.854071255288896589e-03
8.316475621900893955e-01 7.704800939249942075e-03
8.401944969273923425e-01 7.546516869921028083e-03
8.487265954940094170e-01 7.376765461293861154e-03
8.572439737132129256e-01 7.193119079485913933e-03
8.657467196608522597e-01 6.993175722309780476e-03
8.742351504482357427e-01 6.774552235349418430e-03
8.827105458385480219e-01 6.534926350775066908e-03
8.911739748437805808e-01 6.272271617190221075e-03
8.996251473173912938e-01 5.984686044146595579e-03
9.080638250413988199e-01 5.670282223948290047e-03
9.164898301915019863e-01 5.327186046911026526e-03
9.249029232595020744e-01 4.953541099555505874e-03
9.333028673001614317e-01 4.547506434713391790e-03
9.416894283542804889e-01 4.107256405339780071e-03
9.500622768667450480e-01 3.630986342627119928e-03
9.584212824115825313e-01 3.116895904160856164e-03
9.667662295098032876e-01 2.563203840753060063e-03
9.750969007537122479e-01 1.968143742328710543e-03
9.834130840708287247e-01 1.329963408548636306e-03
9.917145732256730239e-01 6.469245628446278944e-04
1.000001168329179846e+00 -8.269746290088984483e-05
