Airfoils2D_194
9.991233944892883301e-01 7.188515155576169491e-04
9.913085103034973145e-01 1.416370971128344536e-03
9.826523065567016602e-01 2.278249477967619896e-03
9.733958244323730469e-01 3.256573807448148727e-03
9.637802839279174805e-01 4.303429741412401199e-03
9.494583010673522949e-01 5.862749647349119186e-03
9.401304721832275391e-01 6.835001055151224136e-03
9.310603737831115723e-01 7.736769970506429672e-03
9.223718643188476562e-01 8.572695776820182800e-03
9.142099022865295410e-01 9.354176931083202362e-03
9.056983590126037598e-01 1.017237082123756409e-02
8.972045779228210449e-01 1.099884230643510818e-02
8.887467384338378906e-01 1.183320954442024231e-02
8.803086876869201660e-01 1.265710499137639999e-02
8.718807697296142578e-01 1.346279494464397430e-02
8.634388446807861328e-01 1.423053536564111710e-02
8.549754619598388672e-01 1.495780702680349350e-02
8.464627861976623535e-01 1.567252725362777710e-02
8.379229307174682617e-01 1.637927629053592682e-02
8.293704986572265625e-01 1.708609983325004578e-02
8.207969665527343750e-01 1.780461706221103668e-02
8.122350573539733887e-01 1.852646842598915100e-02
8.036759495735168457e-01 1.924807578325271606e-02
7.951250672340393066e-01 1.994944736361503601e-02
7.865750789642333984e-01 2.063111402094364166e-02
7.780296206474304199e-01 2.128261327743530273e-02
7.694834470748901367e-01 2.192748337984085083e-02
7.609537839889526367e-01 2.255682274699211121e-02
7.524266242980957031e-01 2.318593673408031464e-02
7.438935041427612305e-01 2.381944283843040466e-02
7.353651523590087891e-01 2.444279007613658905e-02
7.268205881118774414e-01 2.508159540593624115e-02
7.182753086090087891e-01 2.571227960288524628e-02
7.097210288047790527e-01 2.635600976645946503e-02
7.011666893959045410e-01 2.699297852814197540e-02
6.926305890083312988e-01 2.763037942349910736e-02
6.841045022010803223e-01 2.825186960399150848e-02
6.755832433700561523e-01 2.885968424379825592e-02
6.670730113983154297e-01 2.945085242390632629e-02
6.585634350776672363e-01 3.002857230603694916e-02
6.500434875488281250e-01 3.060820326209068298e-02
6.415241360664367676e-01 3.118564374744892120e-02
6.330006122589111328e-01 3.176943212747573853e-02
6.244675517082214355e-01 3.234216943383216858e-02
6.159206032752990723e-01 3.290314227342605591e-02
6.073487401008605957e-01 3.344628959894180298e-02
5.987694859504699707e-01 3.397258371114730835e-02
5.901793837547302246e-01 3.446288406848907471e-02
5.815898180007934570e-01 3.492467105388641357e-02
5.730168223381042480e-01 3.537093102931976318e-02
5.644754767417907715e-01 3.581080585718154907e-02
5.559787154197692871e-01 3.624705225229263306e-02
5.475093722343444824e-01 3.668901324272155762e-02
5.390464067459106445e-01 3.714734688401222229e-02
5.305786132812500000e-01 3.762637823820114136e-02
5.220901370048522949e-01 3.810766339302062988e-02
5.135560631752014160e-01 3.856936097145080566e-02
5.049912333488464355e-01 3.903294354677200317e-02
4.964018166065216064e-01 3.948787599802017212e-02
4.877955019474029541e-01 3.993092477321624756e-02
4.792034029960632324e-01 4.037127271294593811e-02
4.706369936466217041e-01 4.081995412707328796e-02
4.620989263057708740e-01 4.126983135938644409e-02
4.535983800888061523e-01 4.170099273324012756e-02
4.451168775558471680e-01 4.208954051136970520e-02
4.366487562656402588e-01 4.245354235172271729e-02
4.281856715679168701e-01 4.280033707618713379e-02
4.197081625461578369e-01 4.309814423322677612e-02
4.112142622470855713e-01 4.336506128311157227e-02
4.027231037616729736e-01 4.361538961529731750e-02
3.942335247993469238e-01 4.386742413043975830e-02
3.857445418834686279e-01 4.410660639405250549e-02
3.772706985473632812e-01 4.431591182947158813e-02
3.687983155250549316e-01 4.450397565960884094e-02
3.603431284427642822e-01 4.469786584377288818e-02
3.518928587436676025e-01 4.487730935215950012e-02
3.434485495090484619e-01 4.502657800912857056e-02
3.350226283073425293e-01 4.515658691525459290e-02
3.266242444515228271e-01 4.525344818830490112e-02
3.182380199432373047e-01 4.532745108008384705e-02
3.098618984222412109e-01 4.535915330052375793e-02
3.014950454235076904e-01 4.535523056983947754e-02
2.931161820888519287e-01 4.532787203788757324e-02
2.847426235675811768e-01 4.529218375682830811e-02
2.763677239418029785e-01 4.523939639329910278e-02
2.679998874664306641e-01 4.516353458166122437e-02
2.596562206745147705e-01 4.505979642271995544e-02
2.513295710086822510e-01 4.492123052477836609e-02
2.430111467838287354e-01 4.475058987736701965e-02
2.346950471401214600e-01 4.454543814063072205e-02
2.263771593570709229e-01 4.431432485580444336e-02
2.180474698543548584e-01 4.405893385410308838e-02
2.097340971231460571e-01 4.378201439976692200e-02
2.014395296573638916e-01 4.346323385834693909e-02
1.931852400302886963e-01 4.308306798338890076e-02
1.849756240844726562e-01 4.264835640788078308e-02
1.767974495887756348e-01 4.216504096984863281e-02
1.686609983444213867e-01 4.163147136569023132e-02
1.605521440505981445e-01 4.105239361524581909e-02
1.524752527475357056e-01 4.041995108127593994e-02
1.444350928068161011e-01 3.974661603569984436e-02
1.364371180534362793e-01 3.901546448469161987e-02
1.284717917442321777e-01 3.820912912487983704e-02
1.205691769719123840e-01 3.730431571602821350e-02
1.127160564064979553e-01 3.631379827857017517e-02
1.049224734306335449e-01 3.524548932909965515e-02
9.720689803361892700e-02 3.410930931568145752e-02
8.955649286508560181e-02 3.290735185146331787e-02
8.199472725391387939e-02 3.163701668381690979e-02
7.453683018684387207e-02 3.030952624976634979e-02
6.718387454748153687e-02 2.889619953930377960e-02
5.995896086096763611e-02 2.738716080784797668e-02
5.290929600596427917e-02 2.575249597430229187e-02
4.605131968855857849e-02 2.398891746997833252e-02
3.942111507058143616e-02 2.210102044045925140e-02
3.306265175342559814e-02 2.008865773677825928e-02
2.702970430254936218e-02 1.795136928558349609e-02
2.141789719462394714e-02 1.572059653699398041e-02
1.632742583751678467e-02 1.344183366745710373e-02
1.187635771930217743e-02 1.118105370551347733e-02
8.173172362148761749e-03 9.046245366334915161e-03
5.270200781524181366e-03 7.108287420123815536e-03
3.136884188279509544e-03 5.415150895714759827e-03
1.683171605691313744e-03 4.001368768513202667e-03
7.777348509989678860e-04 2.833890961483120918e-03
2.766500983852893114e-04 1.864505000412464142e-03
2.871961805794853717e-05 1.055276603437960148e-03
-6.880803266540169716e-05 3.371290222276002169e-04
-5.752887591370381415e-05 -3.015679540112614632e-04
5.977425098535604775e-05 -8.545528980903327465e-04
2.977548865601420403e-04 -1.383118447847664356e-03
6.991393747739493847e-04 -1.924376236274838448e-03
1.368652447126805782e-03 -2.510254736989736557e-03
2.463025506585836411e-03 -3.187834285199642181e-03
4.159552976489067078e-03 -3.972242120653390884e-03
6.610652431845664978e-03 -4.855335224419832230e-03
9.969538077712059021e-03 -5.833345465362071991e-03
1.430929824709892273e-02 -6.843819748610258102e-03
1.961423270404338837e-02 -7.827120833098888397e-03
2.577818185091018677e-02 -8.776552975177764893e-03
3.263549134135246277e-02 -9.651107713580131531e-03
4.001078382134437561e-02 -1.044414378702640533e-02
4.774506762623786926e-02 -1.115284301340579987e-02
5.570776760578155518e-02 -1.178646646440029144e-02
6.380490958690643311e-02 -1.235907431691884995e-02
7.199560105800628662e-02 -1.286985445767641068e-02
8.024144172668457031e-02 -1.332617644220590591e-02
8.852117508649826050e-02 -1.371705159544944763e-02
9.683877974748611450e-02 -1.405386999249458313e-02
1.051840558648109436e-01 -1.432924903929233551e-02
1.135411486029624939e-01 -1.454782579094171524e-02
1.219071596860885620e-01 -1.472074538469314575e-02
1.302920728921890259e-01 -1.485830731689929962e-02
1.386903822422027588e-01 -1.496847253292798996e-02
1.470949202775955200e-01 -1.504156179726123810e-02
1.555030792951583862e-01 -1.510370709002017975e-02
1.639150381088256836e-01 -1.515066623687744141e-02
1.723538190126419067e-01 -1.519200392067432404e-02
1.808161139488220215e-01 -1.522537972778081894e-02
1.892920285463333130e-01 -1.525812502950429916e-02
1.977945715188980103e-01 -1.529550645500421524e-02
2.063259482383728027e-01 -1.532243564724922180e-02
2.148695737123489380e-01 -1.533200684934854507e-02
2.234042435884475708e-01 -1.531595177948474884e-02
2.319256365299224854e-01 -1.527883764356374741e-02
2.404375821352005005e-01 -1.520937867462635040e-02
2.489505708217620850e-01 -1.510929781943559647e-02
2.574649453163146973e-01 -1.497718784958124161e-02
2.659801244735717773e-01 -1.482693850994110107e-02
2.745122909545898438e-01 -1.465776190161705017e-02
2.830506861209869385e-01 -1.447469275444746017e-02
2.915941774845123291e-01 -1.429350487887859344e-02
3.001355230808258057e-01 -1.412762142717838287e-02
3.086736202239990234e-01 -1.397473923861980438e-02
3.172111511230468750e-01 -1.382471341639757156e-02
3.257506489753723145e-01 -1.367423031479120255e-02
3.342921137809753418e-01 -1.351434551179409027e-02
3.428452014923095703e-01 -1.334312837570905685e-02
3.514116406440734863e-01 -1.315088942646980286e-02
3.599696755409240723e-01 -1.293919049203395844e-02
3.685247004032135010e-01 -1.271912083029747009e-02
3.770847022533416748e-01 -1.249703951179981232e-02
3.856451511383056641e-01 -1.226255949586629868e-02
3.941996395587921143e-01 -1.200959645211696625e-02
4.027517139911651611e-01 -1.174177881330251694e-02
4.113088846206665039e-01 -1.146966125816106796e-02
4.198935627937316895e-01 -1.120768487453460693e-02
4.284919798374176025e-01 -1.094478648155927658e-02
4.370811581611633301e-01 -1.067723613232374191e-02
4.456686973571777344e-01 -1.041133794933557510e-02
4.542696774005889893e-01 -1.013986393809318542e-02
4.628777801990509033e-01 -9.860795922577381134e-03
4.714871048927307129e-01 -9.571965783834457397e-03
4.801047742366790771e-01 -9.276044555008411407e-03
4.887376129627227783e-01 -8.987816981971263885e-03
4.973839223384857178e-01 -8.721086196601390839e-03
5.060147643089294434e-01 -8.445675484836101532e-03
5.146147012710571289e-01 -8.161501958966255188e-03
5.231910943984985352e-01 -7.873975671827793121e-03
5.317584276199340820e-01 -7.575886789709329605e-03
5.403149127960205078e-01 -7.283323910087347031e-03
5.488564968109130859e-01 -6.991875823587179184e-03
5.574052929878234863e-01 -6.703562103211879730e-03
5.659514665603637695e-01 -6.427669897675514221e-03
5.744988322257995605e-01 -6.163374055176973343e-03
5.830426812171936035e-01 -5.885030608624219894e-03
5.915921926498413086e-01 -5.599841941148042679e-03
6.001611948013305664e-01 -5.316110793501138687e-03
6.087521314620971680e-01 -5.028000101447105408e-03
6.173483729362487793e-01 -4.748479463160037994e-03
6.259333491325378418e-01 -4.473465960472822189e-03
6.345151066780090332e-01 -4.203190095722675323e-03
6.430608630180358887e-01 -3.945446573197841644e-03
6.515852808952331543e-01 -3.691462567076086998e-03
6.600971221923828125e-01 -3.426529467105865479e-03
6.686133742332458496e-01 -3.150913864374160767e-03
6.771487593650817871e-01 -2.863549394533038139e-03
6.857004165649414062e-01 -2.556161023676395416e-03
6.942594051361083984e-01 -2.241566078737378120e-03
7.028239369392395020e-01 -1.931431237608194351e-03
7.113932967185974121e-01 -1.632577390410006046e-03
7.199466228485107422e-01 -1.359824207611382008e-03
7.284831404685974121e-01 -1.113544218242168427e-03
7.370084524154663086e-01 -8.887006551958620548e-04
7.455222606658935547e-01 -6.874540122225880623e-04
7.540321946144104004e-01 -4.912078729830682278e-04
7.625389695167541504e-01 -2.824846305884420872e-04
7.710514068603515625e-01 -6.813945219619199634e-05
7.795763611793518066e-01 1.354166015516966581e-04
7.881151437759399414e-01 3.305084537714719772e-04
7.966666817665100098e-01 5.145209725014865398e-04
8.052137494087219238e-01 6.793442298658192158e-04
8.137573003768920898e-01 8.097710669972002506e-04
8.222842812538146973e-01 9.013261878862977028e-04
8.307960033416748047e-01 9.646750986576080322e-04
8.392931818962097168e-01 1.022858312353491783e-03
8.477908372879028320e-01 1.086537959054112434e-03
8.562851548194885254e-01 1.147729810327291489e-03
8.647771477699279785e-01 1.220701495185494423e-03
8.732687830924987793e-01 1.308406004682183266e-03
8.817373514175415039e-01 1.390488701872527599e-03
8.901882767677307129e-01 1.447613118216395378e-03
8.986145853996276855e-01 1.458715181797742844e-03
9.070127010345458984e-01 1.415034406818449497e-03
9.153940081596374512e-01 1.343513606116175652e-03
9.237743616104125977e-01 1.260764896869659424e-03
9.325178265571594238e-01 1.189925707876682281e-03
9.407354593276977539e-01 1.156243495643138885e-03
9.485557079315185547e-01 1.172571093775331974e-03
9.561051130294799805e-01 1.220686011947691441e-03
9.635350108146667480e-01 1.263273530639708042e-03
9.671195745468139648e-01 1.260018092580139637e-03
9.744555950164794922e-01 1.144941081292927265e-03
9.822405576705932617e-01 8.274820283986628056e-04
9.907459616661071777e-01 2.384876424912363291e-04
1.000243425369262695e+00 -6.911951350048184395e-04
