Airfoils1D_005F
9.999999999999998890e-01 4.604772783476081895e-04
9.916729739666916288e-01 1.559788673280192986e-03
9.833375495857579196e-01 2.628295313495337873e-03
9.749937972689627363e-01 3.666872544480887300e-03
9.666417890672813762e-01 4.676398789578632524e-03
9.582815985950225990e-01 5.657755611381634978e-03
9.499132956854294818e-01 6.611828361429529684e-03
9.415369114089235936e-01 7.539509960269573721e-03
9.331525732779339943e-01 8.441685984768042272e-03
9.247603604386065435e-01 9.319251103581808679e-03
9.163603532336018764e-01 1.017310338004965425e-02
9.079526331330728395e-01 1.100414431379221833e-02
8.995372411772040167e-01 1.181328281467016426e-02
8.911142821317717955e-01 1.260142509445564586e-02
8.826838597016798404e-01 1.336948132302688552e-02
8.742460592226299898e-01 1.411836712466152909e-02
8.658009668376607237e-01 1.484900173323057751e-02
8.573486262114698997e-01 1.556231162463002013e-02
8.488891449660804778e-01 1.625922145172600808e-02
8.404226335465754261e-01 1.694065956160807976e-02
8.319491807774515024e-01 1.760755991504134310e-02
8.234688760245912897e-01 1.826086021229511233e-02
8.149817420339339202e-01 1.890150693222405684e-02
8.064879322340665624e-01 1.953044041216265084e-02
7.979875403770568809e-01 2.014860949227306047e-02
7.894806575643279478e-01 2.075696706915660522e-02
7.809673365166104331e-01 2.135647259226844397e-02
7.724476715340355959e-01 2.194808638670279338e-02
7.639217898196771772e-01 2.253277047333593699e-02
7.553897836489473772e-01 2.311149327441066464e-02
7.468517208155330822e-01 2.368522879072384665e-02
7.383076647259539937e-01 2.425495522767123421e-02
7.297578718402459863e-01 2.482164190658691511e-02
7.212078297359469925e-01 2.538557225815896851e-02
7.126619089927437312e-01 2.594596833940614189e-02
7.041201018781488852e-01 2.650210892080631306e-02
6.955822978594071726e-01 2.705328164295165913e-02
6.870484282820515931e-01 2.759877351369042359e-02
6.785184328039594037e-01 2.813787313263301296e-02
6.699922816693808514e-01 2.866986933778938734e-02
6.614698589883547530e-01 2.919405847035137086e-02
6.529510964088012237e-01 2.970973593856867517e-02
6.444359256221483534e-01 3.021619922867367636e-02
6.359243241861488594e-01 3.071274525042462511e-02
6.274161847154919869e-01 3.119867800555688533e-02
6.189114316630236479e-01 3.167330160625245195e-02
6.104099967251193082e-01 3.213592178159468266e-02
6.019118322486050054e-01 3.258584521714594229e-02
5.934163872212607771e-01 3.302240854366753769e-02
5.849118913075396220e-01 3.344635162263609462e-02
5.763915585894772153e-01 3.386024002864888166e-02
5.678555335472564858e-01 3.426662838764468755e-02
5.593037556504015795e-01 3.466810850404505179e-02
5.507365658689885590e-01 3.506728128778805603e-02
5.421657151313201695e-01 3.546624420127086896e-02
5.336099853910515334e-01 3.586677301829691716e-02
5.250694927555014102e-01 3.627148448128485192e-02
5.165226691690931737e-01 3.668248327661930569e-02
5.079569268789942971e-01 3.709757730979840878e-02
4.993938712380796008e-01 3.751228954004243860e-02
4.908507828839762666e-01 3.792235747627987347e-02
4.823271614190829948e-01 3.832442576591020555e-02
4.738226065992474090e-01 3.871518085960080902e-02
4.653367390400853787e-01 3.909135408254640898e-02
4.568688162049199253e-01 3.944973912194861543e-02
4.484051412747480092e-01 3.978862600310814623e-02
4.399377687821575678e-01 4.010840698672936411e-02
4.314667978639734058e-01 4.040950374102521281e-02
4.229923278450456459e-01 4.069233874053856254e-02
4.145144421262950130e-01 4.095733575320430198e-02
4.060332423468452356e-01 4.120491871369212633e-02
3.975488423012881745e-01 4.143551207066550890e-02
3.890613419398992190e-01 4.164954153237900719e-02
3.805708413387161038e-01 4.184743361498421271e-02
3.720774177601193222e-01 4.202961611335613579e-02
3.635811863201512950e-01 4.219651675865374041e-02
3.550822553650487268e-01 4.234856431591457748e-02
3.465807253591592363e-01 4.248618853548739860e-02
3.380766941738306830e-01 4.260982001114869966e-02
3.295702360221051674e-01 4.271989041479613836e-02
3.210618662559155401e-01 4.281682523855873113e-02
3.125601145599100628e-01 4.290035243633912726e-02
3.040697252846010779e-01 4.296878807958996738e-02
2.955906840305326244e-01 4.302030123859949123e-02
2.871229337227058642e-01 4.305307590257088229e-02
2.786663308940785511e-01 4.306531043005782516e-02
2.702208034837579320e-01 4.305521665932399156e-02
2.617862782115268350e-01 4.302102026680880431e-02
2.533627020232701033e-01 4.296096079317540672e-02
2.449500613949751326e-01 4.287329207683340804e-02
2.365481892716902179e-01 4.275627982596741372e-02
2.281570046718446043e-01 4.260820335527298192e-02
2.197764239271531306e-01 4.242735488379428821e-02
2.114063603517720713e-01 4.221203930843561020e-02
2.030467239011603253e-01 4.196057396007022572e-02
1.946975031820360191e-01 4.167129138805884120e-02
1.863592345425917896e-01 4.134255560288845749e-02
1.780456564982157153e-01 4.097233998183959919e-02
1.697646479711979184e-01 4.055635461724137886e-02
1.615172282850105001e-01 4.008986116565918523e-02
1.533044007680347542e-01 3.956823169178664418e-02
1.451271471771395927e-01 3.898694614627962879e-02
1.369864219522445581e-01 3.834158966301858679e-02
1.288831463452894399e-01 3.762784958835677096e-02
1.208182024734952426e-01 3.684151215698023424e-02
1.127924273539259170e-01 3.597845873225460900e-02
1.048066069837808728e-01 3.503466153355318941e-02
9.686147053826603404e-02 3.400617877922947757e-02
8.895768476488651044e-02 3.288914918174688784e-02
8.109584865915334118e-02 3.167978574108364781e-02
7.327648851154003329e-02 3.037436879389335959e-02
6.550005341862850938e-02 2.896923828893637615e-02
5.778610130734828515e-02 2.746450369918081169e-02
5.040315090973354617e-02 2.589397172420023971e-02
4.344962913410944233e-02 2.423373539796196824e-02
3.688679482262182535e-02 2.244269939591425622e-02
3.068557651020614035e-02 2.049194035405955613e-02
2.481082340401382508e-02 1.835652608426618926e-02
1.923215937453033250e-02 1.601550541454618490e-02
1.391812226233074198e-02 1.344739549432846619e-02
9.073944302782927657e-03 1.076470014069681042e-02
5.939249746616919942e-03 8.702344471364630366e-03
3.874221360664151931e-03 6.992546030794934836e-03
2.358520271511004452e-03 5.388192669253633396e-03
1.278316593835304108e-03 3.911610769364443074e-03
5.663378219110206703e-04 2.615809338980121940e-03
2.323259078584375651e-04 1.732914355464351859e-03
3.520714938969196568e-05 8.197839554526591913e-04
0.000000000000000000e+00 0.000000000000000000e+00
1.035666305722714588e-04 -8.203317092554981808e-04
3.358606362653784373e-04 -1.629130431030482258e-03
6.849526650520677351e-04 -2.395965250117780120e-03
1.140324135118051365e-03 -3.091980946141653554e-03
1.745618241570542212e-03 -3.752602389529373448e-03
2.442119068389456398e-03 -4.314350678879653664e-03
3.629011082072744129e-03 -5.012181762803234741e-03
5.773040385004798991e-03 -5.896645691099136090e-03
1.102188895727656583e-02 -7.618479640488869456e-03
1.678723729169548720e-02 -9.172190130480551915e-03
2.280612798672347966e-02 -1.046866542925421403e-02
2.912255754786412937e-02 -1.152732709040629917e-02
3.578206287528173241e-02 -1.236948976841170840e-02
4.284458932012707305e-02 -1.302339724852121655e-02
5.036082446906917781e-02 -1.352675170156695562e-02
5.839865802158553804e-02 -1.393682481833135797e-02
6.666728093279494782e-02 -1.429627330002646544e-02
7.494998455916813962e-02 -1.460551420274866508e-02
8.324679799487831600e-02 -1.486663538344573654e-02
9.155774228702370787e-02 -1.508174438556939348e-02
9.988283120166727147e-02 -1.525296902127671987e-02
1.082220719791002761e-01 -1.538245790326509162e-02
1.165755798508355534e-01 -1.547238189526482614e-02
1.249432452432110430e-01 -1.552493070712050900e-02
1.333250584127945726e-01 -1.554231810991476420e-02
1.417210077011531455e-01 -1.552678042572521074e-02
1.501310784319667135e-01 -1.548057685425103559e-02
1.585552535330674029e-01 -1.540598980002511748e-02
1.669936312737870798e-01 -1.530532361523999872e-02
1.754461143212875662e-01 -1.518090833503838756e-02
1.839126481138398661e-01 -1.503509822208425224e-02
1.923929955030178884e-01 -1.487027452356610470e-02
2.008804914320743984e-01 -1.468850579254773504e-02
2.093714326605277121e-01 -1.449067896549048606e-02
2.178658161669643212e-01 -1.427743986280855318e-02
2.263636540826937382e-01 -1.404943585410782687e-02
2.348649693366777758e-01 -1.380731585060563683e-02
2.433697908533862531e-01 -1.355173036899424976e-02
2.518781776930891225e-01 -1.328333071594164742e-02
2.603901104535745747e-01 -1.300277244586848201e-02
2.689056116803677510e-01 -1.271071169821783725e-02
2.774247038720977776e-01 -1.240780643392503518e-02
2.859474434297643586e-01 -1.209471517593109328e-02
2.944738358021778413e-01 -1.177210009080143643e-02
3.030038869871351515e-01 -1.144062524602235120e-02
3.115376194592570092e-01 -1.110095595939506775e-02
3.200750756684076492e-01 -1.075375858068490509e-02
3.286162909291743817e-01 -1.039970155715445009e-02
3.371612556023771412e-01 -1.003945708613215512e-02
3.457099923573171973e-01 -9.673697935467082468e-03
3.542625367816895632e-01 -9.303098187210560518e-03
3.628189404912938176e-01 -8.928333079400899153e-03
3.713791852495340606e-01 -8.550082803856566896e-03
3.799432940740959386e-01 -8.169027671188775278e-03
3.885113027846344158e-01 -7.785849320432863471e-03
3.970832655327289351e-01 -7.401230470122153841e-03
4.056589755874269176e-01 -7.015867481214136531e-03
4.142335292841998751e-01 -6.630669452994650097e-03
4.228040584675968327e-01 -6.246453583950930914e-03
4.313705656610092865e-01 -5.863906196516109268e-03
4.399331126594601682e-01 -5.483709044561836665e-03
4.484917224775528122e-01 -5.106543716047501520e-03
4.570464013083652133e-01 -4.733090628834017537e-03
4.655975286388576717e-01 -4.364010076300112694e-03
4.741531922847284641e-01 -3.999034582241577269e-03
4.827178337809606146e-01 -3.636647879535828513e-03
4.912913152365739333e-01 -3.275319826050194019e-03
4.998636262081412318e-01 -2.913927541255896623e-03
5.084269555005554997e-01 -2.551256447931740754e-03
5.169813016372416525e-01 -2.185772063604866922e-03
5.255266308933812525e-01 -1.815950891759625981e-03
5.340633560832169779e-01 -1.440261689891489177e-03
5.426020006119820493e-01 -1.057492379638980779e-03
5.511485143747665294e-01 -6.684685740648738409e-04
5.597029464029570356e-01 -2.745545042333241356e-04
5.682654175166158561e-01 1.228812340176295252e-04
5.768358678712538490e-01 5.224538699768508472e-04
5.854098285366631238e-01 9.225651164362971010e-04
5.939764529997410003e-01 1.321316287386589032e-03
6.025353379950959543e-01 1.717304386549796521e-03
6.110962644806231525e-01 2.110311505532380845e-03
6.196647176722424044e-01 2.501634178723983505e-03
6.282391462382806990e-01 2.892503934113433133e-03
6.368083378283470042e-01 3.283716442492284025e-03
6.453699192037042343e-01 3.676466491714147026e-03
6.539239006763165607e-01 4.072050682277437474e-03
6.624702742746271245e-01 4.471757915407492678e-03
6.710125537783703242e-01 4.877015052937524325e-03
6.795228534109651886e-01 5.280543957604435373e-03
6.878923440709884263e-01 5.654723216650756751e-03
6.961245016723974777e-01 5.976995528223331966e-03
7.042291821697163057e-01 6.227256632165346570e-03
7.123410368460288966e-01 6.397250220664234439e-03
7.205672686178352659e-01 6.501345684316920358e-03
7.289130144457212079e-01 6.557049580826635610e-03
7.373834406413972697e-01 6.583445267468054918e-03
7.459208605120297708e-01 6.597958685710332387e-03
7.544560530963544398e-01 6.604083593481493292e-03
7.629878178229942964e-01 6.601261982502156650e-03
7.715161346824551680e-01 6.588939398199992331e-03
7.800410186535465806e-01 6.566562680890185993e-03
7.885624920070569699e-01 6.533579880330548338e-03
7.970805605499353685e-01 6.489440336084602821e-03
8.055952231011782594e-01 6.433594710092189854e-03
8.141064593557304496e-01 6.365495140542939793e-03
8.226143092395308276e-01 6.284594573821185998e-03
8.311187790552979626e-01 6.190347410149551165e-03
8.396198752620138706e-01 6.082209300352767710e-03
8.481175813148621456e-01 5.959637494695605928e-03
8.566119115037531540e-01 5.822090125281474682e-03
8.651028889066326721e-01 5.669026347199284700e-03
8.735904758486204846e-01 5.499907697529013775e-03
8.820683725237172812e-01 5.313984762074829352e-03
8.905295220034769033e-01 5.109079325746730682e-03
8.989738237910352980e-01 4.882510556510462341e-03
9.074011613916490582e-01 4.631628785228172028e-03
9.158113877800956315e-01 4.353815748266761515e-03
9.242043586024324409e-01 4.046483409542185779e-03
9.325799100890802551e-01 3.707074489733354003e-03
9.409378147572281526e-01 3.333064621877903939e-03
9.492780622207044328e-01 2.921949065108645112e-03
9.576005266995240017e-01 2.471256046580004410e-03
9.659050892333320704e-01 1.978541527265701913e-03
9.741916386142909223e-01 1.441388593674711215e-03
9.824600723454249840e-01 8.574067958379934977e-04
9.907102976191248800e-01 2.242314246350124299e-04
9.989422323100548562e-01 -4.604772783476120384e-04
