Airfoils1D_248F
9.933322931156810531e-01 4.028833752880224854e-04
9.850096475728686851e-01 1.083028512283193932e-03
9.766694126257560171e-01 1.796970450107430659e-03
9.683111374321230480e-01 2.541426166048323370e-03
9.599343696697995032e-01 3.313062648891049698e-03
9.515386543041212120e-01 4.108495997567555673e-03
9.431233940065711918e-01 4.924304086319063883e-03
9.346881347328785949e-01 5.756998248210355197e-03
9.262325218687601502e-01 6.603025262058458481e-03
9.177560793665499039e-01 7.458788395421149867e-03
9.092583017624057407e-01 8.320637689582594670e-03
9.007588979781535610e-01 9.182818173705222659e-03
8.922805914020131013e-01 1.003926548149215552e-02
8.838231890680841030e-01 1.088629287350337954e-02
8.753862515604892147e-01 1.172029506680779057e-02
8.669694888671258814e-01 1.253770796886298500e-02
8.585719050346254377e-01 1.333508970957775729e-02
8.501694835441322429e-01 1.411249525492320155e-02
8.417372252450607828e-01 1.487558220011930311e-02
8.332746790141788429e-01 1.562923412537533391e-02
8.247818979730503486e-01 1.637838885108022086e-02
8.162700449144725257e-01 1.712711059761267557e-02
8.077822598356945161e-01 1.787670580867034911e-02
7.993244432348282080e-01 1.863168416548037498e-02
7.908965129093440405e-01 1.939697857424839411e-02
7.824710411922323194e-01 2.017846155022196344e-02
7.740182728848614691e-01 2.097577420208671453e-02
7.655371145962480695e-01 2.178411821694329134e-02
7.570307085555587623e-01 2.259818926598318803e-02
7.485408149199490602e-01 2.340890985753516992e-02
7.400796910382448912e-01 2.421007270545380563e-02
7.316466981835064720e-01 2.499680673016077895e-02
7.232413486081863407e-01 2.576432796058711686e-02
7.148455105716348124e-01 2.651043782589437153e-02
7.064388548252813482e-01 2.723735860153611577e-02
6.980210569879389260e-01 2.794672872296774524e-02
6.895921178365329585e-01 2.864016866264284047e-02
6.811519306156529341e-01 2.931931878624917040e-02
6.727005937571116645e-01 2.998581422064156010e-02
6.642381247931912203e-01 3.064130849467039397e-02
6.557645922145444173e-01 3.128746302269600627e-02
6.472867299654433415e-01 3.192505219975232816e-02
6.388110657678757187e-01 3.255337645408502845e-02
6.303377028137883142e-01 3.317186925890841520e-02
6.218667309996578352e-01 3.377996641452066240e-02
6.133982486152034230e-01 3.437710445467425519e-02
6.049323713923113743e-01 3.496272008411672322e-02
5.964691556249142046e-01 3.553625546374437894e-02
5.880086894022732436e-01 3.609715180122907707e-02
5.795508283692321072e-01 3.664487885685049906e-02
5.710953590176310879e-01 3.717896068820019523e-02
5.626422151784439274e-01 3.769892488040425121e-02
5.541913415470669513e-01 3.820429921632340076e-02
5.457426918359424839e-01 3.869461186466715413e-02
5.372962250151215313e-01 3.916939166252336735e-02
5.288519181059104790e-01 3.962816747901852510e-02
5.204096952744898807e-01 4.007047203683241493e-02
5.119695097197830558e-01 4.049583734324679885e-02
5.035313144811498498e-01 4.090379635217163828e-02
4.950950764707601204e-01 4.129388232436362327e-02
4.866607532249369039e-01 4.166562997414165193e-02
4.782282780101111408e-01 4.201857597388762577e-02
4.697976030800517511e-01 4.235225701033100421e-02
4.613686804577085132e-01 4.266621068596562066e-02
4.529414798796008723e-01 4.295997490721055467e-02
4.445161273576681005e-01 4.323307498614555044e-02
4.360928280437396665e-01 4.348500378500752550e-02
4.276716942923465270e-01 4.371525134954803299e-02
4.192528382519087327e-01 4.392330889595455479e-02
4.108363876031753681e-01 4.410866848589051897e-02
4.024224562345389833e-01 4.427082376982079126e-02
3.940111373656657867e-01 4.440926990712263517e-02
3.856025420920523028e-01 4.452350280299720992e-02
3.771967811878707555e-01 4.461301953239844159e-02
3.687939710673390215e-01 4.467731830190232317e-02
3.603942423591721123e-01 4.471589851406666122e-02
3.519976779506333586e-01 4.472826099170190695e-02
3.436043870756686491e-01 4.471390747297084023e-02
3.352144785202811894e-01 4.467234085281807099e-02
3.268280605961094154e-01 4.460306517847741764e-02
3.184452616835678485e-01 4.450558591850353046e-02
3.100661789504678967e-01 4.437940945194140258e-02
3.016909084061842328e-01 4.422404314491153177e-02
2.933195561813298768e-01 4.403899559609407433e-02
2.849522277936439307e-01 4.382377652170705434e-02
2.765890281194890443e-01 4.357789674587294465e-02
2.682300866753922208e-01 4.330086907667212576e-02
2.598754856941756231e-01 4.299220598535336696e-02
2.515253236020959515e-01 4.265142141742265386e-02
2.431797024048296674e-01 4.227803051242268184e-02
2.348387233199288326e-01 4.187154945315276627e-02
2.265024867471659709e-01 4.143149544925975314e-02
2.181711123792175744e-01 4.095738790756392467e-02
2.098446861035918043e-01 4.044874548341022280e-02
2.015232979546498493e-01 3.990508793184872893e-02
1.932070447457956974e-01 3.932593637858802782e-02
1.848962750198699101e-01 3.871083203091869873e-02
1.766041681687153253e-01 3.805954432920440056e-02
1.683421161475832650e-01 3.736917892865344176e-02
1.601107955570482966e-01 3.663556565412278559e-02
1.519104060589480942e-01 3.585457761969620266e-02
1.437413254557724507e-01 3.502218357535413773e-02
1.356039088482012545e-01 3.413442923766351472e-02
1.274984852617417341e-01 3.318743440448082560e-02
1.194252072519045721e-01 3.217737084376138396e-02
1.113773935505929236e-01 3.109998652317673765e-02
1.033506361078305319e-01 2.995271628825603438e-02
9.534690998615992508e-02 2.873413177726951914e-02
8.736823682018950155e-02 2.744283470647997797e-02
7.941661968424376661e-02 2.607744878730313548e-02
7.149404162467729029e-02 2.463661981363036296e-02
6.360246414775441726e-02 2.311901566327680471e-02
5.574920811326141562e-02 2.152444333287093295e-02
4.815056331060619393e-02 1.988502221652008184e-02
4.094065522770478499e-02 1.818593359535348314e-02
3.408298573293829653e-02 1.638223352613833034e-02
2.754267112077017632e-02 1.443844444557019178e-02
2.128738558753856189e-02 1.232538140006933167e-02
1.528385533540708129e-02 1.001622052133536653e-02
9.502595222108870324e-03 7.485864414184752527e-03
4.595505717712010212e-03 5.064818169461854716e-03
2.767973020900215981e-03 3.995092643177841282e-03
1.782847796392907080e-03 3.218905300008803594e-03
1.217437485001727181e-03 2.620553385994787206e-03
7.539366559950243327e-04 1.949167024390793118e-03
4.729410301058919520e-04 1.364106884702463544e-03
2.754513983994567785e-04 7.332314225764743421e-04
1.744694117132684441e-04 7.862629401209409222e-05
1.780355342816698219e-04 -5.447041090303917244e-04
2.852909928338470376e-04 -1.157928404824314821e-03
4.894880373654089982e-04 -1.744374311556783118e-03
7.874242104802716682e-04 -2.299887784682419327e-03
1.163788393957349183e-03 -2.792395688449443320e-03
1.606733243850181530e-03 -3.210635158298532580e-03
2.301835091771101908e-03 -3.676630753967622019e-03
3.108708427133313051e-03 -4.057303927655826238e-03
5.000742909163425828e-03 -4.656414995125444066e-03
1.093161560925786681e-02 -6.128863308876764462e-03
1.750186820029574902e-02 -7.494273508282990430e-03
2.425994779698358375e-02 -8.642533899547407902e-03
3.122751785351195186e-02 -9.592842453200174299e-03
3.843498062195616766e-02 -1.036779861235296099e-02
4.590462096559214805e-02 -1.099274550386048453e-02
5.366553938920926720e-02 -1.149951488747207387e-02
6.174945382138793265e-02 -1.192805384422493398e-02
7.002059139854478753e-02 -1.231195549305380554e-02
7.830855572652666019e-02 -1.265359265567808991e-02
8.661043321413024187e-02 -1.295466423869010356e-02
9.492611182827176419e-02 -1.321702272977179696e-02
1.032554980614665829e-01 -1.344253734113127520e-02
1.115985357765883201e-01 -1.363309417562355748e-02
1.199550176432216120e-01 -1.379059251636293067e-02
1.283248164605531594e-01 -1.391695095042683704e-02
1.367078024699360517e-01 -1.401410513424501333e-02
1.451038438043867063e-01 -1.408400797927538209e-02
1.535128601700164463e-01 -1.412863003314891730e-02
1.619347468399593704e-01 -1.414995884622136796e-02
1.703692892295586292e-01 -1.414999964283469511e-02
1.788163511462995958e-01 -1.413077610251966924e-02
1.872757962125453368e-01 -1.409432998202780028e-02
1.957475357026659535e-01 -1.404272094544141772e-02
2.042258966901166206e-01 -1.397775277614608271e-02
2.127054959529257605e-01 -1.390002272213395999e-02
2.211863221560458614e-01 -1.380979675624503279e-02
2.296683854939405023e-01 -1.370734099185159406e-02
2.381517132403871140e-01 -1.359292159027750135e-02
2.466362953580615025e-01 -1.346680549098997100e-02
2.551221408546264779e-01 -1.332925971523400699e-02
2.636092586909652979e-01 -1.318055158399094109e-02
2.720976713679998937e-01 -1.302094845492561895e-02
2.805873812183495297e-01 -1.285071833616138921e-02
2.890783901250874588e-01 -1.267012958119367871e-02
2.975707068887479823e-01 -1.247945072034815917e-02
3.060643473121185676e-01 -1.227895041779020723e-02
3.145593269995161645e-01 -1.206889761544519511e-02
3.230556408412113556e-01 -1.184956207746194236e-02
3.315532975200985444e-01 -1.162121355562749370e-02
3.400523073099248617e-01 -1.138412206244267255e-02
3.485526968685266902e-01 -1.113855742935823678e-02
3.570544552652772929e-01 -1.088479086683013380e-02
3.655575911040433446e-01 -1.062309335806372983e-02
3.740621129746370954e-01 -1.035373619500631198e-02
3.825680483396113329e-01 -1.007699035646085137e-02
3.910753896285761311e-01 -9.793128252148309079e-03
3.995841427335417029e-01 -9.502422190668581570e-03
4.080943162074924802e-01 -9.205144705594459770e-03
4.166059346558037002e-01 -8.901568063133680903e-03
4.251189964448666703e-01 -8.591965759996995911e-03
4.336335043203043416e-01 -8.276611470818547034e-03
4.421494668271485073e-01 -7.955778977777796385e-03
4.506669068962048108e-01 -7.629741820930206406e-03
4.591858265474313416e-01 -7.298774639688052589e-03
4.677062036386788191e-01 -6.963153358034795092e-03
4.762267316764857150e-01 -6.623125537325468513e-03
4.847462252750857625e-01 -6.278648783118643238e-03
4.932646647832130693e-01 -5.929570711762944916e-03
5.017820446259738665e-01 -5.575738468669183545e-03
5.102983544258574700e-01 -5.216999489234747274e-03
5.188135768956122496e-01 -4.853201603201139774e-03
5.273277032410700338e-01 -4.484192383831469772e-03
5.358407284864072917e-01 -4.109819328825469256e-03
5.443526422889544136e-01 -3.729930260326299370e-03
5.528634284180690139e-01 -3.344373365955426863e-03
5.613730761741964059e-01 -2.952996690146080308e-03
5.698815815459171708e-01 -2.555648060877217971e-03
5.783889342327225291e-01 -2.152175685358033008e-03
5.868951194256933901e-01 -1.742428086075362842e-03
5.954001238133594942e-01 -1.326253821921817826e-03
6.039042100388452017e-01 -9.034877390690942457e-04
6.124238157214982881e-01 -4.741264950320407570e-04
6.209561079545350415e-01 -4.282763110266807192e-05
6.294591120134226392e-01 3.828958284705273282e-04
6.379313293533326323e-01 7.976736835118893856e-04
6.463732504839243553e-01 1.196351718480189417e-03
6.547853572207447126e-01 1.573887683171596927e-03
6.631678967191846352e-01 1.925339314321169656e-03
6.715217021955180998e-01 2.245895766631835627e-03
6.798676079691853280e-01 2.532583207559716085e-03
6.882297342866968703e-01 2.787374277785263990e-03
6.966085428223635079e-01 3.012805180284231464e-03
7.050040203043507203e-01 3.211423983621600545e-03
7.134163152526180607e-01 3.385811265727494985e-03
7.218452632414187331e-01 3.538570512253921569e-03
7.302908335814487506e-01 3.672338996191846280e-03
7.387528590073394463e-01 3.789782948612460938e-03
7.472227884434226031e-01 3.892973473403984943e-03
7.556932393366116996e-01 3.982231329599988934e-03
7.641641216497074840e-01 4.057590099971676578e-03
7.726354004228024319e-01 4.119084093211631409e-03
7.811070406882499872e-01 4.166747627415319510e-03
7.895790089651518739e-01 4.200615034835322552e-03
7.980512698529493854e-01 4.220720644431304180e-03
8.065237872701388477e-01 4.227098797327430955e-03
8.149965262188538784e-01 4.219783849275985863e-03
8.234694518247839268e-01 4.198810164971027159e-03
8.319425313602935024e-01 4.164212107104685832e-03
8.404157273754185864e-01 4.116024063677131521e-03
8.488890048434315494e-01 4.054280427973150358e-03
8.573623287306246787e-01 3.979015602610213274e-03
8.658356653390285596e-01 3.890263984397382760e-03
8.743088917411090399e-01 3.788061114691568861e-03
8.827756774969826026e-01 3.672160450137349104e-03
8.912301659743396831e-01 3.540954481034988988e-03
8.996722702760656665e-01 3.392458141140993963e-03
9.081018413493120445e-01 3.224705108202346841e-03
9.165189611003399239e-01 3.035741628363420545e-03
9.249236183528770638e-01 2.823631937916848845e-03
9.333157884202101240e-01 2.586456927400656702e-03
9.416954485927180318e-01 2.322313656589688330e-03
9.500625162048056405e-01 2.029317437223854877e-03
9.584169877991253195e-01 1.705597158552029681e-03
9.667589012532569193e-01 1.349295344860831653e-03
9.750882455051643749e-01 9.585714910735368367e-04
9.834050134056067094e-01 5.316000436879642901e-04
9.917092021471966001e-01 6.657010244490711194e-05
1.000000813704305713e+00 -4.383149020977233218e-04
