Airfoils1D_062_-2.0_0.7F
9.999922480861254126e-01 7.525811722332106002e-05
9.928465995671394984e-01 8.958888143949519326e-04
9.856955165724051726e-01 1.694384471101605377e-03
9.785389524054650678e-01 2.471248253878983916e-03
9.713769986943556756e-01 3.226969297990827865e-03
9.642096828704440625e-01 3.962045276813897302e-03
9.570370229145905849e-01 4.676976078294411109e-03
9.498591248755816618e-01 5.372254380175338177e-03
9.426759284066963396e-01 6.048390473607308596e-03
9.354875886158461329e-01 6.705875611547859258e-03
9.282940641618497857e-01 7.345220926230796449e-03
9.210954509641051668e-01 7.966926510807397291e-03
9.138917881161756629e-01 8.571499194362923110e-03
9.066830824468288252e-01 9.159449873661048083e-03
8.994694584339782972e-01 9.731281444035762632e-03
8.922508528515072923e-01 1.028751331376462699e-02
8.850274142417098311e-01 1.082864986807397650e-02
8.777991388453403321e-01 1.135520885949027267e-02
8.705660752016977089e-01 1.186770555031530124e-02
8.633283232075629199e-01 1.236665331151878822e-02
8.560858268824448336e-01 1.285257780914469961e-02
8.488387444279209548e-01 1.332599176507565444e-02
8.415870598809767067e-01 1.378742120554856537e-02
8.343308372522630911e-01 1.423738844648762998e-02
8.270701691542694522e-01 1.467641581743903481e-02
8.198050041702709123e-01 1.510503592227730590e-02
8.125354988382932353e-01 1.552377059592476884e-02
8.052616455214227642e-01 1.593315302631394953e-02
7.979834970646958459e-01 1.633371445795917323e-02
7.907011579199225704e-01 1.672598505582983952e-02
7.834145743699703068e-01 1.711050514178104331e-02
7.761238941245742762e-01 1.748780594706916131e-02
7.688291373564752895e-01 1.785842717586752504e-02
7.615303188602640105e-01 1.822291035695638300e-02
7.542275617171758650e-01 1.858179330827510259e-02
7.469208411351189181e-01 1.893562285726872393e-02
7.396102507620063715e-01 1.928494169860485788e-02
7.322958711167184553e-01 1.963029494890971421e-02
7.249793675861078146e-01 1.997252514818538896e-02
7.177495390156303223e-01 2.031740896338441946e-02
7.106509743769069409e-01 2.068102126898568871e-02
7.036772078681574616e-01 2.108037743007368930e-02
6.968241939486171654e-01 2.153066903312148700e-02
6.899988145479447610e-01 2.204956864604961861e-02
6.830252550551800805e-01 2.264025323845400214e-02
6.758864828379469447e-01 2.328313481627868747e-02
6.686198055940699714e-01 2.395038528697410879e-02
6.614826132886161281e-01 2.459178501462964614e-02
6.543989310200822862e-01 2.519552606561876670e-02
6.472877515307381424e-01 2.576901486425278720e-02
6.401489726490284804e-01 2.631563543898209068e-02
6.329826751662103179e-01 2.683882950323357094e-02
6.257891472179547554e-01 2.734210014954435025e-02
6.185680020306753013e-01 2.782907469340717768e-02
6.113199557170628795e-01 2.830338489934245208e-02
6.040444335649752805e-01 2.876883002644775589e-02
5.967419749683336994e-01 2.922922046286297731e-02
5.894213386401251364e-01 2.968762225327837428e-02
5.821014149339578392e-01 3.014390370277630557e-02
5.747833129043167233e-01 3.059775893261844001e-02
5.674670019615000172e-01 3.104894460644919141e-02
5.601524403575784961e-01 3.149721843372867841e-02
5.528395507122437769e-01 3.194234063560436737e-02
5.455283164177557875e-01 3.238406806185072095e-02
5.382186679849327859e-01 3.282216111594053048e-02
5.309105426746166811e-01 3.325638009711592846e-02
5.236039359657875814e-01 3.368648219721398496e-02
5.162987515854202680e-01 3.411223036528873709e-02
5.089949560348056012e-01 3.453338416980247794e-02
5.016925138931034311e-01 3.494970365846611360e-02
4.943913441699512301e-01 3.536095179904082814e-02
4.870914297498382117e-01 3.576688827022972417e-02
4.797927025280147584e-01 3.616727595220307900e-02
4.724950999827168263e-01 3.656187769597878112e-02
4.651986153104235022e-01 3.695045369062777835e-02
4.579031958019654791e-01 3.733276688450024722e-02
4.506100116318539350e-01 3.770844738817295122e-02
4.433199050658419571e-01 3.807695118616637175e-02
4.360328335870503613e-01 3.843774878236863590e-02
4.287489067034644386e-01 3.879030474665292466e-02
4.214680740544289317e-01 3.913409312602090379e-02
4.141903645207110629e-01 3.946858563726008545e-02
4.069158519841402644e-01 3.979325365633575029e-02
3.996444745874498383e-01 4.010757622551748558e-02
3.923763325419783454e-01 4.041102685423449831e-02
3.851113972234977423e-01 4.070308620188239218e-02
3.778496811422728530e-01 4.098323464764807439e-02
3.705912695075461172e-01 4.125095146981801880e-02
3.633360934371638873e-01 4.150572324946531083e-02
3.560842561397287720e-01 4.174703192152211945e-02
3.488357248235088859e-01 4.197436574339213911e-02
3.415905205455963545e-01 4.218721259200963747e-02
3.343487139881547998e-01 4.238506059598821929e-02
3.271102414268283187e-01 4.256740310501908042e-02
3.198752211357104858e-01 4.273373030055587635e-02
3.126435903719850806e-01 4.288353833183792402e-02
3.054154033925700618e-01 4.301632210927645167e-02
2.981906905614995495e-01 4.313157875020661586e-02
2.909694140131652285e-01 4.322880783877778438e-02
2.837516929903918239e-01 4.330750838079371057e-02
2.765374351369240813e-01 4.336718341015120132e-02
2.693267435138186339e-01 4.340733545168069807e-02
2.621195826581691479e-01 4.342746964515931118e-02
2.549159819583599607e-01 4.342709211015785553e-02
2.477159844086145035e-01 4.340571063256122575e-02
2.405195411996542687e-01 4.336283408570218434e-02
2.333267694139980197e-01 4.329797374700825041e-02
2.261375716959857785e-01 4.321064064754308320e-02
2.189520583077355087e-01 4.310034933124078094e-02
2.117701714310396277e-01 4.296661358282775206e-02
2.045919623398323450e-01 4.280895020749274360e-02
1.974174370134392231e-01 4.262687666922188034e-02
1.902465823654651833e-01 4.241991111648123203e-02
1.830852480887768807e-01 4.218763007950382393e-02
1.759558404506918472e-01 4.192790300913230850e-02
1.688630581650679419e-01 4.163625278380958528e-02
1.618059308694350940e-01 4.130808401982321437e-02
1.547858838182348817e-01 4.093904147145571715e-02
1.478019391796065451e-01 4.052478078419428226e-02
1.408552819359301655e-01 4.006120227482094787e-02
1.339452709077462444e-01 3.954421489674603968e-02
1.270724698602425373e-01 3.896992362592521797e-02
1.202365821237652288e-01 3.833447883621349250e-02
1.134301162149838754e-01 3.763381471059345368e-02
1.066503853018263281e-01 3.686529575401121389e-02
9.989759004926260233e-02 3.602671876687089936e-02
9.317273383274547738e-02 3.511600738797912569e-02
8.647672793777788636e-02 3.413112035012635243e-02
7.980989888671126409e-02 3.306996536762305677e-02
7.317317184119120910e-02 3.193057339984909510e-02
6.656717899344528899e-02 3.071096581482907553e-02
5.999221437401485585e-02 2.940912616958277215e-02
5.355107320289406725e-02 2.804165306015410711e-02
4.743202492075501014e-02 2.662437150529030003e-02
4.162160930955951382e-02 2.512931300958383060e-02
3.610066619920001413e-02 2.353430094107061138e-02
3.085595084679744818e-02 2.182400217708117124e-02
2.586301968231441775e-02 1.998277733733805697e-02
2.110266060629990489e-02 1.799795034077253733e-02
1.656201941373590739e-02 1.586025809877868870e-02
1.221484898343631366e-02 1.355351625146475683e-02
8.363726455552191602e-03 1.125812290545356517e-02
5.951856028477743761e-03 9.578541551996154826e-03
4.243826546058402510e-03 8.127798060541483599e-03
2.956094069355592706e-03 6.773048610597331640e-03
1.944198853464755745e-03 5.434979833828386918e-03
1.153555303154662950e-03 4.091324201795967438e-03
5.944833604060573541e-04 2.818983056724517610e-03
2.542782555596924204e-04 1.692869690201355545e-03
7.377960719351508512e-05 6.229782667278049337e-04
4.089737354316981001e-05 -3.248576704232795107e-04
1.318843558743907198e-04 -1.240949873917595713e-03
3.239995997123036337e-04 -2.071774729575227240e-03
6.025401765745827965e-04 -2.831198840437802733e-03
9.671504331132802206e-04 -3.532616204513683474e-03
1.401473526577935204e-03 -4.148290513797285757e-03
1.911308326797029125e-03 -4.691087052257356463e-03
2.609722885373515905e-03 -5.255178216755485195e-03
3.459594113419158044e-03 -5.780779124707433395e-03
4.984388025071895267e-03 -6.492679027590471039e-03
8.293713647766914193e-03 -7.713223626059530560e-03
1.312824522370063460e-02 -9.264236552757787804e-03
1.813141561705418695e-02 -1.062339675249906329e-02
2.332000956712635548e-02 -1.180072110812055083e-02
2.872369749713757359e-02 -1.280904156717976167e-02
3.436521679723799488e-02 -1.366022332032542849e-02
4.026844962588453647e-02 -1.436884321942444483e-02
4.646141505205546307e-02 -1.495409221162936897e-02
5.297462622686447548e-02 -1.544155759740609146e-02
5.984494798376813890e-02 -1.586637389039852880e-02
6.687004891750771007e-02 -1.624929118369017322e-02
7.390722435076506336e-02 -1.658842478129420386e-02
8.095644297464593686e-02 -1.688532588497618919e-02
8.801789839261117687e-02 -1.714157085068902797e-02
9.509156875769207706e-02 -1.735874276994951379e-02
1.021776330760732626e-01 -1.753844717723112775e-02
1.092760349178653195e-01 -1.768229937097016979e-02
1.163869883277587891e-01 -1.779193716943212530e-02
1.235103561710820391e-01 -1.786900951023528972e-02
1.306464388885255345e-01 -1.791518799822621258e-02
1.377949709546009427e-01 -1.793215760506517223e-02
1.449563917815591685e-01 -1.792162389203685868e-02
1.521303275690703560e-01 -1.788531055774941411e-02
1.593172030589514732e-01 -1.782495766987765226e-02
1.665167548550679777e-01 -1.774232830327137841e-02
1.737291935297175238e-01 -1.763920089995926060e-02
1.809545265592014673e-01 -1.751737520682997498e-02
1.881926632053607107e-01 -1.737867306965487288e-02
1.954431551578415804e-01 -1.722493284871564473e-02
2.026995072305327605e-01 -1.705763562374593839e-02
2.099601147511069854e-01 -1.687748729382344132e-02
2.172249369214905024e-01 -1.668511525089848291e-02
2.244939656583744558e-01 -1.648114858281059247e-02
2.317672970048295367e-01 -1.626621564109947266e-02
2.390448301991693891e-01 -1.604095284565977206e-02
2.463266615343604193e-01 -1.580599306536896106e-02
2.536127622159028983e-01 -1.556197534440508304e-02
2.609031039406795593e-01 -1.530954125632756797e-02
2.681978104046731648e-01 -1.504932939873047416e-02
2.754967687802954979e-01 -1.478198908202272427e-02
2.828000486366231137e-01 -1.450816553808260793e-02
2.901076716680952572e-01 -1.422850804882542890e-02
2.974195774510557944e-01 -1.394367150894882355e-02
3.047358791919883014e-01 -1.365430649005859066e-02
3.120565101964872801e-01 -1.336107302838525877e-02
3.193814688636363863e-01 -1.306463110305036354e-02
3.267108662881760273e-01 -1.276563853890300831e-02
3.340437016127100200e-01 -1.246477650224339651e-02
3.413765241479031487e-01 -1.216244748235821051e-02
3.487088735220380542e-01 -1.185863200581118576e-02
3.560407603269640786e-01 -1.155328321242642987e-02
3.633721841520740625e-01 -1.124635471107283263e-02
3.707031522038842786e-01 -1.093779980601403308e-02
3.780336728258982260e-01 -1.062757176333769572e-02
3.853637433204768481e-01 -1.031562432918187860e-02
3.926933754763294870e-01 -1.000191064737930048e-02
4.000225740497533877e-01 -9.686384170742853156e-03
4.073513379459949846e-01 -9.368998618435818090e-03
4.146796796779680938e-01 -9.049707133356260647e-03
4.220076006492965992e-01 -8.728463350931973258e-03
4.293351044608974543e-01 -8.405220825244072436e-03
4.366622012884097126e-01 -8.079932831158730122e-03
4.439888901626735107e-01 -7.752553149193052578e-03
4.513151794418867602e-01 -7.423035157916152080e-03
4.586410769334451354e-01 -7.091332268923388436e-03
4.659665792660931394e-01 -6.757398413597324321e-03
4.732925983348079124e-01 -6.421181924087730579e-03
4.806205401411625111e-01 -6.082832473025836205e-03
4.879505042791557612e-01 -5.742645184795109985e-03
4.952824602525829900e-01 -5.400921852415175271e-03
5.026164484862308823e-01 -5.057961481496531589e-03
5.099524831081465592e-01 -4.714064801732503751e-03
5.172905483261753812e-01 -4.369534456481005344e-03
5.246305576074676846e-01 -4.024676924055097665e-03
5.319698046158423121e-01 -3.679922189695602943e-03
5.393070464568604505e-01 -3.335631332919154410e-03
5.466422429243276149e-01 -2.992108424067286328e-03
5.539754571655799431e-01 -2.649652180394411818e-03
5.613066941355847606e-01 -2.308563545555542603e-03
5.686359320979912368e-01 -1.969144187820829565e-03
5.759632294830744348e-01 -1.631691554898391126e-03
5.832885729065997449e-01 -1.296505917733054795e-03
5.906119707536169328e-01 -9.638860281653799204e-04
5.979334664958120271e-01 -6.341285557087733473e-04
6.052530299826522908e-01 -3.075329903739321786e-04
6.125707025098421354e-01 1.560489147493766089e-05
6.198865079068540673e-01 3.349889988561278401e-04
6.272004078082612510e-01 6.503210468678230277e-04
6.345124692816913603e-01 9.613078169505815144e-04
6.418226827226400921e-01 1.267653264706382777e-03
6.491310473859039920e-01 1.569062257170467621e-03
6.564376116896065705e-01 1.865242167589606717e-03
6.637423455995634658e-01 2.155897662832842801e-03
6.710452887547272427e-01 2.440736721391959831e-03
6.783464639203261592e-01 2.719467087238702091e-03
6.856458362543370599e-01 2.991794831163700243e-03
6.929434715712686765e-01 3.257430299755942685e-03
7.002393542394885761e-01 3.516081278828255517e-03
7.075334944649969149e-01 3.767457024496780570e-03
7.148259357896316057e-01 4.011268384544759875e-03
7.221166385840230850e-01 4.247223909815172477e-03
7.294056608163599353e-01 4.475035857465598128e-03
7.366930045835635710e-01 4.694415110029644643e-03
7.439784079820317420e-01 4.905062481096235730e-03
7.512595850596752722e-01 5.106439673270574651e-03
7.585356010214069356e-01 5.297768564118194440e-03
7.658065169673740069e-01 5.478278732085250548e-03
7.730723221308671844e-01 5.647201123427775075e-03
7.803329066987187979e-01 5.803768012858289034e-03
7.875883834259905791e-01 5.947219952617270773e-03
7.948386097295105923e-01 6.076795610991492062e-03
8.020836517621622308e-01 6.191741126954320058e-03
8.093234834667891731e-01 6.291304156254865984e-03
8.165580229701863146e-01 6.374735192216640471e-03
8.237873730853438881e-01 6.441290148917415415e-03
8.310113602869113603e-01 6.490225573009151920e-03
8.382301118241743954e-01 6.520803772734934563e-03
8.454435329871300420e-01 6.532288789639333765e-03
8.526516256810436900e-01 6.523948522791720404e-03
8.598544182460517993e-01 6.495053775302515528e-03
8.670517965313654374e-01 6.444879254924673097e-03
8.742438883417372741e-01 6.372701271714640951e-03
8.814312190615309905e-01 6.277809588851744789e-03
8.886165191909753958e-01 6.159739980273802248e-03
8.958000644484549468e-01 6.018280307107403727e-03
9.029818025549088967e-01 5.853229055290946892e-03
9.101616658824918105e-01 5.664385202926846413e-03
9.173395754988288298e-01 5.451548348486369606e-03
9.245154911156499011e-01 5.214517169248505078e-03
9.316893078770528414e-01 4.953092702505868666e-03
9.388610054291044449e-01 4.667073251155321248e-03
9.460265060846402285e-01 4.356417977757110968e-03
9.530996488083510743e-01 4.019657351627997817e-03
9.600349875860432203e-01 3.642624548963949507e-03
9.668410748259994580e-01 3.208911594201228640e-03
9.735193099829972940e-01 2.704267760698778923e-03
9.800765033850327157e-01 2.115596650355605277e-03
9.865174889064953767e-01 1.431195526617815884e-03
9.928466558064168446e-01 6.405048561831069073e-04
9.990686964398481917e-01 -2.661383382479600964e-04
