Airfoils1D_039F
9.995317344021328321e-01 1.207928203221727843e-04
9.911270165476309124e-01 1.122578438797942153e-03
9.827166080862920206e-01 2.102067767486597710e-03
9.743005614914449497e-01 3.059847019022697567e-03
9.658789298247122401e-01 3.996503805540629201e-03
9.574517667108188856e-01 4.912627154586248455e-03
9.490190894076752093e-01 5.808811402213284042e-03
9.405809851295077184e-01 6.685644850208009166e-03
9.321375129599996923e-01 7.543720444232435846e-03
9.236887285410751991e-01 8.383633020943328379e-03
9.152346867678974318e-01 9.205979014390037324e-03
9.067754036637235560e-01 1.001136004441643620e-02
8.983109773695983069e-01 1.080037138154324623e-02
8.898414651732685643e-01 1.157361386556256429e-02
8.813669247185428324e-01 1.233168986085902627e-02
8.728873984824110366e-01 1.307520461138971142e-02
8.644029309004914730e-01 1.380476466047588467e-02
8.559136095129096233e-01 1.452097444283796321e-02
8.474194931975795875e-01 1.522444251423537773e-02
8.389206410942917636e-01 1.591577899584155006e-02
8.304170734353133465e-01 1.659559868489046686e-02
8.219088812924623122e-01 1.726451224965436931e-02
8.133961317785227685e-01 1.792313396989255944e-02
8.048788849225176900e-01 1.857208030463525228e-02
7.963571771235338215e-01 1.921197108671514678e-02
7.878310679810104356e-01 1.984342596426547090e-02
7.793006422330494010e-01 2.046706438797798316e-02
7.707659605748953258e-01 2.108350925354230895e-02
7.622270694021276993e-01 2.169338610332227635e-02
7.536840085500930986e-01 2.229732253658377877e-02
7.451368742461119687e-01 2.289594381439423454e-02
7.365857276794948172e-01 2.348987935927658588e-02
7.280306259983327921e-01 2.407976052121638122e-02
7.194740611246257522e-01 2.466591235493892711e-02
7.109184805900814474e-01 2.524810228229665277e-02
7.023638769783526747e-01 2.582612643656951798e-02
6.938102392900715731e-01 2.639978137394505958e-02
6.852575634467831245e-01 2.696886336921327718e-02
6.767058221050470390e-01 2.753317041913385527e-02
6.681550011493087027e-01 2.809249980005729119e-02
6.596050885515958306e-01 2.864664882357901426e-02
6.510560821888564664e-01 2.919541434365780300e-02
6.425079538460514161e-01 2.973859506497986485e-02
6.339606894202675091e-01 3.027598894260194462e-02
6.254142752196831800e-01 3.080739407525946716e-02
6.168687123099531044e-01 3.133260783018178980e-02
6.083239709691435904e-01 3.185142964676256072e-02
5.997800370937530490e-01 3.236365815619601100e-02
5.912368965779558616e-01 3.286909215800323109e-02
5.826945492488904144e-01 3.336752981245742072e-02
5.741529688966779954e-01 3.385877098119588480e-02
5.656121395178970168e-01 3.434261507931896107e-02
5.570720469870954483e-01 3.481886157872325638e-02
5.485326880279577377e-01 3.528730952805380489e-02
5.399940423920850385e-01 3.574775909073615171e-02
5.314560911323490400e-01 3.620001050611299648e-02
5.229188200864305358e-01 3.664386391480288496e-02
5.143822222419549561e-01 3.707911926218571130e-02
5.058462845204846348e-01 3.750557698863447864e-02
4.973109844006171620e-01 3.792303816206676198e-02
4.887763076642053783e-01 3.833130358740909766e-02
4.802422429349857969e-01 3.873017410260219673e-02
4.717087854977288774e-01 3.911945042233719999e-02
4.631759086315467844e-01 3.949893443518878028e-02
4.546436183054660685e-01 3.986842673949180654e-02
4.461136638537491206e-01 4.022755253042845092e-02
4.375878787706484752e-01 4.057553393427194843e-02
4.290662689080807501e-01 4.091157444144706556e-02
4.205488566405715667e-01 4.123487945412306066e-02
4.120356728612130648e-01 4.154465667258647882e-02
4.035267698115093116e-01 4.184011571758909642e-02
3.950221926887843016e-01 4.212046922526362092e-02
3.865219360037298046e-01 4.238493410857294835e-02
3.780260304647991010e-01 4.263272861119371537e-02
3.695345066450603233e-01 4.286307359111204279e-02
3.610474306763901686e-01 4.307519165887238599e-02
3.525648151949875575e-01 4.326830949998296955e-02
3.440866713180423253e-01 4.344165626709144828e-02
3.356130286729741008e-01 4.359446320121589113e-02
3.271439165443033592e-01 4.372596411163477692e-02
3.186793985911361982e-01 4.383539496123303736e-02
3.102194845179824800e-01 4.392199511203762757e-02
3.017641856322075267e-01 4.398500625101910838e-02
2.933135293651645825e-01 4.402367234300177262e-02
2.848675425629973446e-01 4.403723985156238196e-02
2.764262700172689935e-01 4.402495777720255576e-02
2.679897476294698100e-01 4.398607776862512031e-02
2.595579704964989243e-01 4.391985368067029966e-02
2.511309625746384055e-01 4.382554178171108733e-02
2.427087469631353800e-01 4.370240073111652385e-02
2.342913458472542787e-01 4.354969155187228547e-02
2.258788123033495521e-01 4.336667835263272736e-02
2.174711462658736050e-01 4.315262659707623516e-02
2.090683544181698439e-01 4.290680396697000437e-02
2.006704546803905476e-01 4.262848062024031381e-02
1.922774637624269645e-01 4.231692890400623464e-02
1.838894843657907785e-01 4.197142708571765385e-02
1.755234852844784754e-01 4.159108234778768898e-02
1.671963593260705483e-01 4.117152839886047827e-02
1.589085845426155275e-01 4.070697611558291712e-02
1.506607069952132782e-01 4.019179624635312031e-02
1.424532506662547771e-01 3.962051074308418214e-02
1.342867102876714180e-01 3.898778749888939799e-02
1.261615439616399492e-01 3.828843476297116855e-02
1.180783236009279452e-01 3.751741094484436351e-02
1.100472089845650342e-01 3.667030623572676423e-02
1.020787738839768338e-01 3.574114651921208446e-02
9.417462301863589735e-02 3.472292249357583627e-02
8.633610474124880918e-02 3.360889123323646671e-02
7.856441896341492814e-02 3.239256880084909196e-02
7.086059774475317319e-02 3.106770758403169450e-02
6.322548807612035637e-02 2.962827102225464720e-02
5.566264908588414856e-02 2.806903221042978541e-02
4.837141778940861475e-02 2.641909962339442086e-02
4.149648890010503022e-02 2.467233434549883156e-02
3.501343665474771633e-02 2.279268479597437377e-02
2.888642119867750740e-02 2.075020895322852305e-02
2.308798727887703683e-02 1.852271588840419259e-02
1.758849896857061362e-02 1.608981796128660866e-02
1.235705230428047266e-02 1.343015305638732212e-02
7.530813915521473653e-03 1.062355572893625318e-02
4.689517839608675805e-03 8.681650245877532701e-03
3.106372638559708188e-03 7.286448848230932598e-03
2.009819447233205693e-03 6.019412181735199832e-03
1.203532568685634170e-03 4.763207067244056014e-03
6.066514524397210398e-04 3.439715272594896615e-03
2.234789536795582748e-04 2.102603690651615523e-03
6.507860569447377296e-05 9.529908080108453203e-04
7.418237052404482498e-05 -1.054695455157676114e-04
2.166749502336447056e-04 -9.874667414518946678e-04
4.770486672573952692e-04 -1.803791084164486046e-03
8.135195310862437367e-04 -2.491829433991094890e-03
1.242068409989375167e-03 -3.118794711351910789e-03
1.839106112733213897e-03 -3.751212578262384453e-03
2.566003618007618899e-03 -4.323087025614302976e-03
3.831803470583424603e-03 -5.059308350454125129e-03
6.323123554600325671e-03 -6.117120181902299843e-03
1.161212367862154114e-02 -7.972727988494186444e-03
1.718842862632651014e-02 -9.569086355263978910e-03
2.302109042365515362e-02 -1.089795557371874522e-02
2.915946403115098756e-02 -1.197847765807345463e-02
3.565418555511550014e-02 -1.283046327035282722e-02
4.256734996932151627e-02 -1.347985141456960884e-02
4.995983840799572695e-02 -1.396284348139642008e-02
5.792685445147359447e-02 -1.433675874116604673e-02
6.623915614651498807e-02 -1.465929574956944398e-02
7.456490614998742550e-02 -1.493547299970955297e-02
8.290153521280287097e-02 -1.516696625062599613e-02
9.124912514767186122e-02 -1.535557522874600629e-02
9.960775241191258123e-02 -1.550311379171116777e-02
1.079774885949267987e-01 -1.561141030527927152e-02
1.163584008976563944e-01 -1.568230799045845780e-02
1.247505526528054631e-01 -1.571766524343834806e-02
1.331541147349967757e-01 -1.571935573809029804e-02
1.415690372562883326e-01 -1.568926843834981752e-02
1.499953744057486993e-01 -1.562930898256652962e-02
1.584331782045280690e-01 -1.554139924708418732e-02
1.668824988995290526e-01 -1.542747756660427065e-02
1.753434337236436102e-01 -1.528949808846476535e-02
1.838160703650340844e-01 -1.512943151769114217e-02
1.923003126377830219e-01 -1.494926941734779462e-02
2.007919987008348062e-01 -1.475087615963392024e-02
2.092869251463378155e-01 -1.453517916839372481e-02
2.177850673847485929e-01 -1.430277687353507035e-02
2.262864399027737783e-01 -1.405426836890874727e-02
2.347910358330238811e-01 -1.379025497185597943e-02
2.432988694972137989e-01 -1.351133897982111087e-02
2.518099550922345276e-01 -1.321812423899347382e-02
2.603243470306214058e-01 -1.291121466520129754e-02
2.688420242155020734e-01 -1.259121838309290760e-02
2.773629957512716016e-01 -1.225874409542020670e-02
2.858872755180635883e-01 -1.191440190398010239e-02
2.944148982745831145e-01 -1.155880259910844338e-02
3.029458830753006260e-01 -1.119255913193852731e-02
3.114802179841049123e-01 -1.081628740498023940e-02
3.200179168282157316e-01 -1.043060384994853700e-02
3.285590008294190789e-01 -1.003612614523454599e-02
3.371035177126767701e-01 -9.633472278296766403e-03
3.456514405890792618e-01 -9.223265339806621665e-03
3.542027834478118642e-01 -8.806128158143137347e-03
3.627575603455875930e-01 -8.382685168600143358e-03
3.713158352928794814e-01 -7.953559901721753492e-03
3.798775732878285627e-01 -7.519382448029894236e-03
3.884427883919874258e-01 -7.080782111297529227e-03
3.970114950202610626e-01 -6.638389806505950314e-03
4.055837574764534770e-01 -6.192835481957622082e-03
4.141595429424709818e-01 -5.744755763034938012e-03
4.227388642515695349e-01 -5.294786573869634215e-03
4.313217387047005857e-01 -4.843565253902164247e-03
4.399077393586345308e-01 -4.391754173307336681e-03
4.484915731451831755e-01 -3.940273011482383833e-03
4.570715870610111975e-01 -3.489849181240337137e-03
4.656477904263003342e-01 -3.041120982937436761e-03
4.742216278862642631e-01 -2.594567008969747568e-03
4.827945932767596093e-01 -2.150331035469240076e-03
4.913667256390007454e-01 -1.708550137481263005e-03
4.999380587573930557e-01 -1.269361583123058404e-03
5.085086225257354764e-01 -8.329027563250628562e-04
5.170784620645210161e-01 -3.993101859748158394e-04
5.256476136423270384e-01 3.127922239055651462e-05
5.342161107717388058e-01 4.587285043982318846e-04
5.427839840428723139e-01 8.829006338361272948e-04
5.513512782185773231e-01 1.303659364973585840e-03
5.599180295904575555e-01 1.720868105622026713e-03
5.684842716912518190e-01 2.134390208571576575e-03
5.770500352372960329e-01 2.544088974934112513e-03
5.856153649214030921e-01 2.949828452550980890e-03
5.941802970616332225e-01 3.351472360208470128e-03
6.027448428706132511e-01 3.748883334580116813e-03
6.113014257695338349e-01 4.141138929784372695e-03
6.198429266194418474e-01 4.525655977026106676e-03
6.283694202020708719e-01 4.899798818801196464e-03
6.368809854492204492e-01 5.260960702162126475e-03
6.453775293487025166e-01 5.606556391909814883e-03
6.538592913356116032e-01 5.934042611984259759e-03
6.623263600062148093e-01 6.240897119452850847e-03
6.707788098226756812e-01 6.524624375926325361e-03
6.792167153269824675e-01 6.782755791892667446e-03
6.876400240700157873e-01 7.012846131623914556e-03
6.960489241429034246e-01 7.212483568230803124e-03
7.044435166772039514e-01 7.379279045630154042e-03
7.128238826102546444e-01 7.510868384045580465e-03
7.211901061957246561e-01 7.604912542609230247e-03
7.295422757557485927e-01 7.659097191094293294e-03
7.378807500143451659e-01 7.671132058387661670e-03
7.462351110632149398e-01 7.640352565695812670e-03
7.546310918767635822e-01 7.571922312391681127e-03
7.630691411913758104e-01 7.472473883554779130e-03
7.715497132284812043e-01 7.348843528433094893e-03
7.800732730330771636e-01 7.208078514143678728e-03
7.886407825630924462e-01 7.057436171327674534e-03
7.972238587605409155e-01 6.904916803446681239e-03
8.057655180095670833e-01 6.759095481655237082e-03
8.142961477717619578e-01 6.625066608361207532e-03
8.228519193438496027e-01 6.499974527168552244e-03
8.314334222182337975e-01 6.379389756967108853e-03
8.400183559414836632e-01 6.259125958225791181e-03
8.485775907138538576e-01 6.135083040991593309e-03
8.571106010038813672e-01 6.002834889454934479e-03
8.656177489819206761e-01 5.858023595907800064e-03
8.740995861158087354e-01 5.696365924661773474e-03
8.825640086855857103e-01 5.513917522830237561e-03
8.910191493628988324e-01 5.308546938772456397e-03
8.994648560921003622e-01 5.078776604468151872e-03
9.079009305461571699e-01 4.823139304159114286e-03
9.163271854118423265e-01 4.540176759999806945e-03
9.247433988445856734e-01 4.228441125442554231e-03
9.331493506382421144e-01 3.886493994615062599e-03
9.415448224685617484e-01 3.512906330346726638e-03
9.499295275825918594e-01 3.106261953068209340e-03
9.583033138637028214e-01 2.665147841238779680e-03
9.666659814536127104e-01 2.188162047454076265e-03
9.750173221933788881e-01 1.673912145285305977e-03
9.833571311471365206e-01 1.121014589251392727e-03
9.916852068883985627e-01 5.280945844624520711e-04
1.000001351791396820e+00 -1.062140577766638343e-04
