Airfoils1D_271
9.997304677963256836e-01 3.847587795462459326e-04
9.915088415145874023e-01 1.293916022405028343e-03
9.826051592826843262e-01 2.243377035483717918e-03
9.732315540313720703e-01 3.216067794710397720e-03
9.636000990867614746e-01 4.194913432002067566e-03
9.493733644485473633e-01 5.616840906441211700e-03
9.401540756225585938e-01 6.524894852191209793e-03
9.311853051185607910e-01 7.406901568174362183e-03
9.225832819938659668e-01 8.242660202085971832e-03
9.144861698150634766e-01 9.004091843962669373e-03
9.060150384902954102e-01 9.784621186554431915e-03
8.975432515144348145e-01 1.054743956774473190e-02
8.890497088432312012e-01 1.128731947392225266e-02
8.805394768714904785e-01 1.201818045228719711e-02
8.720342516899108887e-01 1.273832842707633972e-02
8.635095357894897461e-01 1.344706304371356964e-02
8.549436926841735840e-01 1.416083890944719315e-02
8.463558554649353027e-01 1.487293373793363571e-02
8.377686142921447754e-01 1.557056047022342682e-02
8.292095661163330078e-01 1.626032404601573944e-02
8.206433057785034180e-01 1.695958711206912994e-02
8.120852708816528320e-01 1.764613948762416840e-02
8.035528063774108887e-01 1.835753582417964935e-02
7.950203418731689453e-01 1.905896887183189392e-02
7.864773869514465332e-01 1.975556090474128723e-02
7.779235243797302246e-01 2.043587900698184967e-02
7.693595886230468750e-01 2.111303992569446564e-02
7.607826590538024902e-01 2.176851965487003326e-02
7.522090673446655273e-01 2.240223251283168793e-02
7.436323165893554688e-01 2.303294837474822998e-02
7.350808978080749512e-01 2.364833094179630280e-02
7.265583872795104980e-01 2.428296767175197601e-02
7.180333733558654785e-01 2.489611133933067322e-02
7.095314860343933105e-01 2.550933323800563812e-02
7.010430693626403809e-01 2.610962651669979095e-02
6.925451159477233887e-01 2.672933787107467651e-02
6.840369701385498047e-01 2.734904922544956207e-02
6.755181550979614258e-01 2.797658555209636688e-02
6.670060753822326660e-01 2.861780114471912384e-02
6.585100889205932617e-01 2.925600297749042511e-02
6.500303149223327637e-01 2.988301217555999756e-02
6.415383219718933105e-01 3.046709857881069183e-02
6.330472230911254883e-01 3.102233260869979858e-02
6.245449185371398926e-01 3.154104575514793396e-02
6.160142421722412109e-01 3.204666078090667725e-02
6.074699163436889648e-01 3.253302723169326782e-02
5.989065170288085938e-01 3.301719203591346741e-02
5.903307795524597168e-01 3.349951654672622681e-02
5.817674398422241211e-01 3.397394716739654541e-02
5.732192993164062500e-01 3.442872688174247742e-02
5.646705627441406250e-01 3.485861793160438538e-02
5.561259984970092773e-01 3.528511524200439453e-02
5.475766658782958984e-01 3.570725023746490479e-02
5.390151143074035645e-01 3.613192215561866760e-02
5.304660201072692871e-01 3.655944764614105225e-02
5.219344496726989746e-01 3.698970749974250793e-02
5.134053230285644531e-01 3.742066398262977600e-02
5.049029588699340820e-01 3.784272447228431702e-02
4.964147806167602539e-01 3.824258595705032349e-02
4.879295527935028076e-01 3.861535713076591492e-02
4.794438183307647705e-01 3.897383436560630798e-02
4.709338247776031494e-01 3.930516913533210754e-02
4.624100923538208008e-01 3.960704058408737183e-02
4.539131820201873779e-01 3.989189863204956055e-02
4.454448223114013672e-01 4.015756025910377502e-02
4.369945526123046875e-01 4.041705280542373657e-02
4.285579621791839600e-01 4.066142439842224121e-02
4.201141297817230225e-01 4.089014604687690735e-02
4.116552174091339111e-01 4.109435528516769409e-02
4.031676054000854492e-01 4.128869622945785522e-02
3.946189582347869873e-01 4.145752638578414917e-02
3.860388994216918945e-01 4.161323606967926025e-02
3.774644434452056885e-01 4.176499322056770325e-02
3.688952922821044922e-01 4.190741479396820068e-02
3.603677451610565186e-01 4.205030947923660278e-02
3.518677353858947754e-01 4.217410460114479065e-02
3.433975577354431152e-01 4.227215796709060669e-02
3.349631726741790771e-01 4.232951998710632324e-02
3.265466392040252686e-01 4.236337542533874512e-02
3.181174695491790771e-01 4.236818850040435791e-02
3.097016513347625732e-01 4.235559701919555664e-02
3.012902736663818359e-01 4.232405871152877808e-02
2.928669750690460205e-01 4.227232933044433594e-02
2.844578921794891357e-01 4.220909997820854187e-02
2.760309875011444092e-01 4.211853817105293274e-02
2.675867080688476562e-01 4.200070723891258240e-02
2.591337561607360840e-01 4.185427352786064148e-02
2.506879866123199463e-01 4.168722406029701233e-02
2.422421723604202271e-01 4.149262234568595886e-02
2.338333874940872192e-01 4.126550257205963135e-02
2.254465371370315552e-01 4.100647568702697754e-02
2.170837521553039551e-01 4.070739075541496277e-02
2.087708562612533569e-01 4.037315770983695984e-02
2.004914879798889160e-01 4.000414535403251648e-02
1.922290027141571045e-01 3.960627317428588867e-02
1.839897334575653076e-01 3.918447718024253845e-02
1.757920086383819580e-01 3.872779384255409241e-02
1.676133573055267334e-01 3.823557496070861816e-02
1.594574153423309326e-01 3.770652040839195251e-02
1.512937098741531372e-01 3.713325411081314087e-02
1.431382447481155396e-01 3.650024160742759705e-02
1.350459009408950806e-01 3.580627962946891785e-02
1.270146518945693970e-01 3.506180644035339355e-02
1.190377175807952881e-01 3.426632657647132874e-02
1.111306250095367432e-01 3.342057764530181885e-02
1.033189967274665833e-01 3.250754252076148987e-02
9.559394419193267822e-02 3.154525160789489746e-02
8.795682340860366821e-02 3.052130155265331268e-02
8.037997782230377197e-02 2.942158840596675873e-02
7.292210310697555542e-02 2.822545170783996582e-02
6.563614308834075928e-02 2.693698182702064514e-02
5.853493884205818176e-02 2.556600980460643768e-02
5.163783952593803406e-02 2.410346083343029022e-02
4.498782008886337280e-02 2.254606410861015320e-02
3.861186653375625610e-02 2.088594250380992889e-02
3.252560645341873169e-02 1.914626173675060272e-02
2.678320929408073425e-02 1.731302589178085327e-02
2.141153998672962189e-02 1.539266016334295273e-02
1.652797125279903412e-02 1.338697690516710281e-02
1.219933852553367615e-02 1.134681701660156250e-02
8.510834537446498871e-03 9.328035637736320496e-03
5.515326280146837234e-03 7.381079252809286118e-03
3.256011288613080978e-03 5.569726694375276566e-03
1.670683268457651138e-03 3.948868252336978912e-03
6.607601535506546497e-04 2.559812273830175400e-03
1.265750470338389277e-04 1.395561732351779938e-03
-8.248424273915588856e-05 4.299849679227918386e-04
-5.985073585179634392e-05 -3.959225432481616735e-04
1.008345498121343553e-04 -1.121891196817159653e-03
3.850036009680479765e-04 -1.787869492545723915e-03
8.199605508707463741e-04 -2.443221630528569221e-03
1.530727837234735489e-03 -3.119840519502758980e-03
2.625744324177503586e-03 -3.839882789179682732e-03
4.247800912708044052e-03 -4.631145857274532318e-03
6.555592175573110580e-03 -5.506733432412147522e-03
9.663002565503120422e-03 -6.466025020927190781e-03
1.366516295820474625e-02 -7.499462924897670746e-03
1.856580190360546112e-02 -8.583103306591510773e-03
2.430955320596694946e-02 -9.679568931460380554e-03
3.076736815273761749e-02 -1.074621547013521194e-02
3.781454637646675110e-02 -1.174780912697315216e-02
4.527876153588294983e-02 -1.265891920775175095e-02
5.300783738493919373e-02 -1.348613388836383820e-02
6.087406352162361145e-02 -1.422170177102088928e-02
6.880614906549453735e-02 -1.486104726791381836e-02
7.679539173841476440e-02 -1.541288197040557861e-02
8.482582122087478638e-02 -1.590571179986000061e-02
9.292713552713394165e-02 -1.634435541927814484e-02
1.010856702923774719e-01 -1.671616919338703156e-02
1.093067526817321777e-01 -1.702822372317314148e-02
1.175913736224174500e-01 -1.729169301688671112e-02
1.259098201990127563e-01 -1.753281429409980774e-02
1.342424601316452026e-01 -1.774610020220279694e-02
1.425857841968536377e-01 -1.793094351887702942e-02
1.509512662887573242e-01 -1.810033246874809265e-02
1.593308001756668091e-01 -1.826927624642848969e-02
1.677524149417877197e-01 -1.842661574482917786e-02
1.761862486600875854e-01 -1.855560019612312317e-02
1.846211552619934082e-01 -1.865369640290737152e-02
1.930580884218215942e-01 -1.872369274497032166e-02
2.014730274677276611e-01 -1.876396313309669495e-02
2.099028080701828003e-01 -1.875893585383892059e-02
2.183328121900558472e-01 -1.871168240904808044e-02
2.267835736274719238e-01 -1.863184757530689240e-02
2.352675348520278931e-01 -1.852572336792945862e-02
2.437755167484283447e-01 -1.840454339981079102e-02
2.522879242897033691e-01 -1.826870441436767578e-02
2.607887387275695801e-01 -1.811601035296916962e-02
2.692567706108093262e-01 -1.795779354870319366e-02
2.776834666728973389e-01 -1.778887584805488586e-02
2.861044108867645264e-01 -1.760323345661163330e-02
2.945101857185363770e-01 -1.739498041570186615e-02
3.029409646987915039e-01 -1.715948432683944702e-02
3.114206194877624512e-01 -1.689789257943630219e-02
3.199248015880584717e-01 -1.662735454738140106e-02
3.284642398357391357e-01 -1.633287221193313599e-02
3.370224237442016602e-01 -1.601649075746536255e-02
3.455845713615417480e-01 -1.569928787648677826e-02
3.541385531425476074e-01 -1.538397837430238724e-02
3.626628816127777100e-01 -1.507348474115133286e-02
3.711718916893005371e-01 -1.476360484957695007e-02
3.796690702438354492e-01 -1.445865910500288010e-02
3.881601691246032715e-01 -1.415684260427951813e-02
3.966394960880279541e-01 -1.385469269007444382e-02
4.051319658756256104e-01 -1.352336164563894272e-02
4.136339128017425537e-01 -1.317679788917303085e-02
4.221767187118530273e-01 -1.281629130244255066e-02
4.307385385036468506e-01 -1.244923379272222519e-02
4.392961263656616211e-01 -1.208450738340616226e-02
4.478719234466552734e-01 -1.172848325222730637e-02
4.564335644245147705e-01 -1.138923503458499908e-02
4.649846255779266357e-01 -1.105825137346982956e-02
4.735181331634521484e-01 -1.072002481669187546e-02
4.820491671562194824e-01 -1.035936363041400909e-02
4.905825853347778320e-01 -9.986581280827522278e-03
4.991458356380462646e-01 -9.590760804712772369e-03
5.077177882194519043e-01 -9.185313247144222260e-03
5.163094401359558105e-01 -8.776390925049781799e-03
5.249198675155639648e-01 -8.378244005143642426e-03
5.335260033607482910e-01 -7.994887419044971466e-03
5.421400070190429688e-01 -7.624931167811155319e-03
5.507440567016601562e-01 -7.265274412930011749e-03
5.593421459197998047e-01 -6.914191879332065582e-03
5.679378509521484375e-01 -6.559479050338268280e-03
5.765168070793151855e-01 -6.194624118506908417e-03
5.850727558135986328e-01 -5.815126933157444000e-03
5.936344265937805176e-01 -5.418502259999513626e-03
6.021969318389892578e-01 -5.012545268982648849e-03
6.107732057571411133e-01 -4.596946761012077332e-03
6.193926930427551270e-01 -4.174469038844108582e-03
6.280461549758911133e-01 -3.763760905712842941e-03
6.367205977439880371e-01 -3.365239826962351799e-03
6.454022526741027832e-01 -2.971600508317351341e-03
6.540519595146179199e-01 -2.589307725429534912e-03
6.626539826393127441e-01 -2.214772161096334457e-03
6.712165474891662598e-01 -1.849913503974676132e-03
6.797282695770263672e-01 -1.492765732109546661e-03
6.882201433181762695e-01 -1.134356833063066006e-03
6.967114806175231934e-01 -7.760539301671087742e-04
7.052065134048461914e-01 -4.284766619093716145e-04
7.137023806571960449e-01 -8.208554208977147937e-05
7.222054600715637207e-01 2.561947039794176817e-04
7.307270169258117676e-01 5.829447763971984386e-04
7.392702102661132812e-01 8.918800158426165581e-04
7.478370070457458496e-01 1.182124833576381207e-03
7.564277648925781250e-01 1.462023355998098850e-03
7.650679945945739746e-01 1.740299980156123638e-03
7.737222313880920410e-01 2.013065619394183159e-03
7.823681235313415527e-01 2.291097538545727730e-03
7.909798026084899902e-01 2.570730401203036308e-03
7.995330095291137695e-01 2.833339152857661247e-03
8.080453276634216309e-01 3.081012982875108719e-03
8.165048956871032715e-01 3.303795354440808296e-03
8.249089717864990234e-01 3.503672080114483833e-03
8.332852721214294434e-01 3.682116745039820671e-03
8.416708111763000488e-01 3.834379371255636215e-03
8.500609397888183594e-01 3.956424072384834290e-03
8.584674596786499023e-01 4.058809485286474228e-03
8.669008016586303711e-01 4.129079636186361313e-03
8.753391504287719727e-01 4.173810128122568130e-03
8.837984204292297363e-01 4.197890870273113251e-03
8.922470808029174805e-01 4.212053492665290833e-03
9.006469249725341797e-01 4.217430483549833298e-03
9.090118408203125000e-01 4.199017304927110672e-03
9.173343181610107422e-01 4.114719107747077942e-03
9.256276488304138184e-01 3.970094956457614899e-03
9.342558383941650391e-01 3.733326448127627373e-03
9.423611760139465332e-01 3.449743147939443588e-03
9.500728249549865723e-01 3.129338845610618591e-03
9.575363397598266602e-01 2.770257648080587387e-03
9.648667573928833008e-01 2.382823731750249863e-03
9.683845639228820801e-01 2.182756783440709114e-03
9.755183458328247070e-01 1.724999630823731422e-03
9.829757809638977051e-01 1.167041948065161705e-03
9.909883737564086914e-01 4.808384110219776630e-04
9.997876286506652832e-01 -3.616553731262683868e-04
