Airfoils1D_108
9.996850490570068359e-01 2.714857400860637426e-04
9.914547801017761230e-01 1.169805298559367657e-03
9.825575351715087891e-01 2.114719711244106293e-03
9.732005596160888672e-01 3.085604635998606682e-03
9.635909199714660645e-01 4.061835352331399918e-03
9.493964314460754395e-01 5.465823691338300705e-03
9.401811361312866211e-01 6.350157316774129868e-03
9.312124252319335938e-01 7.193834520876407623e-03
9.225942492485046387e-01 7.988069206476211548e-03
9.144487977027893066e-01 8.732726797461509705e-03
9.058957099914550781e-01 9.514875710010528564e-03
8.973477482795715332e-01 1.030144095420837402e-02
8.887952566146850586e-01 1.108435634523630142e-02
8.802619576454162598e-01 1.187141984701156616e-02
8.717350363731384277e-01 1.266839914023876190e-02
8.631943464279174805e-01 1.347324345260858536e-02
8.546369671821594238e-01 1.427673269063234329e-02
8.460510969161987305e-01 1.506463158875703812e-02
8.374422788619995117e-01 1.584021374583244324e-02
8.288323283195495605e-01 1.660080254077911377e-02
8.202416896820068359e-01 1.735658384859561920e-02
8.116603493690490723e-01 1.810255274176597595e-02
8.031067848205566406e-01 1.884995773434638977e-02
7.945678234100341797e-01 1.959835179150104523e-02
7.860304713249206543e-01 2.034077607095241547e-02
7.774897813796997070e-01 2.106636203825473785e-02
7.689433693885803223e-01 2.177189290523529053e-02
7.603973150253295898e-01 2.245439030230045319e-02
7.518660426139831543e-01 2.312213741242885590e-02
7.433557510375976562e-01 2.377435006201267242e-02
7.348574399948120117e-01 2.440597675740718842e-02
7.263851165771484375e-01 2.503124065697193146e-02
7.179247140884399414e-01 2.564773894846439362e-02
7.094712257385253906e-01 2.626310661435127258e-02
7.010033130645751953e-01 2.688953094184398651e-02
6.925290226936340332e-01 2.753300406038761139e-02
6.840408444404602051e-01 2.817778475582599640e-02
6.755472421646118164e-01 2.882022969424724579e-02
6.670532226562500000e-01 2.944932319223880768e-02
6.585647463798522949e-01 3.005634248256683350e-02
6.500892639160156250e-01 3.064575046300888062e-02
6.416177749633789062e-01 3.121491521596908569e-02
6.331477761268615723e-01 3.177588805556297302e-02
6.246693134307861328e-01 3.233833983540534973e-02
6.161835789680480957e-01 3.290358185768127441e-02
6.076748967170715332e-01 3.346796706318855286e-02
5.991514921188354492e-01 3.402458503842353821e-02
5.906251668930053711e-01 3.456575050950050354e-02
5.821143388748168945e-01 3.507390990853309631e-02
5.736339092254638672e-01 3.554878383874893188e-02
5.651815533638000488e-01 3.599119558930397034e-02
5.567625164985656738e-01 3.641380742192268372e-02
5.483807921409606934e-01 3.682502731680870056e-02
5.400049686431884766e-01 3.723657876253128052e-02
5.316193103790283203e-01 3.765881806612014771e-02
5.232081413269042969e-01 3.809383139014244080e-02
5.147731304168701172e-01 3.852831572294235229e-02
5.063284039497375488e-01 3.893556818366050720e-02
4.978876709938049316e-01 3.931299597024917603e-02
4.894380569458007812e-01 3.965882584452629089e-02
4.809889495372772217e-01 3.998985514044761658e-02
4.725523293018341064e-01 4.030650109052658081e-02
4.641063809394836426e-01 4.061603918671607971e-02
4.556639492511749268e-01 4.092817008495330811e-02
4.472176432609558105e-01 4.124837368726730347e-02
4.387691020965576172e-01 4.155728965997695923e-02
4.303332567214965820e-01 4.183581843972206116e-02
4.219065606594085693e-01 4.207580536603927612e-02
4.134651720523834229e-01 4.227581247687339783e-02
4.050158262252807617e-01 4.245167598128318787e-02
3.965689539909362793e-01 4.260002076625823975e-02
3.881227076053619385e-01 4.272978380322456360e-02
3.796891570091247559e-01 4.285220056772232056e-02
3.712613284587860107e-01 4.295912757515907288e-02
3.628328740596771240e-01 4.303273186087608337e-02
3.544164001941680908e-01 4.307300597429275513e-02
3.459986746311187744e-01 4.307575523853302002e-02
3.375797271728515625e-01 4.305358231067657471e-02
3.291688561439514160e-01 4.302520304918289185e-02
3.207814097404479980e-01 4.298409074544906616e-02
3.124184012413024902e-01 4.294145852327346802e-02
3.040769994258880615e-01 4.289455711841583252e-02
2.957444489002227783e-01 4.282303899526596069e-02
2.874098718166351318e-01 4.271061718463897705e-02
2.790750265121459961e-01 4.256289824843406677e-02
2.707327902317047119e-01 4.238182306289672852e-02
2.623926699161529541e-01 4.217895492911338806e-02
2.540497183799743652e-01 4.195266589522361755e-02
2.457200586795806885e-01 4.168795794248580933e-02
2.374062687158584595e-01 4.140141233801841736e-02
2.291126400232315063e-01 4.108519852161407471e-02
2.208339571952819824e-01 4.073394834995269775e-02
2.125729173421859741e-01 4.034200683236122131e-02
2.043336927890777588e-01 3.991822525858879089e-02
1.961078643798828125e-01 3.947235643863677979e-02
1.878838688135147095e-01 3.899479657411575317e-02
1.796637475490570068e-01 3.847455233335494995e-02
1.714677214622497559e-01 3.791274130344390869e-02
1.633054316043853760e-01 3.732440248131752014e-02
1.551906317472457886e-01 3.669916093349456787e-02
1.471265852451324463e-01 3.603363409638404846e-02
1.391250193119049072e-01 3.531857207417488098e-02
1.311771571636199951e-01 3.455299139022827148e-02
1.232628673315048218e-01 3.372500836849212646e-02
1.153635606169700623e-01 3.280953690409660339e-02
1.075034961104393005e-01 3.181292489171028137e-02
9.969638288021087646e-02 3.075123392045497894e-02
9.195587784051895142e-02 2.963575161993503571e-02
8.429374545812606812e-02 2.846614830195903778e-02
7.672237604856491089e-02 2.724290452897548676e-02
6.926216185092926025e-02 2.595998719334602356e-02
6.191778182983398438e-02 2.460989914834499359e-02
5.472347512841224670e-02 2.317103557288646698e-02
4.770153760910034180e-02 2.162052132189273834e-02
4.091962054371833801e-02 1.995435170829296112e-02
3.442891314625740051e-02 1.817165315151214600e-02
2.829988300800323486e-02 1.628063619136810303e-02
2.259204909205436707e-02 1.430578622967004776e-02
1.739158481359481812e-02 1.228209771215915680e-02
1.279092114418745041e-02 1.026604138314723969e-02
8.882918395102024078e-03 8.335186168551445007e-03
5.743247456848621368e-03 6.556426640599966049e-03
3.379947505891323090e-03 4.984870087355375290e-03
1.762839150615036488e-03 3.647127887234091759e-03
7.531689479947090149e-04 2.543020294979214668e-03
2.145858306903392076e-04 1.645099371671676636e-03
-2.034814315265975893e-05 9.131521219387650490e-04
-7.886177627369761467e-05 2.820637018885463476e-04
-2.342191510251723230e-05 -2.920181432273238897e-04
1.388969831168651581e-04 -8.449074230156838894e-04
4.573393962346017361e-04 -1.421001041308045387e-03
1.045252080075442791e-03 -2.044185530394315720e-03
2.023313427343964577e-03 -2.754004439339041710e-03
3.483044914901256561e-03 -3.580737859010696411e-03
5.598944611847400665e-03 -4.533588420599699020e-03
8.483466692268848419e-03 -5.606367718428373337e-03
1.221840362995862961e-02 -6.782729644328355789e-03
1.684342697262763977e-02 -8.009470067918300629e-03
2.231173962354660034e-02 -9.238127619028091431e-03
2.851389721035957336e-02 -1.042235735803842545e-02
3.532455116510391235e-02 -1.151001639664173126e-02
4.257689788937568665e-02 -1.247901376336812973e-02
5.009811371564865112e-02 -1.332787051796913147e-02
5.779297277331352234e-02 -1.405174471437931061e-02
6.556623429059982300e-02 -1.467321161180734634e-02
7.338044047355651855e-02 -1.520363707095384598e-02
8.122678101062774658e-02 -1.566095463931560516e-02
8.912181854248046875e-02 -1.605737768113613129e-02
9.707397222518920898e-02 -1.640126667916774750e-02
1.051113009452819824e-01 -1.669469475746154785e-02
1.132422164082527161e-01 -1.694096624851226807e-02
1.214587688446044922e-01 -1.715879887342453003e-02
1.297477781772613525e-01 -1.734270900487899780e-02
1.380850672721862793e-01 -1.750354468822479248e-02
1.464434713125228882e-01 -1.764186285436153412e-02
1.548060178756713867e-01 -1.776442490518093109e-02
1.631780713796615601e-01 -1.786569505929946899e-02
1.715545207262039185e-01 -1.795047521591186523e-02
1.799306124448776245e-01 -1.801913045346736908e-02
1.883170604705810547e-01 -1.806918717920780182e-02
1.967400908470153809e-01 -1.811276935040950775e-02
2.051998078823089600e-01 -1.813236624002456665e-02
2.136936187744140625e-01 -1.813531294465065002e-02
2.221999317407608032e-01 -1.812375709414482117e-02
2.307238280773162842e-01 -1.808738149702548981e-02
2.392576187849044800e-01 -1.803308539092540741e-02
2.477859854698181152e-01 -1.795483380556106567e-02
2.563130855560302734e-01 -1.784480549395084381e-02
2.648423910140991211e-01 -1.770704612135887146e-02
2.733910679817199707e-01 -1.755399256944656372e-02
2.819384932518005371e-01 -1.737846620380878448e-02
2.904787659645080566e-01 -1.720645092427730560e-02
2.990021705627441406e-01 -1.704375445842742920e-02
3.075065016746520996e-01 -1.688973978161811829e-02
3.159922957420349121e-01 -1.675441116094589233e-02
3.244681060314178467e-01 -1.661886647343635559e-02
3.329690098762512207e-01 -1.647472195327281952e-02
3.414830863475799561e-01 -1.632135733962059021e-02
3.500208556652069092e-01 -1.615324802696704865e-02
3.585618734359741211e-01 -1.595748960971832275e-02
3.671135902404785156e-01 -1.575034670531749725e-02
3.756687343120574951e-01 -1.552477572113275528e-02
3.842105865478515625e-01 -1.528518553823232651e-02
3.927543759346008301e-01 -1.503926608711481094e-02
4.013049006462097168e-01 -1.479075849056243896e-02
4.098791778087615967e-01 -1.454429607838392258e-02
4.184623956680297852e-01 -1.430537272244691849e-02
4.270655810832977295e-01 -1.407022681087255478e-02
4.356763362884521484e-01 -1.384067256003618240e-02
4.442923963069915771e-01 -1.361548341810703278e-02
4.529039561748504639e-01 -1.338099502027034760e-02
4.614979028701782227e-01 -1.313778571784496307e-02
4.700775742530822754e-01 -1.288365945219993591e-02
4.786483347415924072e-01 -1.262172870337963104e-02
4.872211813926696777e-01 -1.234721858054399490e-02
4.958016872406005859e-01 -1.207073964178562164e-02
5.044069886207580566e-01 -1.180066820234060287e-02
5.130214691162109375e-01 -1.155767124146223068e-02
5.216334462165832520e-01 -1.132135093212127686e-02
5.302343368530273438e-01 -1.109115779399871826e-02
5.388036370277404785e-01 -1.086563151329755783e-02
5.473569631576538086e-01 -1.063019689172506332e-02
5.559028387069702148e-01 -1.037021819502115250e-02
5.644406080245971680e-01 -1.008177082985639572e-02
5.729931592941284180e-01 -9.777468629181385040e-03
5.815590023994445801e-01 -9.475245140492916107e-03
5.901362895965576172e-01 -9.190252050757408142e-03
5.987306237220764160e-01 -8.908268064260482788e-03
6.073349118232727051e-01 -8.644375018775463104e-03
6.159416437149047852e-01 -8.392250165343284607e-03
6.245789527893066406e-01 -8.129389025270938873e-03
6.332152485847473145e-01 -7.840181700885295868e-03
6.418341994285583496e-01 -7.537818048149347305e-03
6.504358053207397461e-01 -7.215803954750299454e-03
6.589960455894470215e-01 -6.885958369821310043e-03
6.675318479537963867e-01 -6.562616210430860519e-03
6.760630011558532715e-01 -6.244576070457696915e-03
6.845895051956176758e-01 -5.932084284722805023e-03
6.931328773498535156e-01 -5.621272139251232147e-03
7.017146944999694824e-01 -5.305456463247537613e-03
7.103036642074584961e-01 -4.987599793821573257e-03
7.188941836357116699e-01 -4.682776983827352524e-03
7.274725437164306641e-01 -4.376478027552366257e-03
7.360237240791320801e-01 -4.085755441337823868e-03
7.445528507232666016e-01 -3.825104096904397011e-03
7.530831098556518555e-01 -3.574948757886886597e-03
7.616057991981506348e-01 -3.320443211123347282e-03
7.701445221900939941e-01 -3.072531661018729210e-03
7.787117958068847656e-01 -2.832065103575587273e-03
7.872912287712097168e-01 -2.590184332802891731e-03
7.958821654319763184e-01 -2.352808602154254913e-03
8.044750094413757324e-01 -2.113410737365484238e-03
8.130572438240051270e-01 -1.878622337244451046e-03
8.216181993484497070e-01 -1.650159829296171665e-03
8.301636576652526855e-01 -1.416872837580740452e-03
8.386830091476440430e-01 -1.181103987619280815e-03
8.471823930740356445e-01 -9.626023820601403713e-04
8.556702136993408203e-01 -7.636293885298073292e-04
8.641453385353088379e-01 -5.757420440204441547e-04
8.726373910903930664e-01 -4.120508965570479631e-04
8.811475038528442383e-01 -2.679014578461647034e-04
8.896703720092773438e-01 -1.384844945278018713e-04
8.981947898864746094e-01 -2.406495332252234221e-05
9.067029953002929688e-01 8.723697101231664419e-05
9.152011871337890625e-01 1.828047679737210274e-04
9.236863851547241211e-01 2.739847404882311821e-04
9.325422644615173340e-01 3.458174760453402996e-04
9.408738017082214355e-01 4.009685071650892496e-04
9.488515257835388184e-01 4.213221836835145950e-04
9.566081166267395020e-01 4.008852702099829912e-04
9.642636775970458984e-01 3.364695294294506311e-04
9.679478406906127930e-01 2.893272612709552050e-04
9.754000306129455566e-01 1.744015753502026200e-04
9.831376671791076660e-01 3.778053724090568721e-05
9.913690686225891113e-01 -1.135444545070640743e-04
1.000302672386169434e+00 -2.725819649640470743e-04
