Airfoils1D_422
9.997237920761108398e-01 6.224556127563118935e-04
9.916048645973205566e-01 9.193955920636653900e-04
9.827992320060729980e-01 1.514549134299159050e-03
9.735172986984252930e-01 2.338245278224349022e-03
9.639695882797241211e-01 3.320813877508044243e-03
9.498411417007446289e-01 4.906470887362957001e-03
9.406690597534179688e-01 5.943811032921075821e-03
9.317545294761657715e-01 6.929119117558002472e-03
9.232174158096313477e-01 7.819259539246559143e-03
9.151863455772399902e-01 8.589527569711208344e-03
9.068049192428588867e-01 9.354109875857830048e-03
8.984318971633911133e-01 1.010372117161750793e-02
8.900446891784667969e-01 1.085249148309230804e-02
8.816395998001098633e-01 1.160213258117437363e-02
8.732073903083801270e-01 1.238719001412391663e-02
8.647552728652954102e-01 1.318171340972185135e-02
8.562671542167663574e-01 1.400027796626091003e-02
8.477637171745300293e-01 1.480743568390607834e-02
8.392443060874938965e-01 1.559719536453485489e-02
8.307393193244934082e-01 1.636724360287189484e-02
8.222386837005615234e-01 1.712433435022830963e-02
8.137326836585998535e-01 1.786280050873756409e-02
8.052322864532470703e-01 1.857329532504081726e-02
7.967319488525390625e-01 1.928205974400043488e-02
7.882451415061950684e-01 1.998576708137989044e-02
7.797701358795166016e-01 2.068756893277168274e-02
7.713400721549987793e-01 2.138202451169490814e-02
7.629119753837585449e-01 2.208091504871845245e-02
7.544908523559570312e-01 2.278537303209304810e-02
7.460472583770751953e-01 2.349445782601833344e-02
7.375682592391967773e-01 2.417334914207458496e-02
7.290651202201843262e-01 2.482955530285835266e-02
7.205314040184020996e-01 2.548237703740596771e-02
7.119956612586975098e-01 2.612588182091712952e-02
7.034903764724731445e-01 2.675504051148891449e-02
6.950343251228332520e-01 2.737591229379177094e-02
6.865770816802978516e-01 2.800120040774345398e-02
6.781318187713623047e-01 2.862952463328838348e-02
6.697169542312622070e-01 2.923976071178913116e-02
6.613169312477111816e-01 2.982388250529766083e-02
6.529229283332824707e-01 3.039790131151676178e-02
6.445325016975402832e-01 3.096324205398559570e-02
6.361544132232666016e-01 3.152009099721908569e-02
6.277921795845031738e-01 3.206722438335418701e-02
6.194183826446533203e-01 3.261234238743782043e-02
6.109942197799682617e-01 3.317081183195114136e-02
6.025319695472717285e-01 3.372050821781158447e-02
5.940594673156738281e-01 3.424563631415367126e-02
5.855652689933776855e-01 3.476027399301528931e-02
5.770456194877624512e-01 3.526837751269340515e-02
5.685238242149353027e-01 3.575184568762779236e-02
5.600090622901916504e-01 3.623022511601448059e-02
5.515175461769104004e-01 3.671211376786231995e-02
5.430389046669006348e-01 3.719517216086387634e-02
5.345829725265502930e-01 3.766671940684318542e-02
5.261471271514892578e-01 3.811279311776161194e-02
5.177328586578369141e-01 3.853991255164146423e-02
5.093322396278381348e-01 3.894283995032310486e-02
5.009205341339111328e-01 3.932692110538482666e-02
4.924926757812500000e-01 3.966684639453887939e-02
4.840370416641235352e-01 4.000099375844001770e-02
4.755607545375823975e-01 4.034644737839698792e-02
4.670494794845581055e-01 4.067739844322204590e-02
4.585308432579040527e-01 4.099200665950775146e-02
4.500018954277038574e-01 4.131378233432769775e-02
4.414885938167572021e-01 4.163837060332298279e-02
4.330051243305206299e-01 4.194692522287368774e-02
4.245518147945404053e-01 4.223505035042762756e-02
4.161156415939331055e-01 4.248267784714698792e-02
4.077013432979583740e-01 4.270409420132637024e-02
3.993003070354461670e-01 4.289852082729339600e-02
3.908894658088684082e-01 4.303013160824775696e-02
3.824748694896697998e-01 4.312709718942642212e-02
3.740477263927459717e-01 4.321235790848731995e-02
3.656124472618103027e-01 4.328412190079689026e-02
3.571669757366180420e-01 4.334816336631774902e-02
3.487114906311035156e-01 4.341341182589530945e-02
3.402341008186340332e-01 4.347505420446395874e-02
3.317709863185882568e-01 4.352325573563575745e-02
3.233151435852050781e-01 4.355016350746154785e-02
3.148730397224426270e-01 4.354368895292282104e-02
3.064584434032440186e-01 4.350916668772697449e-02
2.980696856975555420e-01 4.346435517072677612e-02
2.896808981895446777e-01 4.340738430619239807e-02
2.812977433204650879e-01 4.332764446735382080e-02
2.728983163833618164e-01 4.321914166212081909e-02
2.644774615764617920e-01 4.307221621274948120e-02
2.560538947582244873e-01 4.287937283515930176e-02
2.476230561733245850e-01 4.263822361826896667e-02
2.391918897628784180e-01 4.237610101699829102e-02
2.307857871055603027e-01 4.208251088857650757e-02
2.224086225032806396e-01 4.179852083325386047e-02
2.140498757362365723e-01 4.151892662048339844e-02
2.057333439588546753e-01 4.122160002589225769e-02
1.974381506443023682e-01 4.089134931564331055e-02
1.891732066869735718e-01 4.052100703120231628e-02
1.809376627206802368e-01 4.008777067065238953e-02
1.727264672517776489e-01 3.958274051547050476e-02
1.645162999629974365e-01 3.903147578239440918e-02
1.563231647014617920e-01 3.841800987720489502e-02
1.481462419033050537e-01 3.777359053492546082e-02
1.399857848882675171e-01 3.710831701755523682e-02
1.318525969982147217e-01 3.641482815146446228e-02
1.237564533948898315e-01 3.569217771291732788e-02
1.157227605581283569e-01 3.492055088281631470e-02
1.077645868062973022e-01 3.408709168434143066e-02
9.988308697938919067e-02 3.319537639617919922e-02
9.206357598304748535e-02 3.223614394664764404e-02
8.433251827955245972e-02 3.119303658604621887e-02
7.669324427843093872e-02 3.006219863891601562e-02
6.916213780641555786e-02 2.883404307067394257e-02
6.177442893385887146e-02 2.749146334826946259e-02
5.458204448223114014e-02 2.602688036859035492e-02
4.762324690818786621e-02 2.441324479877948761e-02
4.094008728861808777e-02 2.267540059983730316e-02
3.455811366438865662e-02 2.082234062254428864e-02
2.851712517440319061e-02 1.884763129055500031e-02
2.288573049008846283e-02 1.677618548274040222e-02
1.772402599453926086e-02 1.463390421122312546e-02
1.313196402043104172e-02 1.244888920336961746e-02
9.217053651809692383e-03 1.029739715158939362e-02
6.053786259144544601e-03 8.245132863521575928e-03
3.656443906947970390e-03 6.350647192448377609e-03
1.977402018383145332e-03 4.686166066676378250e-03
9.043967584148049355e-04 3.269851673394441605e-03
3.069994272664189339e-04 2.094750525429844856e-03
2.365444743190892041e-05 1.143251196481287479e-03
-7.248250767588615417e-05 3.623068914748728275e-04
-7.774464756948873401e-05 -3.258482029195874929e-04
-1.210289156006183475e-05 -9.526989888399839401e-04
1.555957132950425148e-04 -1.586983329616487026e-03
5.087706376798450947e-04 -2.279516309499740601e-03
1.159631647169589996e-03 -3.054324770346283913e-03
2.250480931252241135e-03 -3.929283935576677322e-03
3.951236605644226074e-03 -4.903530236333608627e-03
6.394192576408386230e-03 -5.936538334935903549e-03
9.711210615932941437e-03 -7.008993532508611679e-03
1.392858475446701050e-02 -8.108449168503284454e-03
1.906846463680267334e-02 -9.195646271109580994e-03
2.506225742399692535e-02 -1.025820523500442505e-02
3.179687634110450745e-02 -1.128279976546764374e-02
3.910242393612861633e-02 -1.223093550652265549e-02
4.678928852081298828e-02 -1.309802290052175522e-02
5.469954013824462891e-02 -1.386734377592802048e-02
6.269682198762893677e-02 -1.450551487505435944e-02
7.072777301073074341e-02 -1.502357516437768936e-02
7.874944061040878296e-02 -1.544811390340328217e-02
8.678930997848510742e-02 -1.580446586012840271e-02
9.485414624214172363e-02 -1.609952561557292938e-02
1.029792204499244690e-01 -1.634905859827995300e-02
1.111796349287033081e-01 -1.654729992151260376e-02
1.194395869970321655e-01 -1.672791875898838043e-02
1.277580559253692627e-01 -1.688751578330993652e-02
1.361133456230163574e-01 -1.701936870813369751e-02
1.445216238498687744e-01 -1.712482981383800507e-02
1.529733389616012573e-01 -1.721240952610969543e-02
1.614499986171722412e-01 -1.730789057910442352e-02
1.699090749025344849e-01 -1.736447587609291077e-02
1.783456355333328247e-01 -1.739102788269519806e-02
1.867676526308059692e-01 -1.739119924604892731e-02
1.951733976602554321e-01 -1.738211885094642639e-02
2.035914510488510132e-01 -1.736435294151306152e-02
2.120128124952316284e-01 -1.731803081929683685e-02
2.204826772212982178e-01 -1.725994981825351715e-02
2.290155738592147827e-01 -1.719784177839756012e-02
2.376027256250381470e-01 -1.715618744492530823e-02
2.461964339017868042e-01 -1.707966066896915436e-02
2.547991871833801270e-01 -1.699725724756717682e-02
2.634088397026062012e-01 -1.690408214926719666e-02
2.720204889774322510e-01 -1.679586246609687805e-02
2.806201577186584473e-01 -1.665655709803104401e-02
2.891684174537658691e-01 -1.647848449647426605e-02
2.977087497711181641e-01 -1.629691757261753082e-02
3.062475621700286865e-01 -1.612759940326213837e-02
3.147788643836975098e-01 -1.596861518919467926e-02
3.232977688312530518e-01 -1.580031402409076691e-02
3.318210244178771973e-01 -1.565236784517765045e-02
3.403553366661071777e-01 -1.550170220434665680e-02
3.489063084125518799e-01 -1.532762497663497925e-02
3.574571013450622559e-01 -1.511499192565679550e-02
3.659882247447967529e-01 -1.488859951496124268e-02
3.745396137237548828e-01 -1.466282084584236145e-02
3.831205070018768311e-01 -1.444520335644483566e-02
3.917004466056823730e-01 -1.421251613646745682e-02
4.003133475780487061e-01 -1.399250142276287079e-02
4.089390039443969727e-01 -1.378686353564262390e-02
4.175820648670196533e-01 -1.356715057045221329e-02
4.262296259403228760e-01 -1.331924926489591599e-02
4.348548352718353271e-01 -1.305617671459913254e-02
4.434648454189300537e-01 -1.281016692519187927e-02
4.520879387855529785e-01 -1.258319523185491562e-02
4.607333838939666748e-01 -1.235475856810808182e-02
4.693580269813537598e-01 -1.212640851736068726e-02
4.780158400535583496e-01 -1.193019933998584747e-02
4.866791665554046631e-01 -1.171354204416275024e-02
4.953261017799377441e-01 -1.146036107093095779e-02
5.039330720901489258e-01 -1.117208506911993027e-02
5.124821066856384277e-01 -1.086500287055969238e-02
5.210138559341430664e-01 -1.056037377566099167e-02
5.295423865318298340e-01 -1.025163009762763977e-02
5.380682945251464844e-01 -9.941018186509609222e-03
5.466068983078002930e-01 -9.659833274781703949e-03
5.552072525024414062e-01 -9.424984455108642578e-03
5.638392567634582520e-01 -9.176268242299556732e-03
5.724561214447021484e-01 -8.924805559217929840e-03
5.810615420341491699e-01 -8.682873100042343140e-03
5.896635055541992188e-01 -8.432324975728988647e-03
5.982807874679565430e-01 -8.161429315805435181e-03
6.069074273109436035e-01 -7.856492884457111359e-03
6.155361533164978027e-01 -7.547443732619285583e-03
6.241992712020874023e-01 -7.233907468616962433e-03
6.328920722007751465e-01 -6.928931921720504761e-03
6.415590643882751465e-01 -6.596561055630445480e-03
6.501757502555847168e-01 -6.289102602750062943e-03
6.587822437286376953e-01 -6.033953744918107986e-03
6.673939824104309082e-01 -5.800135433673858643e-03
6.760078668594360352e-01 -5.578326061367988586e-03
6.846302747726440430e-01 -5.364125594496726990e-03
6.932570934295654297e-01 -5.158024840056896210e-03
7.018907666206359863e-01 -4.913048818707466125e-03
7.105031609535217285e-01 -4.625950939953327179e-03
7.190536856651306152e-01 -4.286600276827812195e-03
7.275816202163696289e-01 -3.956354223191738129e-03
7.361154556274414062e-01 -3.647735342383384705e-03
7.446662187576293945e-01 -3.356115194037556648e-03
7.532411813735961914e-01 -3.090028883889317513e-03
7.618789672851562500e-01 -2.855236176401376724e-03
7.705568075180053711e-01 -2.627681009471416473e-03
7.792356610298156738e-01 -2.385675441473722458e-03
7.878789901733398438e-01 -2.126808045431971550e-03
7.964745163917541504e-01 -1.849477179348468781e-03
8.050405383110046387e-01 -1.577379414811730385e-03
8.135486841201782227e-01 -1.312491600401699543e-03
8.220348954200744629e-01 -1.061265356838703156e-03
8.305241465568542480e-01 -8.320720517076551914e-04
8.390671610832214355e-01 -6.443564780056476593e-04
8.476285338401794434e-01 -4.668339097406715155e-04
8.561631441116333008e-01 -3.167340182699263096e-04
8.646826148033142090e-01 -1.846504310378804803e-04
8.732205033302307129e-01 -3.999602267867885530e-05
8.817630410194396973e-01 1.117005449486896396e-04
8.903053402900695801e-01 2.633802650962024927e-04
8.988671898841857910e-01 4.337361897341907024e-04
9.074240922927856445e-01 5.635507986880838871e-04
9.159848690032958984e-01 6.698622601106762886e-04
9.245113730430603027e-01 7.788706570863723755e-04
9.333310127258300781e-01 8.665359346196055412e-04
9.415862560272216797e-01 9.456466650590300560e-04
9.494515061378479004e-01 1.039530616253614426e-03
9.570623636245727539e-01 1.128271454945206642e-03
9.645594358444213867e-01 1.183091546408832073e-03
9.681614637374877930e-01 1.184675144031643867e-03
9.754370450973510742e-01 1.082103466615080833e-03
9.829814434051513672e-01 7.916266913525760174e-04
9.910028576850891113e-01 2.569403732195496559e-04
9.997092485427856445e-01 -5.782597581855952740e-04
