Airfoils1D_496
9.997739195823669434e-01 3.393477163626812398e-05
9.915866851806640625e-01 9.939851006492972374e-04
9.826098084449768066e-01 2.133733592927455902e-03
9.730910062789916992e-01 3.389902180060744286e-03
9.632779955863952637e-01 4.699212498962879181e-03
9.488120079040527344e-01 6.569690536707639694e-03
9.395043849945068359e-01 7.685069460421800613e-03
9.305136799812316895e-01 8.693313226103782654e-03
9.219557642936706543e-01 9.582788683474063873e-03
9.139209985733032227e-01 1.035391353070735931e-02
9.054759144783020020e-01 1.117800828069448471e-02
8.970438241958618164e-01 1.200810633599758148e-02
8.886060118675231934e-01 1.280499342828989029e-02
8.801479935646057129e-01 1.358017697930335999e-02
8.717047572135925293e-01 1.437717955559492111e-02
8.632525801658630371e-01 1.516094617545604706e-02
8.547811508178710938e-01 1.597287133336067200e-02
8.463155627250671387e-01 1.679874770343303680e-02
8.378431797027587891e-01 1.763897761702537537e-02
8.293733596801757812e-01 1.849424839019775391e-02
8.209100961685180664e-01 1.932385005056858063e-02
8.124494552612304688e-01 2.010901831090450287e-02
8.039828538894653320e-01 2.085065096616744995e-02
7.955198287963867188e-01 2.155265957117080688e-02
7.870318889617919922e-01 2.218138426542282104e-02
7.785166501998901367e-01 2.280545234680175781e-02
7.699890136718750000e-01 2.342772297561168671e-02
7.614434361457824707e-01 2.406537160277366638e-02
7.528849244117736816e-01 2.473016083240509033e-02
7.443343997001647949e-01 2.540335245430469513e-02
7.358136177062988281e-01 2.606926672160625458e-02
7.273224592208862305e-01 2.672693878412246704e-02
7.188659310340881348e-01 2.736197225749492645e-02
7.104305028915405273e-01 2.797265537083148956e-02
7.019945383071899414e-01 2.858774363994598389e-02
6.935535669326782227e-01 2.920790389180183411e-02
6.851005554199218750e-01 2.983737923204898834e-02
6.766345500946044922e-01 3.048454970121383667e-02
6.681573987007141113e-01 3.112591430544853210e-02
6.596763730049133301e-01 3.173720836639404297e-02
6.511909961700439453e-01 3.231992572546005249e-02
6.427000164985656738e-01 3.285648673772811890e-02
6.342008709907531738e-01 3.335559740662574768e-02
6.257003545761108398e-01 3.381000831723213196e-02
6.172174215316772461e-01 3.424442559480667114e-02
6.087579131126403809e-01 3.467283770442008972e-02
6.003260612487792969e-01 3.510891646146774292e-02
5.919188261032104492e-01 3.555838763713836670e-02
5.835286378860473633e-01 3.601601719856262207e-02
5.751338005065917969e-01 3.646891936659812927e-02
5.667124390602111816e-01 3.689543157815933228e-02
5.582618713378906250e-01 3.728577494621276855e-02
5.497987270355224609e-01 3.761943802237510681e-02
5.413317680358886719e-01 3.792036697268486023e-02
5.328539013862609863e-01 3.819952160120010376e-02
5.243881940841674805e-01 3.848001733422279358e-02
5.159386992454528809e-01 3.878940269351005554e-02
5.074828863143920898e-01 3.912545740604400635e-02
4.990075826644897461e-01 3.946997597813606262e-02
4.905193150043487549e-01 3.982032835483551025e-02
4.820208847522735596e-01 4.016054421663284302e-02
4.735233485698699951e-01 4.048473760485649109e-02
4.650331735610961914e-01 4.078863933682441711e-02
4.565551578998565674e-01 4.105901718139648438e-02
4.481126964092254639e-01 4.130496457219123840e-02
4.396991729736328125e-01 4.153534397482872009e-02
4.312844872474670410e-01 4.172766953706741333e-02
4.228683114051818848e-01 4.187933728098869324e-02
4.144553244113922119e-01 4.201562330126762390e-02
4.060354232788085938e-01 4.212404042482376099e-02
3.976045250892639160e-01 4.222142323851585388e-02
3.891641795635223389e-01 4.229606688022613525e-02
3.807216584682464600e-01 4.233999922871589661e-02
3.722762167453765869e-01 4.236969351768493652e-02
3.638334572315216064e-01 4.240159690380096436e-02
3.553903996944427490e-01 4.242037236690521240e-02
3.469543457031250000e-01 4.243630170822143555e-02
3.385309576988220215e-01 4.245434328913688660e-02
3.301170170307159424e-01 4.245193302631378174e-02
3.217104673385620117e-01 4.243165254592895508e-02
3.133087158203125000e-01 4.237072169780731201e-02
3.049001395702362061e-01 4.225548356771469116e-02
2.964783012866973877e-01 4.210189729928970337e-02
2.880519628524780273e-01 4.193551093339920044e-02
2.796189785003662109e-01 4.175780713558197021e-02
2.711898088455200195e-01 4.157584160566329956e-02
2.627631127834320068e-01 4.138800129294395447e-02
2.543411850929260254e-01 4.119211062788963318e-02
2.459251433610916138e-01 4.098479077219963074e-02
2.375109195709228516e-01 4.074108973145484924e-02
2.290928959846496582e-01 4.044885933399200439e-02
2.206853777170181274e-01 4.011232033371925354e-02
2.123002856969833374e-01 3.974878042936325073e-02
2.039309591054916382e-01 3.936107456684112549e-02
1.955938339233398438e-01 3.895149007439613342e-02
1.872833371162414551e-01 3.851348534226417542e-02
1.789887994527816772e-01 3.805397823452949524e-02
1.707060039043426514e-01 3.756487742066383362e-02
1.624238491058349609e-01 3.703663498163223267e-02
1.541425883769989014e-01 3.647298365831375122e-02
1.458769589662551880e-01 3.586695343255996704e-02
1.376375406980514526e-01 3.522771596908569336e-02
1.294238269329071045e-01 3.454267233610153198e-02
1.212532222270965576e-01 3.379776328802108765e-02
1.131205409765243530e-01 3.297405317425727844e-02
1.050082072615623474e-01 3.208541125059127808e-02
9.692467004060745239e-02 3.112231381237506866e-02
8.887375146150588989e-02 3.009532205760478973e-02
8.085953444242477417e-02 2.900602668523788452e-02
7.289899140596389771e-02 2.783406153321266174e-02
6.501886248588562012e-02 2.657668478786945343e-02
5.726160854101181030e-02 2.519121579825878143e-02
4.967952147126197815e-02 2.367396652698516846e-02
4.232414811849594116e-02 2.200184203684329987e-02
3.527452424168586731e-02 2.019311860203742981e-02
2.864188142120838165e-02 1.824863068759441376e-02
2.255684323608875275e-02 1.620892994105815887e-02
1.712391339242458344e-02 1.411139126867055893e-02
1.243845745921134949e-02 1.199436653405427933e-02
8.567459881305694580e-03 9.930331259965896606e-03
5.537703633308410645e-03 7.974820211529731750e-03
3.316572634503245354e-03 6.227181758731603622e-03
1.809319481253623962e-03 4.702008329331874847e-03
8.731717243790626526e-04 3.444508649408817291e-03
3.609921259339898825e-04 2.452760236337780952e-03
1.248036860488355160e-04 1.705768750980496407e-03
2.289720032422337681e-05 1.132582430727779865e-03
-3.437360282987356186e-05 6.462053279392421246e-04
-8.263947529485449195e-05 1.748018112266436219e-04
-9.262673847842961550e-05 -3.388214972801506519e-04
2.588772076705936342e-05 -9.394506341777741909e-04
4.033958830405026674e-04 -1.687768148258328438e-03
1.191710121929645538e-03 -2.568371826782822609e-03
2.581136533990502357e-03 -3.578928299248218536e-03
4.726767539978027344e-03 -4.709774162620306015e-03
7.747652940452098846e-03 -5.938577931374311447e-03
1.172201987355947495e-02 -7.228771690279245377e-03
1.664625294506549835e-02 -8.538897149264812469e-03
2.245287224650382996e-02 -9.812762960791587830e-03
2.902564220130443573e-02 -1.100958138704299927e-02
3.621381521224975586e-02 -1.210283488035202026e-02
4.386533051729202271e-02 -1.306440308690071106e-02
5.183198302984237671e-02 -1.393359992653131485e-02
5.996856465935707092e-02 -1.472276169806718826e-02
6.817036867141723633e-02 -1.543498225510120392e-02
7.639900594949722290e-02 -1.609165593981742859e-02
8.461446315050125122e-02 -1.671642810106277466e-02
9.280758351087570190e-02 -1.731295324862003326e-02
1.009967923164367676e-01 -1.785672083497047424e-02
1.092075109481811523e-01 -1.834378577768802643e-02
1.174619346857070923e-01 -1.876040361821651459e-02
1.257673949003219604e-01 -1.913215965032577515e-02
1.341179907321929932e-01 -1.943004503846168518e-02
1.425219625234603882e-01 -1.964907906949520111e-02
1.509826332330703735e-01 -1.981105841696262360e-02
1.594631224870681763e-01 -1.994854956865310669e-02
1.679526418447494507e-01 -2.007850445806980133e-02
1.764553934335708618e-01 -2.019472979009151459e-02
1.849637180566787720e-01 -2.030988596379756927e-02
1.934598088264465332e-01 -2.040871046483516693e-02
2.019573599100112915e-01 -2.049714513123035431e-02
2.104569226503372192e-01 -2.056182548403739929e-02
2.189681082963943481e-01 -2.059145458042621613e-02
2.274736315011978149e-01 -2.060104534029960632e-02
2.359609603881835938e-01 -2.058946900069713593e-02
2.444454729557037354e-01 -2.055963687598705292e-02
2.529318630695343018e-01 -2.052096650004386902e-02
2.614167630672454834e-01 -2.047608420252799988e-02
2.698974013328552246e-01 -2.040848508477210999e-02
2.784009575843811035e-01 -2.032970637083053589e-02
2.869068682193756104e-01 -2.024088427424430847e-02
2.954090833663940430e-01 -2.014090120792388916e-02
3.038948774337768555e-01 -2.003726735711097717e-02
3.123767971992492676e-01 -1.989841647446155548e-02
3.208588957786560059e-01 -1.974319107830524445e-02
3.293350636959075928e-01 -1.957895420491695404e-02
3.377990424633026123e-01 -1.940890029072761536e-02
3.462586998939514160e-01 -1.921611279249191284e-02
3.547408580780029297e-01 -1.900800503790378571e-02
3.632200062274932861e-01 -1.877998188138008118e-02
3.717075586318969727e-01 -1.853804476559162140e-02
3.802114129066467285e-01 -1.827367767691612244e-02
3.887373208999633789e-01 -1.797108910977840424e-02
3.972782790660858154e-01 -1.765523850917816162e-02
4.058232307434082031e-01 -1.732843182981014252e-02
4.143513739109039307e-01 -1.701042242348194122e-02
4.228719174861907959e-01 -1.669260859489440918e-02
4.313962459564208984e-01 -1.638970151543617249e-02
4.399068057537078857e-01 -1.609266176819801331e-02
4.484160244464874268e-01 -1.581040956079959869e-02
4.569263160228729248e-01 -1.552403718233108521e-02
4.654320180416107178e-01 -1.521258242428302765e-02
4.739425778388977051e-01 -1.486606150865554810e-02
4.824518263339996338e-01 -1.448194682598114014e-02
4.909561276435852051e-01 -1.408114004880189896e-02
4.994699656963348389e-01 -1.368715986609458923e-02
5.079870223999023438e-01 -1.331735495477914810e-02
5.164982080459594727e-01 -1.298187766224145889e-02
5.250048041343688965e-01 -1.269512996077537537e-02
5.335063338279724121e-01 -1.242222636938095093e-02
5.419964194297790527e-01 -1.214728038758039474e-02
5.504951477050781250e-01 -1.182917971163988113e-02
5.590040087699890137e-01 -1.146516669541597366e-02
5.675165653228759766e-01 -1.106574572622776031e-02
5.760432481765747070e-01 -1.065692305564880371e-02
5.845746994018554688e-01 -1.023577526211738586e-02
5.931122303009033203e-01 -9.802258573472499847e-03
6.016485095024108887e-01 -9.348265826702117920e-03
6.101788878440856934e-01 -8.876466192305088043e-03
6.187051534652709961e-01 -8.400506339967250824e-03
6.272500157356262207e-01 -7.887657731771469116e-03
6.358063817024230957e-01 -7.353763096034526825e-03
6.443476676940917969e-01 -6.820704322308301926e-03
6.528882980346679688e-01 -6.312042474746704102e-03
6.614187359809875488e-01 -5.826436448842287064e-03
6.699458956718444824e-01 -5.346340127289295197e-03
6.784479618072509766e-01 -4.846986383199691772e-03
6.869140863418579102e-01 -4.369731061160564423e-03
6.953741908073425293e-01 -3.909862600266933441e-03
7.038356065750122070e-01 -3.447453025728464127e-03
7.122969627380371094e-01 -3.003497608006000519e-03
7.207493782043457031e-01 -2.614362398162484169e-03
7.292196154594421387e-01 -2.277783583849668503e-03
7.377074360847473145e-01 -1.991827040910720825e-03
7.462360262870788574e-01 -1.717068254947662354e-03
7.547933459281921387e-01 -1.403798465617001057e-03
7.633733153343200684e-01 -1.087859505787491798e-03
7.719902992248535156e-01 -7.303845486603677273e-04
7.806071043014526367e-01 -3.291156317573040724e-04
7.892131805419921875e-01 8.148663619067519903e-05
7.977948784828186035e-01 4.642109561245888472e-04
8.063472509384155273e-01 8.230959647335112095e-04
8.148495554924011230e-01 1.141329179517924786e-03
8.233284354209899902e-01 1.434929901733994484e-03
8.318032026290893555e-01 1.706146402284502983e-03
8.402853608131408691e-01 1.944431685842573643e-03
8.487706184387207031e-01 2.169660991057753563e-03
8.572328090667724609e-01 2.376136602833867073e-03
8.656806945800781250e-01 2.552340039983391762e-03
8.741269707679748535e-01 2.694920636713504791e-03
8.825532197952270508e-01 2.808406017720699310e-03
8.909472823143005371e-01 2.895457437261939049e-03
8.993362188339233398e-01 2.960499376058578491e-03
9.077249169349670410e-01 3.025369253009557724e-03
9.161065816879272461e-01 3.081895411014556885e-03
9.244512319564819336e-01 3.110514953732490540e-03
9.331137537956237793e-01 3.106205258518457413e-03
9.412296414375305176e-01 3.084807423874735832e-03
9.489526152610778809e-01 3.027897560968995094e-03
9.564171433448791504e-01 2.909293165430426598e-03
9.637705087661743164e-01 2.707467414438724518e-03
9.673230648040771484e-01 2.574969548732042313e-03
9.745637774467468262e-01 2.207161393016576767e-03
9.821863770484924316e-01 1.672634738497436047e-03
9.904320836067199707e-01 9.358275565318763256e-04
9.995421767234802246e-01 -3.882218516082502902e-05
