Airfoils2D_077F
9.996874724769951870e-01 -3.928830447582155655e-05
9.911649093037996350e-01 7.851863175231592416e-04
9.826402728490692962e-01 1.610437172951454743e-03
9.741140921440246681e-01 2.436032657147981298e-03
9.655895070856351792e-01 3.261287991042579899e-03
9.570671380304088816e-01 4.085762715978627675e-03
9.485469118564974211e-01 4.909084107384022004e-03
9.400287851980687615e-01 5.730877145265234410e-03
9.315127154438269663e-01 6.550767321725627784e-03
9.229986879199061356e-01 7.368378034141755475e-03
9.144866299793007469e-01 8.183338839337016626e-03
9.059764984603946303e-01 8.995277033571211223e-03
8.974682502496105219e-01 9.803820488688042706e-03
8.889618699921284506e-01 1.060859503558304363e-02
8.804572885272353711e-01 1.140923218918702374e-02
8.719544611552610958e-01 1.220536170901869409e-02
8.634533349148004744e-01 1.299661470884478850e-02
8.549533673542268897e-01 1.378270215040832553e-02
8.464541325450508635e-01 1.456343004523873337e-02
8.379556153755763903e-01 1.533858694335089520e-02
8.294578051156441534e-01 1.610796117528279919e-02
8.209607002888905658e-01 1.687134043037061965e-02
8.124642880031769376e-01 1.762851362493476209e-02
8.039685504551103978e-01 1.837927028865521048e-02
7.954734769524638427e-01 1.912339949615427664e-02
7.869790616627156954e-01 1.986069008833428462e-02
7.784853003308109809e-01 2.059093097327887797e-02
7.699921709615773491e-01 2.131391277010220506e-02
7.614996628838184289e-01 2.202942529598387461e-02
7.530077654287570255e-01 2.273725855320359382e-02
7.445164836617252924e-01 2.343720143954641094e-02
7.360257913619271397e-01 2.412904563229796573e-02
7.275356764213137817e-01 2.481258180573886474e-02
7.190460676212679925e-01 2.548760939603498393e-02
7.105569176139935328e-01 2.615393918616588237e-02
7.020682194139724608e-01 2.681138164906999438e-02
6.935799645739860742e-01 2.745974750423657226e-02
6.850921500623702309e-01 2.809884719461536173e-02
6.766047757920310435e-01 2.872849109755730088e-02
6.681178469509498896e-01 2.934848937260981644e-02
6.596313492596679318e-01 2.995865375727503957e-02
6.511452796492113171e-01 3.055879530173958442e-02
6.426596350382142164e-01 3.114872520751219703e-02
6.341744227812374790e-01 3.172825412006163859e-02
6.256896328318485301e-01 3.229719404324551263e-02
6.172052585137938197e-01 3.285535687712978770e-02
6.087212966822197480e-01 3.340255442790519835e-02
6.002377474196950446e-01 3.393859844929843217e-02
5.917546203731410825e-01 3.446330026502967409e-02
5.832721226671424564e-01 3.497644499434060528e-02
5.747904121186087067e-01 3.547777871616539930e-02
5.663094905340008145e-01 3.596704956372360346e-02
5.578293718600804141e-01 3.644400526490117892e-02
5.493500517453479004e-01 3.690839487677004954e-02
5.408715257667217058e-01 3.735996769287223268e-02
5.323937955987033677e-01 3.779847292624664845e-02
5.239168633010106157e-01 3.822366003748612490e-02
5.154407475943914019e-01 3.863527796028394523e-02
5.069654324006200863e-01 3.903307761090730327e-02
4.984909192141789847e-01 3.941680927474812413e-02
4.900172094770585685e-01 3.978622350346102537e-02
4.815443099842768859e-01 4.014107089244646487e-02
4.730722288876429982e-01 4.048110228443060898e-02
4.646009551438498031e-01 4.080606955276774861e-02
4.561305278558435150e-01 4.111572289501632532e-02
4.476625333338242196e-01 4.140965712454070663e-02
4.391982041916288604e-01 4.168717550472453293e-02
4.307375951190945962e-01 4.194756780799988732e-02
4.222807287628769224e-01 4.219012693337418490e-02
4.138276524241916721e-01 4.241414711267078169e-02
4.053784132090816339e-01 4.261892474291931188e-02
3.969330803183874767e-01 4.280375791868630542e-02
3.884917020997591952e-01 4.296794748335269060e-02
3.800543002751413102e-01 4.311079686686587753e-02
3.716209207996997721e-01 4.323161106956063815e-02
3.631916092451412670e-01 4.332969722061090490e-02
3.547664179857377142e-01 4.340436451464580597e-02
3.463454210369603103e-01 4.345492423834623058e-02
3.379286254637589026e-01 4.348069023311687542e-02
3.295160748762592795e-01 4.348097804345173872e-02
3.211077952189602125e-01 4.345510521432892348e-02
3.127029962579232492e-01 4.340243781002113554e-02
3.043010792575258083e-01 4.332251151775157183e-02
2.959021235247137338e-01 4.321490062733462922e-02
2.875062013328406607e-01 4.307918005339438083e-02
2.791133973150884962e-01 4.291492562575419112e-02
2.707237956187480976e-01 4.272171398112261514e-02
2.623374798853922441e-01 4.249912255519097681e-02
2.539545471304160973e-01 4.224673001755036711e-02
2.455750767488382447e-01 4.196411541448059196e-02
2.371991397708682059e-01 4.165085821460584592e-02
2.288268176026728995e-01 4.130653895687046162e-02
2.204581910433110470e-01 4.093073892845819350e-02
2.120933402643643828e-01 4.052304015231016077e-02
2.037323521768557022e-01 4.008302577705845360e-02
1.953753140859823823e-01 3.961027983903415983e-02
1.870225395551683156e-01 3.910440135800015427e-02
1.786901224539267918e-01 3.856508084659316521e-02
1.703926232084952419e-01 3.798876494920778307e-02
1.621309136117564387e-01 3.737045083359999409e-02
1.539057405011931834e-01 3.670524785661705841e-02
1.457178313335852626e-01 3.598838124939387345e-02
1.375678889417533968e-01 3.521518874826190526e-02
1.294566519699345553e-01 3.438112405585293935e-02
1.213846819288528639e-01 3.348173184314845452e-02
1.133506837242308635e-01 3.251253163298603588e-02
1.053530242262770561e-01 3.146942205923760477e-02
9.739156224832998254e-02 3.034862416660041515e-02
8.946610757040704409e-02 2.914641871352271346e-02
8.157641785563113368e-02 2.785914003844022421e-02
7.372219682573832866e-02 2.648316958645276220e-02
6.590316867620757413e-02 2.501494373597720755e-02
5.812063768778526207e-02 2.345127556462863264e-02
5.052419539416884431e-02 2.181314119725465822e-02
4.325070858962148240e-02 2.009736531256075057e-02
3.629980069506947432e-02 1.827456914173730684e-02
2.967927380930657569e-02 1.632517140711313430e-02
2.336885318636692382e-02 1.422705999001565823e-02
1.729360624258495516e-02 1.194101360119873695e-02
1.135906095894264126e-02 9.416927417368818609e-03
6.007848850460888006e-03 6.864862116482423754e-03
3.727435315460109286e-03 5.566121949064516475e-03
2.429984360987221502e-03 4.580714733371457799e-03
1.594778706346188391e-03 3.732096025175101438e-03
9.788783415423929751e-04 2.887941529772803523e-03
5.310652538562771977e-04 2.027966323872509510e-03
2.532202959528885708e-04 1.230435744157924510e-03
1.140230148493999375e-04 5.168259764142203640e-04
8.818309203984775447e-05 -1.942117850010427807e-04
1.614166509393378331e-04 -7.717843733339557321e-04
3.103309723118541775e-04 -1.300479603920179274e-03
5.336254291831019547e-04 -1.796939267571628484e-03
8.627810073486796806e-04 -2.296105933920677012e-03
1.336981846172519963e-03 -2.800059022557916180e-03
1.897037367409374698e-03 -3.241339731347538718e-03
3.075636950099129227e-03 -3.920952340996215757e-03
5.464647516710943558e-03 -4.941296522158941489e-03
9.346935344587458186e-03 -6.234035476027765567e-03
1.374396405535681202e-02 -7.284294535208095042e-03
1.901612213089638043e-02 -8.137570938145943095e-03
2.591678283482019840e-02 -8.906868841081454560e-03
3.390892971941926459e-02 -9.668488410901092053e-03
4.196924843209897532e-02 -1.035536836173890640e-02
5.009240413699124483e-02 -1.097419533120892222e-02
5.827190282096243040e-02 -1.153189757098582562e-02
6.648217941785339313e-02 -1.203299540277570114e-02
7.471129021572001094e-02 -1.247976859231511061e-02
8.295929689061315448e-02 -1.287487912948012680e-02
9.122624842692102221e-02 -1.322102154739592667e-02
9.951218245370312132e-02 -1.352092407502273295e-02
1.078171265612126312e-01 -1.377734969386215647e-02
1.161411280051388994e-01 -1.399309777848724290e-02
1.244842936140394679e-01 -1.417100510538978932e-02
1.328465148099605975e-01 -1.431394125967614013e-02
1.412277915280177321e-01 -1.442481729717240424e-02
1.496281196757356935e-01 -1.450658325674014475e-02
1.580474921610150463e-01 -1.456222885902562145e-02
1.664859278197184378e-01 -1.459478425412641736e-02
1.749435738136855822e-01 -1.460732041836074191e-02
1.834202449160828030e-01 -1.460294938401958224e-02
1.919155550256985421e-01 -1.458482525490715706e-02
2.004181454414477315e-01 -1.455537443579371128e-02
2.089214306925396558e-01 -1.451505194890747967e-02
2.174254091545491097e-01 -1.446399549709835065e-02
2.259300717387519308e-01 -1.440234291338184612e-02
2.344354152090406262e-01 -1.433023208582343694e-02
2.429414363094665463e-01 -1.424780098184363214e-02
2.514481413814246835e-01 -1.415518753800620866e-02
2.599555182332140557e-01 -1.405252995975540820e-02
2.684635628576521604e-01 -1.393996646122983192e-02
2.769722719258904120e-01 -1.381763532944815277e-02
2.854816470587074884e-01 -1.368567485182254143e-02
2.939916853790942031e-01 -1.354422345109470086e-02
3.025023780823311026e-01 -1.339341973682418342e-02
3.110137217775919005e-01 -1.323340231802843867e-02
3.195257136707572165e-01 -1.306430987197806232e-02
3.280383596184896500e-01 -1.288628096853057861e-02
3.365516463259860536e-01 -1.269945465032634550e-02
3.450655703508164751e-01 -1.250396985029191346e-02
3.535801282392834755e-01 -1.229996558246247013e-02
3.620953236540895293e-01 -1.208758076084370282e-02
3.706111494591355360e-01 -1.186695463807735731e-02
3.791275987241928269e-01 -1.163822655676007879e-02
3.876446679561083020e-01 -1.140153585664534577e-02
3.961623571024213697e-01 -1.115702185840334627e-02
4.046806664240916174e-01 -1.090482394229870707e-02
4.131995852037875228e-01 -1.064508189663812207e-02
4.217191099179775637e-01 -1.037793538796794209e-02
4.302392371106820157e-01 -1.010352416214018584e-02
4.387599738424783347e-01 -9.821987694523033607e-03
4.472813059212582543e-01 -9.533466235978565670e-03
4.558032298015913808e-01 -9.238099780659089072e-03
4.643257576227016736e-01 -8.936027884454671860e-03
4.728495665774326007e-01 -8.627410299319097572e-03
4.813751213356690650e-01 -8.312541818088279091e-03
4.899024265795736133e-01 -7.991757039710929364e-03
4.984314931576484531e-01 -7.665390807763509083e-03
5.069623449901612400e-01 -7.333777920298645107e-03
5.154949932239863974e-01 -6.997254121192022190e-03
5.240294355016927863e-01 -6.656156167974991433e-03
5.325656827094893409e-01 -6.310820776105891330e-03
5.411037549104196209e-01 -5.961584753363748795e-03
5.496436715658730154e-01 -5.608785388663047738e-03
5.581854260208328755e-01 -5.252761525387244015e-03
5.667290292280702246e-01 -4.893851762507379563e-03
5.752744991563889521e-01 -4.532394874098680075e-03
5.838218601375289030e-01 -4.168729829971793907e-03
5.923711029744715972e-01 -3.803197502510248604e-03
6.009221919508089815e-01 -3.436140334178765677e-03
6.094729984294569025e-01 -3.067852030827611116e-03
6.180218831488061282e-01 -2.698170586377673149e-03
6.265688759627561222e-01 -2.326777863964667962e-03
6.351139964672800620e-01 -1.953356577976952165e-03
6.436572595010366937e-01 -1.577590062229183203e-03
6.521986692530009622e-01 -1.199162539358977113e-03
6.607382658312652701e-01 -8.177570530457688516e-04
6.692776182135411478e-01 -4.329890303526948560e-04
6.777763959211083877e-01 -5.124943882110448429e-05
6.861425377761816158e-01 3.034880513508635895e-04
6.943812383574560210e-01 6.103229136556612752e-04
7.025004173516206096e-01 8.503482913433615563e-04
7.106305245914467106e-01 1.015844970517315073e-03
7.188809107794783548e-01 1.121905095534594639e-03
7.272567227925620381e-01 1.187175602047483864e-03
7.357617295328668927e-01 1.232071924361112774e-03
7.443264685089969745e-01 1.273925119858426106e-03
7.528881215659055659e-01 1.315188253139232136e-03
7.614462826774524018e-01 1.355268234959870971e-03
7.700009602494213290e-01 1.393575430793507833e-03
7.785521536486611494e-01 1.429521590644200436e-03
7.870998427699151812e-01 1.462519823780259300e-03
7.956440738938537205e-01 1.491984920746582295e-03
8.041848554139560123e-01 1.517332915881388017e-03
8.127221933573962609e-01 1.537981243104572827e-03
8.212560556930583733e-01 1.553348687109846636e-03
8.297864940263606215e-01 1.562855609080720902e-03
8.383135168125301906e-01 1.565923645451111493e-03
8.468371325386687687e-01 1.561975820437030765e-03
8.553573153533214901e-01 1.550436604385804296e-03
8.638740991271665060e-01 1.530731815274286251e-03
8.723875261442322060e-01 1.502288521098342489e-03
8.808990846986795020e-01 1.464617115742278698e-03
8.894101346539076136e-01 1.417555153630086764e-03
8.979206700241728623e-01 1.361021216638567781e-03
9.064306741199289474e-01 1.294933940864518738e-03
9.149401265189229804e-01 1.219212010156736029e-03
9.234490068071055102e-01 1.133774137510436351e-03
9.319572887938296635e-01 1.038539133178586213e-03
9.404649575459181898e-01 9.334257180197187568e-04
9.489719929972716406e-01 8.183526892597098009e-04
9.574783747691946179e-01 6.932388767010097411e-04
9.659840795412610870e-01 5.580031879944897166e-04
9.744890867652264976e-01 4.125645252737350195e-04
9.829933792322351760e-01 2.568417579206430787e-04
9.914969366029497966e-01 9.075383251793106131e-05
9.999997385484700185e-01 -8.578027522022439982e-05
