Airfoils2D_190
9.997438788414001465e-01 5.607248385786078870e-05
9.922537803649902344e-01 1.029603416100144386e-03
9.838221669197082520e-01 1.987470313906669617e-03
9.747138023376464844e-01 2.928722184151411057e-03
9.651932716369628906e-01 3.852408146485686302e-03
9.509847164154052734e-01 5.186880938708782196e-03
9.417459368705749512e-01 6.059526465833187103e-03
9.327639937400817871e-01 6.930634845048189163e-03
9.241797327995300293e-01 7.795554120093584061e-03
9.161260128021240234e-01 8.636534214019775391e-03
9.076952934265136719e-01 9.523426182568073273e-03
8.992524147033691406e-01 1.042819675058126450e-02
8.907982110977172852e-01 1.132648345082998276e-02
8.823375701904296875e-01 1.221726462244987488e-02
8.738693594932556152e-01 1.310569327324628830e-02
8.653795719146728516e-01 1.397562306374311447e-02
8.568557500839233398e-01 1.483158022165298462e-02
8.483183383941650391e-01 1.566464640200138092e-02
8.397781252861022949e-01 1.645511575043201447e-02
8.312430381774902344e-01 1.720103062689304352e-02
8.227261304855346680e-01 1.788805238902568817e-02
8.142259120941162109e-01 1.852128840982913971e-02
8.057461977005004883e-01 1.912832818925380707e-02
7.972902655601501465e-01 1.973147690296173096e-02
7.888392806053161621e-01 2.034245245158672333e-02
7.803810238838195801e-01 2.097732014954090118e-02
7.719081640243530273e-01 2.163744345307350159e-02
7.634164690971374512e-01 2.230765856802463531e-02
7.549067735671997070e-01 2.298634871840476990e-02
7.463867068290710449e-01 2.365408092737197876e-02
7.378623485565185547e-01 2.431165985763072968e-02
7.293499708175659180e-01 2.496243268251419067e-02
7.208486199378967285e-01 2.561298944056034088e-02
7.123506665229797363e-01 2.625648304820060730e-02
7.038610577583312988e-01 2.690663002431392670e-02
6.953737139701843262e-01 2.756379730999469757e-02
6.868870854377746582e-01 2.821492962539196014e-02
6.783951520919799805e-01 2.886169590055942535e-02
6.698991656303405762e-01 2.949553728103637695e-02
6.614056229591369629e-01 3.011716902256011963e-02
6.529135704040527344e-01 3.072626329958438873e-02
6.444136500358581543e-01 3.131217882037162781e-02
6.358986496925354004e-01 3.188073262572288513e-02
6.273823380470275879e-01 3.245608881115913391e-02
6.188564300537109375e-01 3.301500156521797180e-02
6.103276014328002930e-01 3.356347978115081787e-02
6.017888784408569336e-01 3.409516066312789917e-02
5.932382941246032715e-01 3.460631519556045532e-02
5.846754908561706543e-01 3.510713577270507812e-02
5.761029124259948730e-01 3.560156747698783875e-02
5.675207972526550293e-01 3.607956320047378540e-02
5.589349865913391113e-01 3.656022250652313232e-02
5.503659844398498535e-01 3.704418241977691650e-02
5.418151617050170898e-01 3.750909492373466492e-02
5.333064794540405273e-01 3.797125443816184998e-02
5.248296856880187988e-01 3.839710727334022522e-02
5.163611769676208496e-01 3.879171982407569885e-02
5.078850984573364258e-01 3.916369378566741943e-02
4.993987977504730225e-01 3.952401131391525269e-02
4.908979237079620361e-01 3.986756876111030579e-02
4.823792278766632080e-01 4.020110890269279480e-02
4.738486707210540771e-01 4.052490368485450745e-02
4.653125405311584473e-01 4.084235802292823792e-02
4.567997753620147705e-01 4.115527495741844177e-02
4.483000338077545166e-01 4.144421219825744629e-02
4.398017823696136475e-01 4.171990603208541870e-02
4.313040077686309814e-01 4.198491945862770081e-02
4.228067696094512939e-01 4.224660992622375488e-02
4.143011569976806641e-01 4.249354824423789978e-02
4.057793915271759033e-01 4.272587597370147705e-02
3.972502648830413818e-01 4.294195771217346191e-02
3.887171149253845215e-01 4.313808307051658630e-02
3.801941275596618652e-01 4.331050440669059753e-02
3.716917037963867188e-01 4.345490783452987671e-02
3.632029891014099121e-01 4.357472062110900879e-02
3.547255694866180420e-01 4.367447271943092346e-02
3.462565541267395020e-01 4.375274851918220520e-02
3.377797901630401611e-01 4.380050674080848694e-02
3.293018639087677002e-01 4.382539168000221252e-02
3.208333551883697510e-01 4.382139444351196289e-02
3.123661875724792480e-01 4.379206150770187378e-02
3.039006590843200684e-01 4.374273121356964111e-02
2.954516112804412842e-01 4.367499426007270813e-02
2.869946062564849854e-01 4.359221085906028748e-02
2.785391509532928467e-01 4.349427297711372375e-02
2.700868844985961914e-01 4.336797073483467102e-02
2.616375684738159180e-01 4.320136457681655884e-02
2.532189190387725830e-01 4.299662634730339050e-02
2.448180019855499268e-01 4.276469349861145020e-02
2.364180237054824829e-01 4.251594468951225281e-02
2.280136644840240479e-01 4.225923493504524231e-02
2.196240127086639404e-01 4.198611527681350708e-02
2.112288177013397217e-01 4.169912263751029968e-02
2.028433233499526978e-01 4.138004407286643982e-02
1.944677382707595825e-01 4.100791364908218384e-02
1.861257851123809814e-01 4.057023301720619202e-02
1.778310388326644897e-01 4.006960615515708923e-02
1.695477813482284546e-01 3.953780233860015869e-02
1.612760871648788452e-01 3.896627947688102722e-02
1.530285477638244629e-01 3.837481513619422913e-02
1.448288112878799438e-01 3.775680437684059143e-02
1.366631984710693359e-01 3.712044656276702881e-02
1.285374015569686890e-01 3.644010052084922791e-02
1.204574629664421082e-01 3.569971024990081787e-02
1.124423146247863770e-01 3.486872464418411255e-02
1.044704020023345947e-01 3.394961729645729065e-02
9.652534872293472290e-02 3.293937444686889648e-02
8.860863000154495239e-02 3.181599080562591553e-02
8.073804527521133423e-02 3.060198202729225159e-02
7.294158637523651123e-02 2.928180061280727386e-02
6.524888426065444946e-02 2.786459214985370636e-02
5.769992247223854065e-02 2.635624259710311890e-02
5.035705491900444031e-02 2.475211396813392639e-02
4.327266290783882141e-02 2.301122248172760010e-02
3.648219257593154907e-02 2.114882133901119232e-02
3.005534596741199493e-02 1.913108117878437042e-02
2.406354434788227081e-02 1.695997454226016998e-02
1.860716938972473145e-02 1.467554178088903427e-02
1.379343494772911072e-02 1.231377199292182922e-02
9.712103754281997681e-03 9.998570196330547333e-03
6.418120115995407104e-03 7.837441749870777130e-03
3.927868790924549103e-03 5.914669018238782883e-03
2.170788357034325600e-03 4.276749212294816971e-03
1.028864528052508831e-03 2.958140568807721138e-03
3.710489254444837570e-04 1.892436179332435131e-03
5.002936450182460248e-05 1.023665070533752441e-03
-6.480472802650183439e-05 2.919230319093912840e-04
-4.837873711949214339e-05 -3.848304331768304110e-04
4.623605491360649467e-05 -1.014086767099797726e-03
2.119582350132986903e-04 -1.646864460781216621e-03
4.923536907881498337e-04 -2.300614956766366959e-03
9.419286507181823254e-04 -2.979407086968421936e-03
1.677089836448431015e-03 -3.711388213559985161e-03
2.863681875169277191e-03 -4.538650624454021454e-03
4.671280737966299057e-03 -5.458055064082145691e-03
7.272404152899980545e-03 -6.472567562013864517e-03
1.082515157759189606e-02 -7.592459674924612045e-03
1.538488361984491348e-02 -8.755943737924098969e-03
2.092445641756057739e-02 -9.924429468810558319e-03
2.733891829848289490e-02 -1.103395968675613403e-02
3.443267196416854858e-02 -1.203266996890306473e-02
4.199284687638282776e-02 -1.290493179112672806e-02
4.984512180089950562e-02 -1.364374347031116486e-02
5.784540250897407532e-02 -1.424559205770492554e-02
6.592282652854919434e-02 -1.475224643945693970e-02
7.405061274766921997e-02 -1.520054508000612259e-02
8.222813904285430908e-02 -1.557798404246568680e-02
9.046205133199691772e-02 -1.589787751436233521e-02
9.877309948205947876e-02 -1.616640202701091766e-02
1.071462482213973999e-01 -1.639934256672859192e-02
1.155589297413825989e-01 -1.659705862402915955e-02
1.240052580833435059e-01 -1.676131226122379303e-02
1.324660331010818481e-01 -1.689429767429828644e-02
1.409424543380737305e-01 -1.701186038553714752e-02
1.494178175926208496e-01 -1.711328886449337006e-02
1.579033881425857544e-01 -1.717677712440490723e-02
1.663962155580520630e-01 -1.721958816051483154e-02
1.749146133661270142e-01 -1.724666915833950043e-02
1.834446489810943604e-01 -1.727198064327239990e-02
1.919900774955749512e-01 -1.728990487754344940e-02
2.005338966846466064e-01 -1.729827001690864563e-02
2.090616673231124878e-01 -1.729833707213401794e-02
2.175811976194381714e-01 -1.728972047567367554e-02
2.260821014642715454e-01 -1.726430095732212067e-02
2.345903515815734863e-01 -1.722123287618160248e-02
2.431173473596572876e-01 -1.717925071716308594e-02
2.516707777976989746e-01 -1.712962798774242401e-02
2.602408528327941895e-01 -1.707310043275356293e-02
2.688267529010772705e-01 -1.700176671147346497e-02
2.774004638195037842e-01 -1.690785400569438934e-02
2.859514057636260986e-01 -1.680750399827957153e-02
2.944947183132171631e-01 -1.668645627796649933e-02
3.030258417129516602e-01 -1.653786376118659973e-02
3.115589618682861328e-01 -1.638047024607658386e-02
3.201058506965637207e-01 -1.621488295495510101e-02
3.286653757095336914e-01 -1.603791117668151855e-02
3.372274935245513916e-01 -1.585534960031509399e-02
3.457889258861541748e-01 -1.566699706017971039e-02
3.543423712253570557e-01 -1.547905616462230682e-02
3.628931939601898193e-01 -1.532424893230199814e-02
3.714604675769805908e-01 -1.515739131718873978e-02
3.800298571586608887e-01 -1.497863139957189560e-02
3.885993361473083496e-01 -1.478431280702352524e-02
3.971761763095855713e-01 -1.455730199813842773e-02
4.057574570178985596e-01 -1.429704576730728149e-02
4.143313169479370117e-01 -1.401648763567209244e-02
4.229114353656768799e-01 -1.372250728309154510e-02
4.314976334571838379e-01 -1.343707740306854248e-02
4.400886297225952148e-01 -1.319025084376335144e-02
4.486872553825378418e-01 -1.294967532157897949e-02
4.572793543338775635e-01 -1.273247599601745605e-02
4.658609330654144287e-01 -1.252357754856348038e-02
4.744298756122589111e-01 -1.231021061539649963e-02
4.829824566841125488e-01 -1.208136882632970810e-02
4.915186464786529541e-01 -1.184255909174680710e-02
5.000542998313903809e-01 -1.158470287919044495e-02
5.085910558700561523e-01 -1.131375227123498917e-02
5.171251296997070312e-01 -1.106041204184293747e-02
5.256633162498474121e-01 -1.080601010471582413e-02
5.342140197753906250e-01 -1.055052503943443298e-02
5.427863001823425293e-01 -1.028560195118188858e-02
5.513756275177001953e-01 -1.001067645847797394e-02
5.599654316902160645e-01 -9.717633947730064392e-03
5.685515999794006348e-01 -9.412247687578201294e-03
5.771397948265075684e-01 -9.089267812669277191e-03
5.857287645339965820e-01 -8.760921657085418701e-03
5.942984819412231445e-01 -8.464696817100048065e-03
6.028466224670410156e-01 -8.157397620379924774e-03
6.113859415054321289e-01 -7.828054949641227722e-03
6.199206709861755371e-01 -7.487415336072444916e-03
6.284419894218444824e-01 -7.141241338104009628e-03
6.369398236274719238e-01 -6.778114940971136093e-03
6.454354524612426758e-01 -6.409881170839071274e-03
6.539528965950012207e-01 -6.046080030500888824e-03
6.624930500984191895e-01 -5.693955346941947937e-03
6.710395216941833496e-01 -5.351718980818986893e-03
6.796010732650756836e-01 -4.992668051272630692e-03
6.881738305091857910e-01 -4.628175403922796249e-03
6.967337727546691895e-01 -4.291471093893051147e-03
7.052680850028991699e-01 -3.972177393734455109e-03
7.137686610221862793e-01 -3.664299612864851952e-03
7.222508788108825684e-01 -3.369865706190466881e-03
7.307214140892028809e-01 -3.092561149969696999e-03
7.391840219497680664e-01 -2.806104952469468117e-03
7.476397156715393066e-01 -2.479897812008857727e-03
7.561178803443908691e-01 -2.130535431206226349e-03
7.646126151084899902e-01 -1.766323344781994820e-03
7.731166481971740723e-01 -1.427044742740690708e-03
7.816276550292968750e-01 -1.110716257244348526e-03
7.901436090469360352e-01 -8.292670245282351971e-04
7.986636757850646973e-01 -5.837733042426407337e-04
8.071813583374023438e-01 -3.837708791252225637e-04
8.156910538673400879e-01 -2.083450090140104294e-04
8.241806626319885254e-01 -3.401972571737132967e-05
8.326677680015563965e-01 1.172680276795290411e-04
8.411404490470886230e-01 2.759715716820210218e-04
8.495903015136718750e-01 4.300353757571429014e-04
8.580198884010314941e-01 5.719291511923074722e-04
8.664370179176330566e-01 7.135674240998923779e-04
8.748399019241333008e-01 8.560697897337377071e-04
8.832346200942993164e-01 9.882561862468719482e-04
8.916129469871520996e-01 1.100311521440744400e-03
8.999828696250915527e-01 1.192657859064638615e-03
9.083538055419921875e-01 1.231918577104806900e-03
9.167132377624511719e-01 1.237214426510035992e-03
9.250504970550537109e-01 1.201926730573177338e-03
9.337642192840576172e-01 1.108583644963800907e-03
9.419695734977722168e-01 9.975316934287548065e-04
9.497966766357421875e-01 8.900470566004514694e-04
9.573736190795898438e-01 7.995780906639993191e-04
9.648120403289794922e-01 7.266910979524254799e-04
9.683911204338073730e-01 6.949153612367808819e-04
9.756318330764770508e-01 6.114302086643874645e-04
9.831616282463073730e-01 4.830302787013351917e-04
9.911953210830688477e-01 2.877117367461323738e-04
9.999477863311767578e-01 3.470749106782022864e-06
