Airfoils1D_526F
1.000002879881005002e+00 6.013018335024179588e-04
9.915449794788961935e-01 1.559793901983334667e-03
9.830852334201577447e-01 2.507404507646278716e-03
9.746236579995192217e-01 3.444256468922694651e-03
9.661602695389390760e-01 4.370472664647630581e-03
9.576950790434640703e-01 5.286176608997193022e-03
9.492281042454742135e-01 6.191491138148598819e-03
9.407593655080446204e-01 7.086538882849408895e-03
9.322888792570965810e-01 7.971442966336570249e-03
9.238166602600018651e-01 8.846326746258384791e-03
9.153427189530509711e-01 9.711314076123418737e-03
9.068670795332222090e-01 1.056652746534124040e-02
8.983897585215948611e-01 1.141209028520066143e-02
8.899107724615735737e-01 1.224812596943673434e-02
8.814301301905237418e-01 1.307475876335328219e-02
8.729478542539570451e-01 1.389211162958176732e-02
8.644639630080118708e-01 1.470030801920495754e-02
8.559784730807092901e-01 1.549947161786250326e-02
8.474913965191591680e-01 1.628972660045872184e-02
8.390027496261404094e-01 1.707119679834530335e-02
8.305125540335858148e-01 1.784400562476409768e-02
8.220208264460741043e-01 1.860827701984667584e-02
8.135275818764364786e-01 1.936413513891100530e-02
8.050328308506462527e-01 2.011170458874823874e-02
7.965365980307261839e-01 2.085110879444250845e-02
7.880389001901165758e-01 2.158247195281670291e-02
7.795397541182409462e-01 2.230591832507900982e-02
7.710391678637381618e-01 2.302157297008552983e-02
7.625371660432671561e-01 2.372955960856313468e-02
7.540337664342600110e-01 2.443000261610777518e-02
7.455289858859409646e-01 2.512302651289483740e-02
7.370228348511732586e-01 2.580875639799495511e-02
7.285153494597876866e-01 2.648731537763296742e-02
7.200078373424224631e-01 2.715865279293009152e-02
7.115016335783221901e-01 2.782241278371119092e-02
7.029967612443219771e-01 2.847826536396706396e-02
6.944932167045581028e-01 2.912588313183242170e-02
6.859909776801242920e-01 2.976494054304495290e-02
6.774900365746696629e-01 3.039511136087722637e-02
6.689903886701455971e-01 3.101606958584199672e-02
6.604920453776359501e-01 3.162748852548155631e-02
6.519949771517017378e-01 3.222904489695620905e-02
6.434991764102991896e-01 3.282041424487444625e-02
6.350046355657126274e-01 3.340127255749201357e-02
6.265113648465004959e-01 3.397129508138085896e-02
6.180193452021883749e-01 3.453015950667020356e-02
6.095285625121654727e-01 3.507754359186495557e-02
6.010390091247259647e-01 3.561312509723481984e-02
5.925506837658546244e-01 3.613658183368260307e-02
5.840635897093608975e-01 3.664759181791776149e-02
5.755777017140494278e-01 3.714583522471599092e-02
5.670930119932284796e-01 3.763099157619406027e-02
5.586095127149686146e-01 3.810274083236597775e-02
5.501272127122045497e-01 3.856076250133515237e-02
5.416460938681918469e-01 3.900473802408314233e-02
5.331661415335363641e-01 3.943434903518492490e-02
5.246873476427648120e-01 3.984927723849698150e-02
5.162097056810273088e-01 4.024920469532244222e-02
5.077332270023093841e-01 4.063381311206948343e-02
4.992578819999055062e-01 4.100278651218090820e-02
4.907836622882484345e-01 4.135580832307783616e-02
4.823105593882631714e-01 4.169256239865148927e-02
4.738385720404887924e-01 4.201273274812791086e-02
4.653676991528600815e-01 4.231600385285150256e-02
4.568979352949693040e-01 4.260206077356352983e-02
4.484301096854177437e-01 4.287050907243219328e-02
4.399648665523770985e-01 4.312080666504983228e-02
4.315022991786380824e-01 4.335240267343752618e-02
4.230424839829107775e-01 4.356474811478975445e-02
4.145854749073540901e-01 4.375729583574160253e-02
4.061313458663305398e-01 4.392949942795416202e-02
3.976801705578023594e-01 4.408081380067749994e-02
3.892320376994520270e-01 4.421069496370692853e-02
3.807870261629663355e-01 4.431860051012596891e-02
3.723451876346152156e-01 4.440398964598767789e-02
3.639065947031850934e-01 4.446632253056198580e-02
3.554713196187910818e-01 4.450506062560181941e-02
3.470394392731660504e-01 4.451966668937914345e-02
3.386110498331972307e-01 4.450960488483484551e-02
3.301861923878096072e-01 4.447434065051331792e-02
3.217649375601291384e-01 4.441334060989072380e-02
3.133473554999466337e-01 4.432607265914262351e-02
3.049335158556366054e-01 4.421200595896411512e-02
2.965235078899207122e-01 4.407061129744149069e-02
2.881173926389410389e-01 4.390136037485041498e-02
2.797152250970651455e-01 4.370372589346567527e-02
2.713170726053172888e-01 4.347718197464133655e-02
2.629230018565749116e-01 4.322120394907385393e-02
2.545330788654920906e-01 4.293526834268836939e-02
2.461473930561498547e-01 4.261885381597821376e-02
2.377659914473792546e-01 4.227143874932215439e-02
2.293889308512809810e-01 4.189250290853091530e-02
2.210162742482504883e-01 4.148152743589779423e-02
2.126480837866365770e-01 4.103799457963402258e-02
2.042844207518860200e-01 4.056138767209326729e-02
1.959253626830080863e-01 4.005119218825454325e-02
1.875713365272992927e-01 3.950691777665423648e-02
1.792379270639453959e-01 3.892815179683821458e-02
1.709370549645423121e-01 3.831146455368082682e-02
1.626695867933090067e-01 3.765226110094478662e-02
1.544363752676522761e-01 3.694604759329155053e-02
1.462382549399063869e-01 3.618842885203994719e-02
1.380760376942097301e-01 3.537510581309104979e-02
1.299505080956978031e-01 3.450187278993251810e-02
1.218622785864749564e-01 3.356459787740685707e-02
1.138039436388906672e-01 3.255871456666240005e-02
1.057691199105139090e-01 3.148118937349571322e-02
9.775728951124489086e-02 3.032996864853040181e-02
8.976791344879314627e-02 2.910300723311411500e-02
8.180043125128293180e-02 2.779826624350153347e-02
7.385426070004963428e-02 2.641371075376931776e-02
6.592879768139553454e-02 2.494730738595081487e-02
5.802959156382344469e-02 2.339825288990741992e-02
5.038149050102788684e-02 2.179780176694533569e-02
4.313520491562987391e-02 2.013391798804551464e-02
3.627076620322607775e-02 1.836673958610784974e-02
2.977786380335051275e-02 1.646899061484310978e-02
2.351890084288313365e-02 1.438394962408672331e-02
1.733626007931017218e-02 1.205649800619619863e-02
1.114832491518320985e-02 9.449902685109545092e-03
5.758277439048916160e-03 6.946367753783573053e-03
3.597509515178248189e-03 5.738053129362699276e-03
2.393951280519013465e-03 4.829087860334355109e-03
1.560055555773865376e-03 3.977376284043360362e-03
9.536234708671373957e-04 3.127328505945409665e-03
4.895360928334683941e-04 2.194117331369818073e-03
2.127324175485446856e-04 1.343135308768324786e-03
6.689570255404735707e-05 4.961321553330871447e-04
5.419617819063089840e-05 -2.412526280101572919e-04
1.374799042244628593e-04 -8.529458881192933037e-04
3.064547908458782632e-04 -1.430628632628904969e-03
5.580457654562993256e-04 -1.961903046131456812e-03
8.889769533415742839e-04 -2.434649412909124528e-03
1.295617127901530939e-03 -2.840534911459679027e-03
1.844811830812770597e-03 -3.233204898448945389e-03
2.784809307481159093e-03 -3.703815431716266093e-03
4.627519846285622386e-03 -4.353379164723284594e-03
1.008302678007584087e-02 -5.997603536605979925e-03
1.637267834955992082e-02 -7.609388606962661471e-03
2.287954416515600164e-02 -8.997279567983459264e-03
2.963363805819290916e-02 -1.018108431519157073e-02
3.665499220624952870e-02 -1.118100653764654041e-02
4.397491535620439568e-02 -1.202326561171682302e-02
5.161794886573452951e-02 -1.273950757015394723e-02
5.961673919181823683e-02 -1.337146122254945051e-02
6.781847213174366229e-02 -1.394976203823968669e-02
7.604065846296283182e-02 -1.447224140832939140e-02
8.428060925293899552e-02 -1.494106598412737671e-02
9.253828962149594772e-02 -1.535862541159420912e-02
1.008136535310983073e-01 -1.572733569901408821e-02
1.091066448796529503e-01 -1.604964006907745253e-02
1.174172373294160299e-01 -1.632801093343416721e-02
1.257454093106309123e-01 -1.656494897641534389e-02
1.340909988053445023e-01 -1.676298049863197970e-02
1.424539200005071060e-01 -1.692466472620274623e-02
1.508340821669009457e-01 -1.705259139602992996e-02
1.592313905817089870e-01 -1.714938126987694197e-02
1.676457474050449259e-01 -1.721768661936061082e-02
1.760772116896333339e-01 -1.726019226471377579e-02
1.845255486057043870e-01 -1.727961350472268995e-02
1.929905279010486752e-01 -1.727870000861433941e-02
2.014648683142968577e-01 -1.725983255788264559e-02
2.099415882129573030e-01 -1.722382048043293729e-02
2.184206248685658935e-01 -1.717108290712932028e-02
2.269019576907539970e-01 -1.710203985499507764e-02
2.353855859872092948e-01 -1.701711205072749949e-02
2.438715121307757083e-01 -1.691672095681784685e-02
2.523597436153766083e-01 -1.680128871562510534e-02
2.608503029361545211e-01 -1.667123794847448492e-02
2.693431666742117647e-01 -1.652699272156214760e-02
2.778383367292897033e-01 -1.636897754218744061e-02
2.863358149071354997e-01 -1.619761768471532359e-02
2.948356212046218117e-01 -1.601333878318031770e-02
3.033377525597228397e-01 -1.581656768648662115e-02
3.118421971746539456e-01 -1.560773226782324191e-02
3.203489565633322322e-01 -1.538726089631120217e-02
3.288580354676690631e-01 -1.515558262737268236e-02
3.373694613474305104e-01 -1.491312661739322386e-02
3.458832064543074236e-01 -1.466032435242267846e-02
3.543992721375446298e-01 -1.439760732716521135e-02
3.629176597232464663e-01 -1.412540782077349559e-02
3.714383950632966225e-01 -1.384415807576904953e-02
3.799614639235173175e-01 -1.355429240862105617e-02
3.884868587832871478e-01 -1.325624575176295554e-02
3.970145809389458158e-01 -1.295045354154624948e-02
4.055446478212856865e-01 -1.263735140751368405e-02
4.140770628017049204e-01 -1.231737625570647823e-02
4.226118092251530678e-01 -1.199096655940093056e-02
4.311488884465258797e-01 -1.165856093496994358e-02
4.396883125027338801e-01 -1.132059837112217755e-02
4.482300965719188679e-01 -1.097751850547743109e-02
4.567742178761228233e-01 -1.062976330676063987e-02
4.653206601206201221e-01 -1.027777533034849970e-02
4.738675950689354988e-01 -9.921966142308173003e-03
4.824131922348929846e-01 -9.562327663974896572e-03
4.909574497401530957e-01 -9.198672957091088426e-03
4.995003694592044519e-01 -8.830815071687734413e-03
5.080419510503622060e-01 -8.458567298511325203e-03
5.165821860413951638e-01 -8.081743437615824394e-03
5.251210889971862361e-01 -7.700156420248613354e-03
5.336586618521752534e-01 -7.313619867690710451e-03
5.421949060101050044e-01 -6.921947568496025771e-03
5.507298098469269876e-01 -6.524954065349717301e-03
5.592633895288765533e-01 -6.122452759369184302e-03
5.677956470596563499e-01 -5.714257839188001571e-03
5.763265844617275757e-01 -5.300183634391046616e-03
5.848561909047770291e-01 -4.880045253986825017e-03
5.933844797080169986e-01 -4.453656770536859426e-03
6.019115742995740925e-01 -4.020826732773349725e-03
6.104470185070897115e-01 -3.581434165258865279e-03
6.190006520728408290e-01 -3.137545976775888302e-03
6.275583605382684116e-01 -2.693043583801148048e-03
6.360985458079527755e-01 -2.252204204915804215e-03
6.446208445162794343e-01 -1.818166422167402565e-03
6.531253456312648975e-01 -1.394005157252306473e-03
6.616123597649941068e-01 -9.827447061744921681e-04
6.700822574085292249e-01 -5.873683851604485700e-04
6.785392744895929473e-01 -2.104197254542633044e-04
6.869875156493788770e-01 1.464842291793652391e-04
6.954269632487268815e-01 4.817772463929928875e-04
7.038577113081591063e-01 7.939081446154916356e-04
7.122797901981010593e-01 1.081333385267991632e-03
7.206932167721976645e-01 1.342519329556067899e-03
7.290980088121581382e-01 1.575942733036734059e-03
7.374942103986150688e-01 1.780091217120825797e-03
7.458993390776886834e-01 1.954795951339687640e-03
7.543306083524552452e-01 2.103642078666268563e-03
7.627881891423823335e-01 2.230825937628096341e-03
7.712722049967035698e-01 2.340621135369687442e-03
7.797828638118300404e-01 2.437382296070215310e-03
7.883204756748706243e-01 2.525546723637550096e-03
7.968843566898260455e-01 2.609625903243316912e-03
8.054458698053204024e-01 2.693936153617009378e-03
8.140069265447495983e-01 2.781598568579389009e-03
8.225714734551233809e-01 2.869672368925015298e-03
8.311104170601291141e-01 2.953371256360197167e-03
8.396234512176645737e-01 3.028278974317676151e-03
8.481108245629191966e-01 3.090064904550268027e-03
8.565725268434154493e-01 3.134475524988866897e-03
8.650090481932669606e-01 3.157337257762294659e-03
8.734208320452712115e-01 3.154548923333895527e-03
8.818194779766889146e-01 3.122678848260761371e-03
8.902163253076104121e-01 3.060824224481309159e-03
8.986113885058946149e-01 2.968728797555489005e-03
9.070045154727601755e-01 2.846137105049412197e-03
9.153955717347137533e-01 2.692793791618713472e-03
9.237844122375248324e-01 2.508443959958004104e-03
9.321708922567895073e-01 2.292833068728760294e-03
9.405548674068662240e-01 2.045706930108749134e-03
9.489361900214763335e-01 1.766811834733993157e-03
9.573147085191866523e-01 1.455894643646688143e-03
9.656902911405933487e-01 1.112701850738381229e-03
9.740627949525025864e-01 7.369806529297136949e-04
9.824320774062299533e-01 3.284785839308033907e-04
9.907979963468195317e-01 -1.130564900191747017e-04
9.991604100222881701e-01 -5.878763747423417386e-04
