Airfoils2D_143
9.996212124824523926e-01 7.693704683333635330e-04
9.918753504753112793e-01 1.754013472236692905e-03
9.833011031150817871e-01 2.929218579083681107e-03
9.741307497024536133e-01 4.221540875732898712e-03
9.645965695381164551e-01 5.557534284889698029e-03
9.503611922264099121e-01 7.402764167636632919e-03
9.410538077354431152e-01 8.442554622888565063e-03
9.319754838943481445e-01 9.354420937597751617e-03
9.232784509658813477e-01 1.018943451344966888e-02
9.151101708412170410e-01 1.100200042128562927e-02
9.065715074539184570e-01 1.194662973284721375e-02
8.980429768562316895e-01 1.295139640569686890e-02
8.895111083984375000e-01 1.403183303773403168e-02
8.809778690338134766e-01 1.506266463547945023e-02
8.724580407142639160e-01 1.601787842810153961e-02
8.639425635337829590e-01 1.687715388834476471e-02
8.554329872131347656e-01 1.765477098524570465e-02
8.469313979148864746e-01 1.838283799588680267e-02
8.384199142456054688e-01 1.909671910107135773e-02
8.298834562301635742e-01 1.980277150869369507e-02
8.213386535644531250e-01 2.052461728453636169e-02
8.127857446670532227e-01 2.128041908144950867e-02
8.042381405830383301e-01 2.200782112777233124e-02
7.957128882408142090e-01 2.274245768785476685e-02
7.872021198272705078e-01 2.345376461744308472e-02
7.787229418754577637e-01 2.414354309439659119e-02
7.702744007110595703e-01 2.479548752307891846e-02
7.618309259414672852e-01 2.541032247245311737e-02
7.533740401268005371e-01 2.599066868424415588e-02
7.449167966842651367e-01 2.654827572405338287e-02
7.364358901977539062e-01 2.708867751061916351e-02
7.279295325279235840e-01 2.761270292103290558e-02
7.193998694419860840e-01 2.816578000783920288e-02
7.108580470085144043e-01 2.872679941356182098e-02
7.023275494575500488e-01 2.930555492639541626e-02
6.938135623931884766e-01 2.988307923078536987e-02
6.852989196777343750e-01 3.044830076396465302e-02
6.767709851264953613e-01 3.102412819862365723e-02
6.682431697845458984e-01 3.159164637327194214e-02
6.596838831901550293e-01 3.213723748922348022e-02
6.511030197143554688e-01 3.266234695911407471e-02
6.425176858901977539e-01 3.317000716924667358e-02
6.339421868324279785e-01 3.364649042487144470e-02
6.253767609596252441e-01 3.410530090332031250e-02
6.168256998062133789e-01 3.454888239502906799e-02
6.082800030708312988e-01 3.496328741312026978e-02
5.997357368469238281e-01 3.538971766829490662e-02
5.911926031112670898e-01 3.581053391098976135e-02
5.826426148414611816e-01 3.622831031680107117e-02
5.741019248962402344e-01 3.664202615618705750e-02
5.655819177627563477e-01 3.704335540533065796e-02
5.570748448371887207e-01 3.743217512965202332e-02
5.485606193542480469e-01 3.781787678599357605e-02
5.400506258010864258e-01 3.819907829165458679e-02
5.315195322036743164e-01 3.855153918266296387e-02
5.229672789573669434e-01 3.889917209744453430e-02
5.143916010856628418e-01 3.923001512885093689e-02
5.058173537254333496e-01 3.956295922398567200e-02
4.972578585147857666e-01 3.988792747259140015e-02
4.887299239635467529e-01 4.020351544022560120e-02
4.802256226539611816e-01 4.051075875759124756e-02
4.717372059822082520e-01 4.080271720886230469e-02
4.632645249366760254e-01 4.108865931630134583e-02
4.547761380672454834e-01 4.135085269808769226e-02
4.462669193744659424e-01 4.160497710108757019e-02
4.377276003360748291e-01 4.185607284307479858e-02
4.291680753231048584e-01 4.211913049221038818e-02
4.205887615680694580e-01 4.238310083746910095e-02
4.120138585567474365e-01 4.265053942799568176e-02
4.034430682659149170e-01 4.290628433227539062e-02
3.948768377304077148e-01 4.314161464571952820e-02
3.863251805305480957e-01 4.337171465158462524e-02
3.777981996536254883e-01 4.357349127531051636e-02
3.692890107631683350e-01 4.375527054071426392e-02
3.607819676399230957e-01 4.391426965594291687e-02
3.522731363773345947e-01 4.405118525028228760e-02
3.437587320804595947e-01 4.416443407535552979e-02
3.352565765380859375e-01 4.425441473722457886e-02
3.267523944377899170e-01 4.431182891130447388e-02
3.182332217693328857e-01 4.433945938944816589e-02
3.097326159477233887e-01 4.434633627533912659e-02
3.012551367282867432e-01 4.433501139283180237e-02
2.927769720554351807e-01 4.431627690792083740e-02
2.843047678470611572e-01 4.428502172231674194e-02
2.758342623710632324e-01 4.424407705664634705e-02
2.673692107200622559e-01 4.419994354248046875e-02
2.589238286018371582e-01 4.413808882236480713e-02
2.504875063896179199e-01 4.404215887188911438e-02
2.420616596937179565e-01 4.389391839504241943e-02
2.336713820695877075e-01 4.369452595710754395e-02
2.252996116876602173e-01 4.346171393990516663e-02
2.169217765331268311e-01 4.320043325424194336e-02
2.085551321506500244e-01 4.290303587913513184e-02
2.001884430646896362e-01 4.259372875094413757e-02
1.918435841798782349e-01 4.227987304329872131e-02
1.835323721170425415e-01 4.193786159157752991e-02
1.752483993768692017e-01 4.157027974724769592e-02
1.669968217611312866e-01 4.115169122815132141e-02
1.587916463613510132e-01 4.068491980433464050e-02
1.506169289350509644e-01 4.014888033270835876e-02
1.424537003040313721e-01 3.954203799366950989e-02
1.343095004558563232e-01 3.883960098028182983e-02
1.261896640062332153e-01 3.805555775761604309e-02
1.181139200925827026e-01 3.717741370201110840e-02
1.100802868604660034e-01 3.620516136288642883e-02
1.020798087120056152e-01 3.516764566302299500e-02
9.411799162626266479e-02 3.405460342764854431e-02
8.621321618556976318e-02 3.288516774773597717e-02
7.836160808801651001e-02 3.163294121623039246e-02
7.058557122945785522e-02 3.030479513108730316e-02
6.292595714330673218e-02 2.885449491441249847e-02
5.542767420411109924e-02 2.727317996323108673e-02
4.813307151198387146e-02 2.554124407470226288e-02
4.108688607811927795e-02 2.364020049571990967e-02
3.432955220341682434e-02 2.155652455985546112e-02
2.793227322399616241e-02 1.928832381963729858e-02
2.199316024780273438e-02 1.689756102859973907e-02
1.662516407668590546e-02 1.442504581063985825e-02
1.195526216179132462e-02 1.195913832634687424e-02
8.101830258965492249e-03 9.594417177140712738e-03
5.116087384521961212e-03 7.459400221705436707e-03
2.972214482724666595e-03 5.632001906633377075e-03
1.558790798299014568e-03 4.126549698412418365e-03
7.099007489159703255e-04 2.889625495299696922e-03
2.558036649134010077e-04 1.885942299850285053e-03
4.554108818410895765e-05 1.075081992894411087e-03
-3.422772715566679835e-05 3.693114558700472116e-04
-4.533114770310930908e-05 -2.452990738674998283e-04
9.801868145586922765e-06 -7.787302602082490921e-04
1.422806381015107036e-04 -1.233207760378718376e-03
4.017484607174992561e-04 -1.633814768865704536e-03
8.719230536371469498e-04 -2.054681535810232162e-03
1.700676744803786278e-03 -2.599405823275446892e-03
3.073511179536581039e-03 -3.304063342511653900e-03
5.206943023949861526e-03 -4.217294044792652130e-03
8.262936025857925415e-03 -5.354223307222127914e-03
1.235116925090551376e-02 -6.634234916418790817e-03
1.746566966176033020e-02 -7.995688356459140778e-03
2.350221946835517883e-02 -9.352182038128376007e-03
3.029238805174827576e-02 -1.060769893229007721e-02
3.762740641832351685e-02 -1.173667702823877335e-02
4.531472921371459961e-02 -1.271583698689937592e-02
5.321635305881500244e-02 -1.353738456964492798e-02
6.124448403716087341e-02 -1.422044914215803146e-02
6.933532655239105225e-02 -1.478564273566007614e-02
7.748352736234664917e-02 -1.524134166538715363e-02
8.566189557313919067e-02 -1.564474217593669891e-02
9.387059509754180908e-02 -1.600302942097187042e-02
1.021141707897186279e-01 -1.631961204111576080e-02
1.103820279240608215e-01 -1.660543307662010193e-02
1.186684444546699524e-01 -1.685140281915664673e-02
1.269893199205398560e-01 -1.705650612711906433e-02
1.353320330381393433e-01 -1.719684712588787079e-02
1.436945796012878418e-01 -1.727636344730854034e-02
1.520854532718658447e-01 -1.729625463485717773e-02
1.604795753955841064e-01 -1.729313284158706665e-02
1.688741147518157959e-01 -1.724799349904060364e-02
1.772779971361160278e-01 -1.718325540423393250e-02
1.856841146945953369e-01 -1.709198206663131714e-02
1.940904557704925537e-01 -1.698645949363708496e-02
2.025145441293716431e-01 -1.687425747513771057e-02
2.109498679637908936e-01 -1.673817448318004608e-02
2.194087803363800049e-01 -1.659457013010978699e-02
2.278926968574523926e-01 -1.642434485256671906e-02
2.363770306110382080e-01 -1.624177023768424988e-02
2.448679059743881226e-01 -1.602828502655029297e-02
2.533732056617736816e-01 -1.580541208386421204e-02
2.618805766105651855e-01 -1.556024048477411270e-02
2.703838050365447998e-01 -1.529821101576089859e-02
2.788949310779571533e-01 -1.502849906682968140e-02
2.874151766300201416e-01 -1.473761722445487976e-02
2.959520220756530762e-01 -1.442820578813552856e-02
3.044864237308502197e-01 -1.407939661294221878e-02
3.130041062831878662e-01 -1.370848342776298523e-02
3.215185701847076416e-01 -1.331424340605735779e-02
3.300275504589080811e-01 -1.292247325181961060e-02
3.385196030139923096e-01 -1.253397110849618912e-02
3.470120131969451904e-01 -1.214505825191736221e-02
3.555164635181427002e-01 -1.175968721508979797e-02
3.640340268611907959e-01 -1.137296576052904129e-02
3.725737929344177246e-01 -1.097569707781076431e-02
3.811203539371490479e-01 -1.056453492492437363e-02
3.896758258342742920e-01 -1.013960596174001694e-02
3.982376456260681152e-01 -9.709464386105537415e-03
4.068044424057006836e-01 -9.295609779655933380e-03
4.153613150119781494e-01 -8.895291946828365326e-03
4.239277243614196777e-01 -8.487183600664138794e-03
4.324899911880493164e-01 -8.071027696132659912e-03
4.410502910614013672e-01 -7.648999337106943130e-03
4.496265649795532227e-01 -7.219063583761453629e-03
4.582017064094543457e-01 -6.771990563720464706e-03
4.667775630950927734e-01 -6.304446142166852951e-03
4.753514826297760010e-01 -5.840901751071214676e-03
4.839272499084472656e-01 -5.387980025261640549e-03
4.924850761890411377e-01 -4.942570347338914871e-03
5.010293722152709961e-01 -4.492032807320356369e-03
5.095607042312622070e-01 -4.055680707097053528e-03
5.180962085723876953e-01 -3.638757159933447838e-03
5.266348719596862793e-01 -3.238555509597063065e-03
5.351654291152954102e-01 -2.832173835486173630e-03
5.436922907829284668e-01 -2.419511554762721062e-03
5.522223711013793945e-01 -2.010340802371501923e-03
5.607547163963317871e-01 -1.604771241545677185e-03
5.692831277847290039e-01 -1.196457073092460632e-03
5.778104662895202637e-01 -7.868750253692269325e-04
5.863426923751831055e-01 -3.955236170440912247e-04
5.948782563209533691e-01 -1.155186964751919731e-05
6.033982634544372559e-01 3.684611001517623663e-04
6.119072437286376953e-01 7.540786173194646835e-04
6.204067468643188477e-01 1.154828467406332493e-03
6.289014220237731934e-01 1.561452168971300125e-03
6.373919248580932617e-01 1.960800494998693466e-03
6.458899974822998047e-01 2.366274129599332809e-03
6.543924212455749512e-01 2.764178207144141197e-03
6.628865599632263184e-01 3.148877294734120369e-03
6.713677644729614258e-01 3.524273168295621872e-03
6.798292994499206543e-01 3.875555237755179405e-03
6.882837414741516113e-01 4.207402467727661133e-03
6.967363357543945312e-01 4.539056681096553802e-03
7.051960825920104980e-01 4.865008406341075897e-03
7.136802673339843750e-01 5.185495596379041672e-03
7.222011089324951172e-01 5.521470680832862854e-03
7.307385802268981934e-01 5.853154696524143219e-03
7.392634153366088867e-01 6.185307633131742477e-03
7.477585077285766602e-01 6.486543919891119003e-03
7.562150359153747559e-01 6.727972067892551422e-03
7.646307945251464844e-01 6.912348326295614243e-03
7.730292081832885742e-01 7.051084190607070923e-03
7.814364433288574219e-01 7.157281041145324707e-03
7.898849248886108398e-01 7.236860226839780807e-03
7.983691096305847168e-01 7.310294546186923981e-03
8.068593740463256836e-01 7.373807020485401154e-03
8.153362274169921875e-01 7.443927228450775146e-03
8.237864375114440918e-01 7.472544442862272263e-03
8.322091698646545410e-01 7.448495365679264069e-03
8.406028747558593750e-01 7.376888301223516464e-03
8.489993810653686523e-01 7.262069731950759888e-03
8.574045300483703613e-01 7.124298717826604843e-03
8.658339977264404297e-01 6.943409331142902374e-03
8.742604255676269531e-01 6.746643222868442535e-03
8.826695084571838379e-01 6.517719477415084839e-03
8.910809159278869629e-01 6.255805492401123047e-03
8.994917273521423340e-01 5.932500120252370834e-03
9.079077839851379395e-01 5.575901828706264496e-03
9.163132309913635254e-01 5.195862613618373871e-03
9.246948361396789551e-01 4.816781263798475266e-03
9.334068894386291504e-01 4.441307391971349716e-03
9.415701627731323242e-01 4.106840118765830994e-03
9.493061304092407227e-01 3.818771569058299065e-03
9.567642807960510254e-01 3.522573970258235931e-03
9.641108512878417969e-01 3.170762909576296806e-03
9.676603674888610840e-01 2.961931051686406136e-03
9.749154448509216309e-01 2.418690593913197517e-03
9.825949668884277344e-01 1.654236693866550922e-03
9.909582138061523438e-01 6.040352163836359978e-04
1.000264763832092285e+00 -7.964473334141075611e-04
