Airfoils1D_115F
9.998013903046604200e-01 1.746865353156471304e-04
9.915663369550546946e-01 1.245924334332898422e-03
9.833100170552254715e-01 2.271800208828458033e-03
9.750325328578932638e-01 3.254978286183899880e-03
9.667339982488882821e-01 4.198153969898000930e-03
9.584145377088809648e-01 5.104054954557262457e-03
9.500742853041681535e-01 5.975442170731172335e-03
9.417133837142711572e-01 6.815110667803608510e-03
9.333318284284833899e-01 7.625905157478303498e-03
9.249298995217044572e-01 8.410678613311035196e-03
9.165077822177501998e-01 9.172331173200549970e-03
9.080656448534603076e-01 9.913802364269381356e-03
8.996036602903655366e-01 1.063806961515051386e-02
8.911218432201571948e-01 1.134816236600431211e-02
8.826204627111972068e-01 1.204712795940818086e-02
8.740997646567020274e-01 1.273805643136120477e-02
8.655599346374541758e-01 1.342408370629609958e-02
8.570095962654417088e-01 1.410724317269592201e-02
8.484587326525159234e-01 1.478735945499519422e-02
8.399074630221540216e-01 1.546444653621930829e-02
8.313558060002976813e-01 1.613852641649903691e-02
8.228037792414826246e-01 1.680962117445280318e-02
8.142514014150610269e-01 1.747775281066544367e-02
8.056986920760599302e-01 1.814294325948392558e-02
7.971456698493307735e-01 1.880521453082041952e-02
7.885923523287643455e-01 1.946458871629151710e-02
7.800387583060879315e-01 2.012108781678602007e-02
7.714849072710014966e-01 2.077473378260438416e-02
7.629308178471717605e-01 2.142554863334013293e-02
7.543765075598536374e-01 2.207355447399030751e-02
7.458219953384632728e-01 2.271877330481100396e-02
7.372673005997679718e-01 2.336122709231667344e-02
7.287124419661545893e-01 2.400093786568694570e-02
7.201636841432150771e-01 2.463711328648882093e-02
7.116276048637202312e-01 2.526744584562514925e-02
7.031038944259365708e-01 2.588975736485640486e-02
6.945922753455167076e-01 2.650188707687145886e-02
6.860925344216568522e-01 2.710168931797662592e-02
6.776044249963808497e-01 2.768704050344001494e-02
6.691275759422734559e-01 2.825584473167571872e-02
6.606613471858934217e-01 2.880604193686169684e-02
6.521897786219870152e-01 2.933756657824321268e-02
6.437008775157385676e-01 2.985321703223124679e-02
6.351948239786828765e-01 3.035564025710063216e-02
6.266718821486176871e-01 3.084750867430050350e-02
6.181322551565023860e-01 3.133152914324961735e-02
6.095760690406112348e-01 3.181044388540849033e-02
6.010034546632682106e-01 3.228702626402119025e-02
5.924264948179204238e-01 3.276341663742535215e-02
5.838531964789814843e-01 3.324120299421123165e-02
5.752743639842738954e-01 3.372036979256564510e-02
5.666956205202238195e-01 3.419955772800755550e-02
5.581230880079246504e-01 3.467737949585773805e-02
5.495567173195227140e-01 3.515279660827257124e-02
5.409964384210961263e-01 3.562477617952237996e-02
5.324421310372716709e-01 3.609229252083202832e-02
5.238936419090935992e-01 3.655432607695902059e-02
5.153508571751936884e-01 3.700985943510774062e-02
5.068136974601318290e-01 3.745787768729731682e-02
4.982820585808195313e-01 3.789737160589184972e-02
4.897557819926172673e-01 3.832733899066212424e-02
4.812347541376262305e-01 3.874677948409974843e-02
4.727188702216235661e-01 3.915469651221892278e-02
4.642080731077093958e-01 3.955009554603260841e-02
4.557021606238406686e-01 3.993199300219994058e-02
4.472000129830537296e-01 4.029951603838433788e-02
4.387009051461606690e-01 4.065198083738356255e-02
4.302049311014718991e-01 4.098870831036436485e-02
4.217121546010251798e-01 4.130902262046947521e-02
4.132226234198756454e-01 4.161225039701909462e-02
4.047364069106882400e-01 4.189771933592992964e-02
3.962535743111400555e-01 4.216475907624506886e-02
3.877742309865742643e-01 4.241270017859192359e-02
3.792984193451384156e-01 4.264087709944763133e-02
3.708261979043552814e-01 4.284862560860359243e-02
3.623576351243371629e-01 4.303528309735386165e-02
3.538927991871555490e-01 4.320018888376810084e-02
3.454317921874664465e-01 4.334268367766196117e-02
3.369746570187763246e-01 4.346211123282893440e-02
3.285214507699835695e-01 4.355781680601773787e-02
3.200722401407655737e-01 4.362914737489020922e-02
3.116270913663327091e-01 4.367545181255461095e-02
3.031860909813367533e-01 4.369608086002720743e-02
2.947493041081742371e-01 4.369038735063130591e-02
2.863167741272058531e-01 4.365772587601252780e-02
2.778885649975755823e-01 4.359745279628852305e-02
2.694647400066627063e-01 4.350892631068284389e-02
2.610453617267146642e-01 4.339150644240345744e-02
2.526305272645701372e-01 4.324455570136215982e-02
2.442202656885149592e-01 4.306743736130012878e-02
2.358146332585156213e-01 4.285951675316403142e-02
2.274136892213193262e-01 4.262016101578622318e-02
2.190174918820143035e-01 4.234873901137849866e-02
2.106260985576699218e-01 4.204462129999841230e-02
2.022395990266989962e-01 4.170718152752295182e-02
1.938580170465695196e-01 4.133579252011767430e-02
1.854817134919296007e-01 4.092984509715081459e-02
1.771265196871638636e-01 4.048859602378200584e-02
1.688055080411953179e-01 4.000817477136756062e-02
1.605191804156983759e-01 3.948356577852424332e-02
1.522679326616467321e-01 3.890986603351708623e-02
1.440522154058234972e-01 3.828229199738708566e-02
1.358723544477812573e-01 3.759616334101032603e-02
1.277285886037967111e-01 3.684689922773582565e-02
1.196212600118760350e-01 3.603003168362244046e-02
1.115558645552580108e-01 3.514147990592247917e-02
1.035381689675500538e-01 3.417644206957629743e-02
9.556994034778132363e-02 3.312967595995017916e-02
8.765286640493509529e-02 3.199609738187676050e-02
7.978854385652196790e-02 3.077077213581900367e-02
7.197846726528620009e-02 2.944890683628526712e-02
6.422413555332773250e-02 2.802586076988285504e-02
5.653107876198178172e-02 2.649797430283887256e-02
4.911114978533764885e-02 2.489478420620640578e-02
4.210714920197978356e-02 2.320549043312350110e-02
3.549027427846750821e-02 2.139059458168519889e-02
2.922338838369058570e-02 1.941792440703805217e-02
2.327847786988856624e-02 1.726354967184888164e-02
1.762610198727241131e-02 1.490612857326447521e-02
1.223388941705004333e-02 1.232314809087071625e-02
7.311942772113619662e-03 9.630690265170879089e-03
4.609541494285667070e-03 7.891527760480949658e-03
3.070360886050994137e-03 6.608399134138115590e-03
1.999260673461580439e-03 5.430102596382665493e-03
1.230691595201994582e-03 4.289245110641501726e-03
6.592534461353269761e-04 3.093519277378021029e-03
2.809617671239680631e-04 1.870280413838946174e-03
1.146082729540667225e-04 8.146107824321186701e-04
1.068579510537498022e-04 -2.044972647163616414e-04
2.318135460574881920e-04 -1.051771795195477564e-03
4.756902922621683181e-04 -1.856047621011073503e-03
8.096854253048583723e-04 -2.558996412948847873e-03
1.236038969570618521e-03 -3.188567655473345096e-03
1.806543954634739178e-03 -3.792471153792380256e-03
2.559372225575468757e-03 -4.375903752836395218e-03
3.727307182722930552e-03 -5.038936888227400421e-03
6.153064978862746691e-03 -6.038096369413206363e-03
1.139819208241519242e-02 -7.831860532367554070e-03
1.713010009498553560e-02 -9.449715676227814221e-03
2.311094059813009749e-02 -1.080789038135085596e-02
2.938402175946184386e-02 -1.192571240456792407e-02
3.599280923947200533e-02 -1.282367914117224332e-02
4.299160773723183920e-02 -1.352841228781281185e-02
5.042994029119657329e-02 -1.407544797751287061e-02
5.838524022405117142e-02 -1.451866459542254691e-02
6.662417659019961858e-02 -1.490435544263854842e-02
7.488099602767923912e-02 -1.523400918427183018e-02
8.315528211600826947e-02 -1.551019622156289517e-02
9.144713053625518062e-02 -1.573554405517039664e-02
9.975662578544416959e-02 -1.591271198406117929e-02
1.080838424650558127e-01 -1.604439213282591800e-02
1.164288465454642874e-01 -1.613331039212919857e-02
1.247916965982352883e-01 -1.618222728206351185e-02
1.331724947553667437e-01 -1.619393871303845614e-02
1.415713580991518894e-01 -1.617127588775319966e-02
1.499882202959444411e-01 -1.611710744814663990e-02
1.584231218095631388e-01 -1.603433995965728581e-02
1.668761011705491848e-01 -1.592591814598135619e-02
1.753471958773767381e-01 -1.579482549596041702e-02
1.838366144920178802e-01 -1.564408164474349189e-02
1.923441508959119195e-01 -1.547675349660835621e-02
2.008614625906490481e-01 -1.529562279953491401e-02
2.093811533701680494e-01 -1.510169118898019996e-02
2.179031785471534366e-01 -1.489540945032180770e-02
2.264275702105867094e-01 -1.467722754479635489e-02
2.349543167734426952e-01 -1.444759740000661589e-02
2.434834323551253177e-01 -1.420697119529508792e-02
2.520149310251230124e-01 -1.395580196947648899e-02
2.605488572072822140e-01 -1.369454267531688280e-02
2.690851993192191483e-01 -1.342364880329081217e-02
2.776239667261768407e-01 -1.314357612743830353e-02
2.861651733721983781e-01 -1.285478115202614950e-02
2.947088548794121743e-01 -1.255772048749286690e-02
3.032550178527243512e-01 -1.225285258803225988e-02
3.118036620603718556e-01 -1.194063706564222997e-02
3.203548014280890310e-01 -1.162153392308223031e-02
3.289084661059154535e-01 -1.129600341837882875e-02
3.374646745308290119e-01 -1.096450710491129847e-02
3.460234201923451658e-01 -1.062750840272495140e-02
3.545847170843111074e-01 -1.028547084342418955e-02
3.631485932197408562e-01 -9.938858274345313895e-03
3.717150724421383612e-01 -9.588135578326483291e-03
3.802841452819925583e-01 -9.233769902122433357e-03
3.888558258662736522e-01 -8.876228335916950402e-03
3.974301434081028983e-01 -8.515978228620919507e-03
4.060071206660685328e-01 -8.153488085927185908e-03
4.145867485295293697e-01 -7.789228666986145605e-03
4.231690413015029018e-01 -7.423670651255044953e-03
4.317540327347537676e-01 -7.057284790466621452e-03
4.403409986073990590e-01 -6.690575107429885988e-03
4.489259400787863896e-01 -6.324186025767501718e-03
4.575081201608661718e-01 -5.958622126754887192e-03
4.660875641290657123e-01 -5.594354541069579932e-03
4.746689384289534686e-01 -5.231388476912828683e-03
4.832547316071413857e-01 -4.868762555904889398e-03
4.918355905434155240e-01 -4.505753733018386803e-03
5.004098022818017633e-01 -4.141319495517184653e-03
5.089773870537505074e-01 -3.774349158483830853e-03
5.175383416751004884e-01 -3.403738015249093991e-03
5.260926403343777480e-01 -3.028387292225079644e-03
5.346402394735381147e-01 -2.647203961849641050e-03
5.431868818932071852e-01 -2.259159112193563634e-03
5.517384614455150826e-01 -1.864541325879583676e-03
5.602951077084696863e-01 -1.464242636893967400e-03
5.688569366631273105e-01 -1.059158904861678789e-03
5.774240029441598532e-01 -6.501922057147983434e-04
5.859963498003710747e-01 -2.382485692534096146e-04
5.945740485028266908e-01 1.757639189205252887e-04
6.031571362722280005e-01 5.909321358083232051e-04
6.117352311104650164e-01 1.005558900686878308e-03
6.202984746648345649e-01 1.416843234724160560e-03
6.288469245114485240e-01 1.822197217020372385e-03
6.373805695219023626e-01 2.219057211107268793e-03
6.458996013191838914e-01 2.604896279929126961e-03
6.544042011071655729e-01 2.977213397942322579e-03
6.628944840964171581e-01 3.333530718069596752e-03
6.713705476956917106e-01 3.671395655871341219e-03
6.798323752276623777e-01 3.988377305643248973e-03
6.882802336740804217e-01 4.282081037369539836e-03
6.967142367426889527e-01 4.550130920306202226e-03
7.051344989688000942e-01 4.790175700610251920e-03
7.135411362691100878e-01 4.999888476134841699e-03
7.219341863930255343e-01 5.176964826717379495e-03
7.303138034678791080e-01 5.319127037014825116e-03
7.386804920767501281e-01 5.424123736977887016e-03
7.470579394693352970e-01 5.491214633416019626e-03
7.554700555319789901e-01 5.524796229376761729e-03
7.639173934092483575e-01 5.530429699260262441e-03
7.724003874828284655e-01 5.513812844134969270e-03
7.809192433738881833e-01 5.480788198979034964e-03
7.894739983934715433e-01 5.437349668271432290e-03
7.980596153205012921e-01 5.389674334858667384e-03
8.066246406031727378e-01 5.344313352821973735e-03
8.151800669896394069e-01 5.305935614184802314e-03
8.237557186542862064e-01 5.272572965857174297e-03
8.323441818169959872e-01 5.240635672500471541e-03
8.409151648420419844e-01 5.206592164380510410e-03
8.494648460108690236e-01 5.166849794047487753e-03
8.579937257092211667e-01 5.117852568813313283e-03
8.665020991057432731e-01 5.056097134276246220e-03
8.749902622141281228e-01 4.978131025873776434e-03
8.834591376298952525e-01 4.880592615479531493e-03
8.919097193703551252e-01 4.760370526808423153e-03
9.003418162855719720e-01 4.614461363232061006e-03
9.087551963965908586e-01 4.439901592263530324e-03
9.171496299752746051e-01 4.233766550651398529e-03
9.255248717118383928e-01 3.993170460419232133e-03
9.338805877154060520e-01 3.715268929883472609e-03
9.422167020482558053e-01 3.397246703423523022e-03
9.505330051603418928e-01 3.036328684134794852e-03
9.588292956491726304e-01 2.629775494932027648e-03
9.671053815864735226e-01 2.174882711754249666e-03
9.753610818813560623e-01 1.668980023301584216e-03
9.835962276721994524e-01 1.109430305982281404e-03
9.918106637386826518e-01 4.936286029478826731e-04
1.000004249924601796e+00 -1.809990035687438176e-04
