Airfoils1D_097F
9.999907229465950786e-01 2.280265619476474202e-04
9.914619415499009714e-01 1.036130148102914388e-03
9.829347764519551500e-01 1.840436060553962217e-03
9.744091691491001406e-01 2.640677884708252966e-03
9.658850611438888345e-01 3.436589507687846066e-03
9.573624148134654011e-01 4.227903185855384771e-03
9.488411514268408897e-01 5.014355306537876533e-03
9.403212117892130184e-01 5.795680727077448698e-03
9.318025374155315399e-01 6.571614538553298239e-03
9.232850885733161483e-01 7.341890441591549139e-03
9.147687904574866025e-01 8.106245623140226689e-03
9.062535820597472647e-01 8.864416300328286508e-03
8.977394048869048460e-01 9.616138758828279495e-03
8.892262159737318594e-01 1.036114822764536494e-02
8.807139466116737925e-01 1.109918250356002438e-02
8.722025328630949037e-01 1.182997923798699384e-02
8.636918962580566461e-01 1.255327761099874449e-02
8.551809844414706152e-01 1.326896449717687894e-02
8.466690202898966566e-01 1.397710976591650181e-02
8.381560297307147911e-01 1.467775608738659289e-02
8.296420401858480842e-01 1.537094601521110139e-02
8.211270779134511866e-01 1.605672220599337063e-02
8.126111691774380308e-01 1.673512732154270113e-02
8.040943437428741403e-01 1.740620375501726602e-02
7.955766290409856945e-01 1.806999409823233441e-02
7.870580520489690590e-01 1.872654098743163284e-02
7.785386376299692213e-01 1.937588722713868422e-02
7.700184162571294122e-01 2.001807520229303972e-02
7.614974153700532211e-01 2.065314754247285500e-02
7.529756624103152163e-01 2.128114688661004658e-02
7.444531815621674431e-01 2.190211611909135062e-02
7.359300033212770042e-01 2.251609767094735898e-02
7.274061714560846603e-01 2.312313301966630735e-02
7.188823552203230660e-01 2.372317638393203407e-02
7.103590264531146614e-01 2.431606860353968669e-02
7.018361729410070859e-01 2.490166139873365228e-02
6.933137828801437808e-01 2.547980654337009265e-02
6.847918473485861135e-01 2.605035570166708975e-02
6.762703637190714545e-01 2.661316021694072262e-02
6.677493220075982894e-01 2.716807202346373240e-02
6.592287080006900002e-01 2.771494341333084060e-02
6.507085127507405975e-01 2.825362641999608349e-02
6.421887307866657180e-01 2.878397295365785202e-02
6.336693576329276434e-01 2.930583496929071996e-02
6.251503763180799034e-01 2.981906527812214561e-02
6.166317778585682641e-01 3.032351628117994219e-02
6.081135535917714385e-01 3.081904045183032903e-02
5.995957052120722830e-01 3.130548976961557150e-02
5.910782126441996853e-01 3.178271755907187412e-02
5.825610668576742812e-01 3.225057658669307215e-02
5.740442588086421827e-01 3.270891970981631980e-02
5.655277875498017082e-01 3.315759945379116030e-02
5.570116390238122328e-01 3.359646913928829304e-02
5.484958009869824735e-01 3.402538206362411277e-02
5.399802643338867947e-01 3.444419144621709700e-02
5.314650241384304419e-01 3.485275039757174120e-02
5.229500740016028715e-01 3.525091220561116234e-02
5.144353977950747447e-01 3.563853069778372129e-02
5.059209863393884232e-01 3.601545945216812900e-02
4.974068304347672997e-01 3.638155213576695773e-02
4.888929318473096974e-01 3.673666205311928307e-02
4.803792703550621712e-01 3.708064352794980534e-02
4.718658366500231849e-01 3.741335049460050438e-02
4.633526214419813050e-01 3.773463697342425982e-02
4.548396950677395800e-01 3.804435396883485559e-02
4.463293890754330140e-01 3.834211453163685612e-02
4.378232234616374341e-01 3.862713754471369665e-02
4.293212500754277072e-01 3.889862615309376548e-02
4.208235238712512150e-01 3.915578608898213908e-02
4.123301476283799394e-01 3.939782445914036951e-02
4.038411185093083722e-01 3.962395413663916122e-02
3.953564882278023940e-01 3.983338895344087222e-02
3.868763083716538209e-01 4.002534539383587053e-02
3.784006463547233690e-01 4.019904227747508191e-02
3.699295754115586865e-01 4.035370110511030117e-02
3.614631078796405328e-01 4.048854711958595198e-02
3.530012944300799926e-01 4.060280735166191951e-02
3.445441853949931521e-01 4.069571144439931842e-02
3.360918440499819360e-01 4.076649154930033631e-02
3.276443441160986625e-01 4.081438250914819904e-02
3.192016964367112575e-01 4.083862211863638347e-02
3.107639494948942760e-01 4.083845036756980629e-02
3.023311511855983902e-01 4.081310979625889929e-02
2.939033487622241259e-01 4.076184547932205221e-02
2.854806316680854605e-01 4.068390547406094265e-02
2.770630069083286906e-01 4.057853974425984500e-02
2.686505146819717638e-01 4.044500082288902953e-02
2.602431990989684252e-01 4.028254373096980256e-02
2.518411033419615808e-01 4.009042591540976086e-02
2.434442760433666308e-01 3.986790740361521174e-02
2.350527891194752472e-01 3.961425146949422438e-02
2.266666446304064775e-01 3.932872172715758813e-02
2.182858814202542630e-01 3.901058502558874680e-02
2.099105370986073527e-01 3.865911047399721301e-02
2.015406479778189819e-01 3.827356940051792472e-02
1.931762490099960539e-01 3.785323530784021062e-02
1.848178023117188207e-01 3.739740642450625069e-02
1.764764226821598503e-01 3.690526461461415136e-02
1.681592719532965519e-01 3.637394424201776527e-02
1.598668873632018705e-01 3.579996986271640619e-02
1.515997956362517829e-01 3.517992280283269851e-02
1.433585107366639466e-01 3.451043992498718099e-02
1.351435315446594398e-01 3.378821230099476880e-02
1.269553394702049864e-01 3.300998376550021152e-02
1.187946857811271600e-01 3.217257873865855822e-02
1.106720412954359245e-01 3.127331725657461065e-02
1.025948381742509130e-01 3.030778695311140553e-02
9.456478497939828365e-02 2.927088286649284082e-02
8.658356473558287414e-02 2.815765066779770190e-02
7.865279159728871816e-02 2.696327741815971943e-02
7.077400101783615227e-02 2.568308509720166125e-02
6.294870190008014510e-02 2.431253441619278532e-02
5.518754127806520943e-02 2.284894854992150504e-02
4.772988717963162764e-02 2.132101597303480076e-02
4.066689911499654642e-02 1.970472013068756342e-02
3.396168283586469688e-02 1.795911920925505334e-02
2.757685272429338114e-02 1.605142897898283183e-02
2.148418530903887722e-02 1.395652110523428087e-02
1.564674463255638637e-02 1.164852871067437179e-02
1.003350670033436448e-02 9.102904940048376151e-03
5.077171358681195103e-03 6.546265602953090131e-03
3.071342379002556678e-03 5.309494920449517492e-03
2.003472811175889112e-03 4.438174096295151999e-03
1.358273146511775921e-03 3.740933970810125971e-03
8.678635561006156109e-04 3.025426465289582801e-03
5.197963184528599971e-04 2.294805505063449852e-03
2.881239035473299927e-04 1.535763319186166749e-03
1.618983053686457081e-04 7.105230560609215439e-04
1.607968196415606203e-04 -1.998517586322698728e-04
3.026899204735053884e-04 -1.133374067640213236e-03
6.053840366439268688e-04 -2.120461387344232777e-03
1.050600518572161832e-03 -3.059019405699088100e-03
1.632129211046722374e-03 -3.925274719007020019e-03
2.367621816337294512e-03 -4.716725345031395553e-03
3.293129327032797218e-03 -5.453002857657593579e-03
4.705735167397888039e-03 -6.280086962393072181e-03
7.343395733689147588e-03 -7.399515305221662786e-03
1.313323396272694094e-02 -9.437884650352345445e-03
1.926228606788209230e-02 -1.128358012189040194e-02
2.559968918011085171e-02 -1.289612025430457269e-02
3.216746779406434720e-02 -1.429299039227878779e-02
3.899037307315855738e-02 -1.549345264195103704e-02
4.609012868294940640e-02 -1.651898440655000591e-02
5.349082425069923846e-02 -1.739620404675061224e-02
6.121441472133984374e-02 -1.815846302217767952e-02
6.914373153158676066e-02 -1.882987967585190991e-02
7.710883643562839451e-02 -1.940679597339556306e-02
8.510579624974665136e-02 -1.989258149397753542e-02
9.313462476679740254e-02 -2.029103446999299884e-02
1.011952816902939312e-01 -2.060602579789316477e-02
1.092876776165338654e-01 -2.084150470685107101e-02
1.174116792167554241e-01 -2.100150380399057673e-02
1.255671145487368967e-01 -2.109014354379127112e-02
1.337537784320746159e-01 -2.111163617732581682e-02
1.419714378268256139e-01 -2.107028924351472474e-02
1.502198371609090310e-01 -2.097050866964621230e-02
1.584987035573686698e-01 -2.081680155210273095e-02
1.668077519179831103e-01 -2.061377869068225718e-02
1.751466898245994941e-01 -2.036615695124412498e-02
1.835153296181657456e-01 -2.007875761626472244e-02
1.919133818558579896e-01 -1.975651510941829614e-02
2.003310291093563789e-01 -1.940436742992699901e-02
2.087579430626102517e-01 -1.902516477260663211e-02
2.171941862982928184e-01 -1.862075647474226506e-02
2.256399858051839347e-01 -1.819300022289252819e-02
2.340956812733031023e-01 -1.774376276737656480e-02
2.425614067620605330e-01 -1.727493688326238105e-02
2.510373706275401684e-01 -1.678842745862549682e-02
2.595237986951697273e-01 -1.628615426304190830e-02
2.680209397363523260e-01 -1.577005163321354084e-02
2.765291260013051922e-01 -1.524206472810087261e-02
2.850484608100918305e-01 -1.470416923072826246e-02
2.935791723140088183e-01 -1.415834985249734591e-02
3.021214896078780465e-01 -1.360660793970086199e-02
3.106758022557753463e-01 -1.305095126703538846e-02
3.192391688752565515e-01 -1.249362137645462778e-02
3.277945732466277518e-01 -1.193778675224422409e-02
3.363441534361358842e-01 -1.138505179040241559e-02
3.448941874952174413e-01 -1.083537905480572681e-02
3.534447106377627823e-01 -1.028875970576680239e-02
3.619956858383019394e-01 -9.745189575034991433e-03
3.705470760812525355e-01 -9.204664493126128028e-03
3.790988448577377601e-01 -8.667180258207930754e-03
3.876509546101883363e-01 -8.132732733933049907e-03
3.962033683145259610e-01 -7.601317749541036672e-03
4.047560489601209066e-01 -7.072931132851299589e-03
4.133089600161999333e-01 -6.547568681724437456e-03
4.218620639463709354e-01 -6.025226255371667235e-03
4.304153237279060851e-01 -5.505899680600648619e-03
4.389687023554554313e-01 -4.989584782599138305e-03
4.475221632757989676e-01 -4.476277358955669736e-03
4.560756689738079128e-01 -3.965973264570661627e-03
4.646291803746757654e-01 -3.458668445320515952e-03
4.731823045301827291e-01 -2.954400407335147204e-03
4.817346513331438040e-01 -2.453296037056161300e-03
4.902862683089783680e-01 -1.955480582108746947e-03
4.988371976045050671e-01 -1.461079541876076021e-03
5.073874810097116494e-01 -9.702183695182554175e-04
5.159371511218472373e-01 -4.830229729140259791e-04
5.244862600595217028e-01 3.819229815266655340e-07
5.330348499973786014e-01 4.798710864650905538e-04
5.415829630794527505e-01 9.553193501771598851e-04
5.501306313673912651e-01 1.426601059301157298e-03
5.586779072520574596e-01 1.893591750798446008e-03
5.672248329391446076e-01 2.356166458218066171e-03
5.757714506424321810e-01 2.814200280877928763e-03
5.843177930017973143e-01 3.267567878017703549e-03
5.928639113310714137e-01 3.716144970406258172e-03
6.014097896765214779e-01 4.159803850732829780e-03
6.099480309934219857e-01 4.597617997196157269e-03
6.184704352948076078e-01 5.026846493340102889e-03
6.269771430433547232e-01 5.444732528717869703e-03
6.354682700155570574e-01 5.848549566526451381e-03
6.439438967154222926e-01 6.235600512346037121e-03
6.524040599993885525e-01 6.603217247378024082e-03
6.608487472271008523e-01 6.948760570788233525e-03
6.692781754791955473e-01 7.269630873426149997e-03
6.776924218757837126e-01 7.563251926212873760e-03
6.860915642437936945e-01 7.827076751465008794e-03
6.944756818273196686e-01 8.058587236664834300e-03
7.028447803596229448e-01 8.255292115379217477e-03
7.111989650028409660e-01 8.414731157875193768e-03
7.195383863614915887e-01 8.534471941052538049e-03
7.278631373759520962e-01 8.612107513917768506e-03
7.361736294316056917e-01 8.645257839661951021e-03
7.444945142352102918e-01 8.632866837923009948e-03
7.528514889679067679e-01 8.579201190468481106e-03
7.612453546895701084e-01 8.489983718184129780e-03
7.696765430592442669e-01 8.371089279601154690e-03
7.781451375858106090e-01 8.228557425561430771e-03
7.866514493407119613e-01 8.068590046737310686e-03
7.951958007367888603e-01 7.897558446527412970e-03
8.037707505085406323e-01 7.722167524723426435e-03
8.123476078090414720e-01 7.548005066800116646e-03
8.209161926400393439e-01 7.373255744832787895e-03
8.294619404340225488e-01 7.194384900931807304e-03
8.379848600491558441e-01 7.007620242104087641e-03
8.464851845459021584e-01 6.809243527271319034e-03
8.549632078528909274e-01 6.595592154551323943e-03
8.634191064365641655e-01 6.363062186338337180e-03
8.718530785050868648e-01 6.108104069589227227e-03
8.802786726392424210e-01 5.827521861699288749e-03
8.887098031581158741e-01 5.521106703734512088e-03
8.971464323837559096e-01 5.189858543350201088e-03
9.055884982494609714e-01 4.834782573370590732e-03
9.140359382577962766e-01 4.456888491051348017e-03
9.224887184494980907e-01 4.057189112300621167e-03
9.309467882859805421e-01 3.636702344422122670e-03
9.394100441311901140e-01 3.196453362633352308e-03
9.478784226466072660e-01 2.737470043249713367e-03
9.563518604862137895e-01 2.260784834325086506e-03
9.648303352876625993e-01 1.767432348487898682e-03
9.733137777665139545e-01 1.258454371620613185e-03
9.818020913125590221e-01 7.348990870279064865e-04
9.902952132743632063e-01 1.978173695064560115e-04
9.987930813299066291e-01 -3.517352729924324716e-04
