Airfoils1D_121
9.995910525321960449e-01 2.688736130949109793e-04
9.915663599967956543e-01 1.244046958163380623e-03
9.827194809913635254e-01 2.372575923800468445e-03
9.732987880706787109e-01 3.601454664021730423e-03
9.635526537895202637e-01 4.877677652984857559e-03
9.491218924522399902e-01 6.719789467751979828e-03
9.398009777069091797e-01 7.843505591154098511e-03
9.307878017425537109e-01 8.865891024470329285e-03
9.221772551536560059e-01 9.791962802410125732e-03
9.140850901603698730e-01 1.062110811471939087e-02
9.055607318878173828e-01 1.146653294563293457e-02
8.970619440078735352e-01 1.230143662542104721e-02
8.885880112648010254e-01 1.310938037931919098e-02
8.801133632659912109e-01 1.392246130853891373e-02
8.716663122177124023e-01 1.471990346908569336e-02
8.632335662841796875e-01 1.549413334578275681e-02
8.547945618629455566e-01 1.623751781880855560e-02
8.463113307952880859e-01 1.696975715458393097e-02
8.377755284309387207e-01 1.768596842885017395e-02
8.292056322097778320e-01 1.837279647588729858e-02
8.206283450126647949e-01 1.903789490461349487e-02
8.120660781860351562e-01 1.967054605484008789e-02
8.035306334495544434e-01 2.031542360782623291e-02
7.950214147567749023e-01 2.094464190304279327e-02
7.865298986434936523e-01 2.154857851564884186e-02
7.780476212501525879e-01 2.214658260345458984e-02
7.695379257202148438e-01 2.273512445390224457e-02
7.609969973564147949e-01 2.331033535301685333e-02
7.524256110191345215e-01 2.386499010026454926e-02
7.438374161720275879e-01 2.441973425447940826e-02
7.352501749992370605e-01 2.497578598558902740e-02
7.266879081726074219e-01 2.553559094667434692e-02
7.181255221366882324e-01 2.607916481792926788e-02
7.095779180526733398e-01 2.663490176200866699e-02
7.010451555252075195e-01 2.721246518194675446e-02
6.925050616264343262e-01 2.778808213770389557e-02
6.839844584465026855e-01 2.835563756525516510e-02
6.754588484764099121e-01 2.891089580953121185e-02
6.669473052024841309e-01 2.945089712738990784e-02
6.584490537643432617e-01 2.996639348566532135e-02
6.499784588813781738e-01 3.043405152857303619e-02
6.414988636970520020e-01 3.086308203637599945e-02
6.330189704895019531e-01 3.128011897206306458e-02
6.245173811912536621e-01 3.167631104588508606e-02
6.159777045249938965e-01 3.206660225987434387e-02
6.074082851409912109e-01 3.245349228382110596e-02
5.987987518310546875e-01 3.284549340605735779e-02
5.901835560798645020e-01 3.323323279619216919e-02
5.815771818161010742e-01 3.362046554684638977e-02
5.730059146881103516e-01 3.398626670241355896e-02
5.644659399986267090e-01 3.433932363986968994e-02
5.559543967247009277e-01 3.469721227884292603e-02
5.474479794502258301e-01 3.505351021885871887e-02
5.389356613159179688e-01 3.543146327137947083e-02
5.303933620452880859e-01 3.582396730780601501e-02
5.218312740325927734e-01 3.622902557253837585e-02
5.132774114608764648e-01 3.663514927029609680e-02
5.047339797019958496e-01 3.703126683831214905e-02
4.962111413478851318e-01 3.739471361041069031e-02
4.877008199691772461e-01 3.772229328751564026e-02
4.791959524154663086e-01 3.802853077650070190e-02
4.706822037696838379e-01 3.831293061375617981e-02
4.621706306934356689e-01 3.859028220176696777e-02
4.536358714103698730e-01 3.885829448699951172e-02
4.450819492340087891e-01 3.912948071956634521e-02
4.365454316139221191e-01 3.941401839256286621e-02
4.280187189579010010e-01 3.969055041670799255e-02
4.195009171962738037e-01 3.995324671268463135e-02
4.109867811203002930e-01 4.018358886241912842e-02
4.024815559387207031e-01 4.039077460765838623e-02
3.939874470233917236e-01 4.056873545050621033e-02
3.855132758617401123e-01 4.072361439466476440e-02
3.770248293876647949e-01 4.085990414023399353e-02
3.685099184513092041e-01 4.099573194980621338e-02
3.600097000598907471e-01 4.114211723208427429e-02
3.514983355998992920e-01 4.127564281225204468e-02
3.429857790470123291e-01 4.139456525444984436e-02
3.344908058643341064e-01 4.148459434509277344e-02
3.260200917720794678e-01 4.155253991484642029e-02
3.175821900367736816e-01 4.158711805939674377e-02
3.091591596603393555e-01 4.160296171903610229e-02
3.007372319698333740e-01 4.158921539783477783e-02
2.923039793968200684e-01 4.155339673161506653e-02
2.838989198207855225e-01 4.149844869971275330e-02
2.755056023597717285e-01 4.141247645020484924e-02
2.671271860599517822e-01 4.130242764949798584e-02
2.587634027004241943e-01 4.117368161678314209e-02
2.504035532474517822e-01 4.102641344070434570e-02
2.420414984226226807e-01 4.086514189839363098e-02
2.336627990007400513e-01 4.070086404681205750e-02
2.252880781888961792e-01 4.051161184906959534e-02
2.168978601694107056e-01 4.029406607151031494e-02
2.085520774126052856e-01 4.003560915589332581e-02
2.002387791872024536e-01 3.971753269433975220e-02
1.919311732053756714e-01 3.934776782989501953e-02
1.836305409669876099e-01 3.891420736908912659e-02
1.753397881984710693e-01 3.841596469283103943e-02
1.670611053705215454e-01 3.787661343812942505e-02
1.588194519281387329e-01 3.730751201510429382e-02
1.506322473287582397e-01 3.670704364776611328e-02
1.424654424190521240e-01 3.606179729104042053e-02
1.343842148780822754e-01 3.536364063620567322e-02
1.263646334409713745e-01 3.459435328841209412e-02
1.183852329850196838e-01 3.376421332359313965e-02
1.104405298829078674e-01 3.284575790166854858e-02
1.025297567248344421e-01 3.185013309121131897e-02
9.466204792261123657e-02 3.079380467534065247e-02
8.687351644039154053e-02 2.968097664415836334e-02
7.918281108140945435e-02 2.850773930549621582e-02
7.158478349447250366e-02 2.726259455084800720e-02
6.414719671010971069e-02 2.594381570816040039e-02
5.688374489545822144e-02 2.453844062983989716e-02
4.980138316750526428e-02 2.304818853735923767e-02
4.289841651916503906e-02 2.144698053598403931e-02
3.622543439269065857e-02 1.973832771182060242e-02
2.985459938645362854e-02 1.789861731231212616e-02
2.389989420771598816e-02 1.594137772917747498e-02
1.848001405596733093e-02 1.387546490877866745e-02
1.369503233581781387e-02 1.174774765968322754e-02
9.651940315961837769e-03 9.608895517885684967e-03
6.413457915186882019e-03 7.542127743363380432e-03
3.958249464631080627e-03 5.625811405479907990e-03
2.191900275647640228e-03 3.937324974685907364e-03
1.046879333443939686e-03 2.505097305402159691e-03
3.764070861507207155e-04 1.315916539169847965e-03
5.398810026235878468e-05 3.731217584572732449e-04
-4.549397999653592706e-05 -3.949029778596013784e-04
-1.093276296160183847e-05 -1.044188160449266434e-03
9.717373177409172058e-05 -1.660792389884591103e-03
2.820003719534724951e-04 -2.258828375488519669e-03
5.823412211611866951e-04 -2.891437849029898643e-03
1.067135366611182690e-03 -3.567556384950876236e-03
1.912639243528246880e-03 -4.337549675256013870e-03
3.236971097066998482e-03 -5.196026060730218887e-03
5.219826474785804749e-03 -6.139025557786226273e-03
8.022029884159564972e-03 -7.178059779107570648e-03
1.177338697016239166e-02 -8.295157924294471741e-03
1.648136228322982788e-02 -9.469470940530300140e-03
2.211720123887062073e-02 -1.062065828591585159e-02
2.857485786080360413e-02 -1.173915527760982513e-02
3.567311540246009827e-02 -1.278087403625249863e-02
4.323777556419372559e-02 -1.373280305415391922e-02
5.106080695986747742e-02 -1.455838046967983246e-02
5.901698395609855652e-02 -1.527483016252517700e-02
6.702531874179840088e-02 -1.588672958314418793e-02
7.505261152982711792e-02 -1.640710793435573578e-02
8.305954188108444214e-02 -1.684550754725933075e-02
9.108614176511764526e-02 -1.720781251788139343e-02
9.915447980165481567e-02 -1.751472800970077515e-02
1.072810143232345581e-01 -1.777106150984764099e-02
1.154811829328536987e-01 -1.798654720187187195e-02
1.237638741731643677e-01 -1.817213185131549835e-02
1.321201920509338379e-01 -1.834842376410961151e-02
1.405200213193893433e-01 -1.851730421185493469e-02
1.489532291889190674e-01 -1.867283321917057037e-02
1.573903411626815796e-01 -1.881283894181251526e-02
1.658374667167663574e-01 -1.893655955791473389e-02
1.742822676897048950e-01 -1.902336813509464264e-02
1.827350556850433350e-01 -1.908240094780921936e-02
1.911916732788085938e-01 -1.912938989698886871e-02
1.996616274118423462e-01 -1.916430518031120300e-02
2.081175446510314941e-01 -1.918902620673179626e-02
2.165489792823791504e-01 -1.919979974627494812e-02
2.249819785356521606e-01 -1.917778328061103821e-02
2.334121167659759521e-01 -1.912999711930751801e-02
2.418560683727264404e-01 -1.905091293156147003e-02
2.503202855587005615e-01 -1.893559098243713379e-02
2.588193118572235107e-01 -1.880950294435024261e-02
2.673302590847015381e-01 -1.869484223425388336e-02
2.758513689041137695e-01 -1.857390627264976501e-02
2.843552827835083008e-01 -1.844501495361328125e-02
2.928499281406402588e-01 -1.830415613949298859e-02
3.013550043106079102e-01 -1.813794858753681183e-02
3.098633289337158203e-01 -1.795355975627899170e-02
3.183897435665130615e-01 -1.773709990084171295e-02
3.269434571266174316e-01 -1.749159023165702820e-02
3.355190753936767578e-01 -1.723436079919338226e-02
3.440944850444793701e-01 -1.697594672441482544e-02
3.526648879051208496e-01 -1.670339889824390411e-02
3.612081110477447510e-01 -1.642004214227199554e-02
3.697409927845001221e-01 -1.613325439393520355e-02
3.782625198364257812e-01 -1.584093086421489716e-02
3.867825865745544434e-01 -1.555449236184358597e-02
3.953172266483306885e-01 -1.526329107582569122e-02
4.038826525211334229e-01 -1.497834920883178711e-02
4.124670624732971191e-01 -1.471088454127311707e-02
4.210643470287322998e-01 -1.445425022393465042e-02
4.296773076057434082e-01 -1.419557537883520126e-02
4.382817745208740234e-01 -1.393822487443685532e-02
4.468878805637359619e-01 -1.367720589041709900e-02
4.554665684700012207e-01 -1.341368816792964935e-02
4.640351533889770508e-01 -1.313675940036773682e-02
4.726009666919708252e-01 -1.283567678183317184e-02
4.811611771583557129e-01 -1.252516917884349823e-02
4.897170960903167725e-01 -1.220710296183824539e-02
4.982864558696746826e-01 -1.187312323600053787e-02
5.068706870079040527e-01 -1.152816228568553925e-02
5.154420137405395508e-01 -1.118763256818056107e-02
5.240099430084228516e-01 -1.085272245109081268e-02
5.325508713722229004e-01 -1.053102035075426102e-02
5.410858988761901855e-01 -1.019490975886583328e-02
5.496249794960021973e-01 -9.850721806287765503e-03
5.581501722335815430e-01 -9.505790658295154572e-03
5.666916966438293457e-01 -9.143358096480369568e-03
5.752743482589721680e-01 -8.760191500186920166e-03
5.838763117790222168e-01 -8.367451839148998260e-03
5.924906730651855469e-01 -7.953282445669174194e-03
6.011326909065246582e-01 -7.525401655584573746e-03
6.097887754440307617e-01 -7.089921738952398300e-03
6.184674501419067383e-01 -6.640030071139335632e-03
6.271505951881408691e-01 -6.200470961630344391e-03
6.358144879341125488e-01 -5.764247383922338486e-03
6.444507241249084473e-01 -5.326542537659406662e-03
6.530629396438598633e-01 -4.900766070932149887e-03
6.616312265396118164e-01 -4.494312219321727753e-03
6.701710224151611328e-01 -4.086755216121673584e-03
6.787146329879760742e-01 -3.681122325360774994e-03
6.872720122337341309e-01 -3.286241320893168449e-03
6.958683133125305176e-01 -2.900694962590932846e-03
7.044931054115295410e-01 -2.528365468606352806e-03
7.131416797637939453e-01 -2.138520823791623116e-03
7.217657566070556641e-01 -1.751289586536586285e-03
7.303555607795715332e-01 -1.369264791719615459e-03
7.388988137245178223e-01 -9.940449381247162819e-04
7.473960518836975098e-01 -6.273504113778471947e-04
7.558760046958923340e-01 -2.576845872681587934e-04
7.643544077873229980e-01 9.110887185670435429e-05
7.728582024574279785e-01 4.123186809010803699e-04
7.813940644264221191e-01 7.156222127377986908e-04
7.899678349494934082e-01 1.016466296277940273e-03
7.985419631004333496e-01 1.282820594497025013e-03
8.071095347404479980e-01 1.535198534838855267e-03
8.156675696372985840e-01 1.778025180101394653e-03
8.242142796516418457e-01 2.019901992753148079e-03
8.327490091323852539e-01 2.277266234159469604e-03
8.412509560585021973e-01 2.521640388295054436e-03
8.497047424316406250e-01 2.748856320977210999e-03
8.581195473670959473e-01 2.954602474346756935e-03
8.665128350257873535e-01 3.111483762040734291e-03
8.748788833618164062e-01 3.206000430509448051e-03
8.832616806030273438e-01 3.252513241022825241e-03
8.916617631912231445e-01 3.254618961364030838e-03
9.001050591468811035e-01 3.244645195081830025e-03
9.085755348205566406e-01 3.215654520317912102e-03
9.170117378234863281e-01 3.152545308694243431e-03
9.253915548324584961e-01 3.081226022914052010e-03
9.341043233871459961e-01 2.944211708381772041e-03
9.422745704650878906e-01 2.764105563983321190e-03
9.500485062599182129e-01 2.545807044953107834e-03
9.575930237770080566e-01 2.285514026880264282e-03
9.650222063064575195e-01 1.980944303795695305e-03
9.686134457588195801e-01 1.817898242734372616e-03
9.758865237236022949e-01 1.441904110834002495e-03
9.834517240524291992e-01 9.850825881585478783e-04
9.915145039558410645e-01 4.302847664803266525e-04
1.000280380249023438e+00 -2.396382187725976110e-04
