Airfoils2D_189F
9.999989050145768887e-01 2.203682046077632426e-04
9.916765180461579732e-01 8.065723215065577880e-04
9.833323091018610906e-01 1.432772404734162760e-03
9.749657240409997927e-01 2.095010045516733192e-03
9.665762078178209427e-01 2.789253201983901177e-03
9.581632023501788220e-01 3.511394520885577873e-03
9.497261002557846332e-01 4.257253652212058571e-03
9.412641008636731810e-01 5.022588976743035984e-03
9.327768803216748283e-01 5.803034709092205409e-03
9.242638507677451987e-01 6.594165175656427694e-03
9.157256851737076708e-01 7.391352087223555974e-03
9.071969110042182871e-01 8.186733154007291152e-03
8.986943545712702264e-01 8.974122370360193210e-03
8.902173889505375914e-01 9.749047073451949652e-03
8.817654303865737342e-01 1.050711465340305184e-02
8.733380463524691439e-01 1.124400163354545047e-02
8.649343477501971744e-01 1.195550452497138802e-02
8.565281513444091832e-01 1.264101480131266109e-02
8.480947041099705652e-01 1.330542644501184896e-02
8.396338411169522731e-01 1.395302105116806232e-02
8.311455155771404479e-01 1.458814887789147523e-02
8.226297874856985937e-01 1.521523342199376273e-02
8.140869494894915626e-01 1.583876511670453610e-02
8.055348821273702331e-01 1.646203627559455346e-02
7.970079379582805101e-01 1.708716219470613265e-02
7.884891958883479823e-01 1.771885889238354952e-02
7.799605750065340404e-01 1.835770582926456521e-02
7.714218854663306146e-01 1.900194312417090303e-02
7.628729267567841976e-01 1.964979876494028777e-02
7.543156599024729569e-01 2.029932356562710524e-02
7.457651396685419654e-01 2.094756554175579433e-02
7.372248569339244773e-01 2.159245745992552715e-02
7.286946716875084551e-01 2.223222076607165101e-02
7.201697380736316045e-01 2.286572137670540850e-02
7.116457156259496930e-01 2.349281974814687590e-02
7.031225946568314678e-01 2.411328804150728380e-02
6.946003693013718117e-01 2.472689836018209658e-02
6.860790401159182483e-01 2.533342258173976180e-02
6.775585833225363785e-01 2.593263453600341828e-02
6.690389892473465050e-01 2.652430724683385241e-02
6.605202486208163748e-01 2.710821392553093220e-02
6.520023686261413598e-01 2.768412689502994933e-02
6.434853222715076759e-01 2.825182101950512309e-02
6.349690998746649884e-01 2.881107018287917473e-02
6.264536917476282163e-01 2.936164848328352492e-02
6.179391018556114057e-01 2.990332937100959390e-02
6.094253105826259453e-01 3.043588803080787830e-02
6.009123044115898260e-01 3.095909944721846746e-02
5.924000736149609425e-01 3.147273857419138204e-02
5.838886169103528756e-01 3.197658008284430531e-02
5.753779248225657783e-01 3.247039936670831350e-02
5.668679787799013603e-01 3.295397254480773863e-02
5.583587689874593973e-01 3.342707542243896629e-02
5.498502881020279620e-01 3.388948388376424731e-02
5.413425383256877943e-01 3.434097353546466946e-02
5.328354952212069895e-01 3.478132161905712200e-02
5.243291488960966085e-01 3.521030478540902037e-02
5.158234894287745398e-01 3.562769989540135601e-02
5.073185193476161814e-01 3.603328343299976727e-02
4.988142204116887690e-01 3.642683310708003108e-02
4.903105783102009174e-01 3.680812661413209591e-02
4.818075829829673307e-01 3.717694165103414827e-02
4.733052290665399897e-01 3.753305592710542288e-02
4.648035134259789203e-01 3.787624729734338086e-02
4.563024374179155407e-01 3.820629369317951607e-02
4.478034025891721170e-01 3.852283784909714404e-02
4.393077376602846917e-01 3.882522174633760981e-02
4.308155461323031066e-01 3.911276562968196008e-02
4.223268540135076132e-01 3.938479448632998398e-02
4.138417003665835758e-01 3.964063469278114593e-02
4.053601363407299263e-01 3.987961414880016042e-02
3.968822147527936717e-01 4.010106265211028920e-02
3.884080298783144647e-01 4.030431100254880383e-02
3.799375867848310273e-01 4.048869416421119194e-02
3.714709359557010759e-01 4.065354779180745115e-02
3.630081276306221794e-01 4.079820946493822181e-02
3.545492161533765341e-01 4.092201862389189398e-02
3.460942871307544078e-01 4.102431632612328627e-02
3.376433490765914369e-01 4.110444654481969218e-02
3.291964509120610671e-01 4.116175450384493978e-02
3.207536411411977539e-01 4.119558731693145209e-02
3.123149678138444907e-01 4.120529397831562690e-02
3.038805165160533561e-01 4.119022547718742544e-02
2.954503001182218758e-01 4.114973466889220582e-02
2.870243606971645267e-01 4.108317612679182607e-02
2.786027440852932857e-01 4.098990625758401618e-02
2.701854954627246341e-01 4.086928328486461731e-02
2.617726750337667219e-01 4.072066753692434732e-02
2.533643345770499877e-01 4.054342116622646625e-02
2.449604927607919591e-01 4.033690735725239257e-02
2.365611917174552659e-01 4.010049142391576560e-02
2.281664727133796977e-01 3.983354039842821465e-02
2.197763761048937836e-01 3.953542300658304670e-02
2.113909608816142982e-01 3.920551044964957349e-02
2.030102626180503855e-01 3.884317486190572155e-02
1.946343012803452288e-01 3.844778923254803249e-02
1.862633982755484419e-01 3.801874397103344183e-02
1.779151429199009593e-01 3.755539148444814179e-02
1.696065439154820220e-01 3.705345512487263210e-02
1.613383447383370806e-01 3.650707990449737761e-02
1.531111693961219877e-01 3.591056880107480753e-02
1.449254420591527537e-01 3.525836884650617592e-02
1.367815289283839664e-01 3.454507262284432084e-02
1.286798476632634025e-01 3.376542228494248954e-02
1.206206168566808512e-01 3.291427988045436681e-02
1.125916534777730293e-01 3.198589129050761343e-02
1.045820584731173980e-01 3.097713226145765511e-02
9.659319741323207920e-02 2.988683072172640745e-02
8.862653240743655070e-02 2.871384055252984568e-02
8.068350719758951572e-02 2.745702862721777215e-02
7.276554624612012467e-02 2.611527437408920488e-02
6.487405382849004143e-02 2.468746925617231955e-02
5.701267186317608010e-02 2.317296463172247023e-02
4.938837282869677076e-02 2.160173459694026202e-02
4.217013292195333912e-02 1.996543698209854445e-02
3.531671839053557999e-02 1.821817182321129949e-02
2.879757361029247967e-02 1.632612682891636594e-02
2.257923255917316380e-02 1.426073810592350631e-02
1.663385170904696508e-02 1.199840372739779427e-02
1.093206816896082414e-02 9.516024844128374502e-03
5.644367054541437299e-03 6.894800330617192018e-03
3.402271983814332632e-03 5.587306014893060092e-03
2.202705438320549675e-03 4.651982438211638669e-03
1.511132704094900322e-03 3.931679947495001284e-03
9.410130331203131167e-04 3.127825168611934187e-03
5.561470216155932128e-04 2.351205207201408683e-03
2.864333035409572350e-04 1.509817915666109662e-03
1.534683338968041960e-04 6.845838735714178955e-04
1.513665696815708517e-04 -1.370197772727896400e-04
2.784075687734588792e-04 -9.163576557269728510e-04
5.052283221482163416e-04 -1.613752236422826393e-03
8.272251445078402732e-04 -2.260518773850525749e-03
1.262468622745942367e-03 -2.869991433273069888e-03
1.800206575193000159e-03 -3.404195368908531812e-03
2.478770711260613272e-03 -3.895239153582099288e-03
3.577135760668002495e-03 -4.463136506844603106e-03
5.786648677917242446e-03 -5.256713871294018368e-03
1.179609874780206125e-02 -7.050530033616352922e-03
1.819378906012907374e-02 -8.672571434870417900e-03
2.479519481568407194e-02 -1.007413660321023613e-02
3.162137814675842346e-02 -1.127384920208431875e-02
3.870256579074014130e-02 -1.229379874674257564e-02
4.605521914126646521e-02 -1.315755080198734508e-02
5.370678444759995757e-02 -1.389589352904103958e-02
6.168587198426221663e-02 -1.454734261595042391e-02
6.983859068930217684e-02 -1.513691850506955310e-02
7.801249947546877450e-02 -1.566238801330441591e-02
8.620751759501289746e-02 -1.612639421695188577e-02
9.442354622010146192e-02 -1.653161316534874567e-02
1.026604700866377978e-01 -1.688075528802348430e-02
1.109181591389382798e-01 -1.717656666296012158e-02
1.191964701630944395e-01 -1.742183015834432996e-02
1.274952483978803175e-01 -1.761936646079265839e-02
1.358143291130626817e-01 -1.777203500350653734e-02
1.441535409426853709e-01 -1.788273482757605018e-02
1.525128631942759549e-01 -1.795440630018773492e-02
1.608919597283760827e-01 -1.799002753805752086e-02
1.692906408513925876e-01 -1.799262078769532300e-02
1.777087140531546372e-01 -1.796525068714555778e-02
1.861459852263382952e-01 -1.791102488062577477e-02
1.946021827046139352e-01 -1.783309535516702793e-02
2.030683751102524692e-01 -1.773421823658085511e-02
2.115370855646277470e-01 -1.761536915974573972e-02
2.200083320799010034e-01 -1.747707117952835079e-02
2.284821323988039665e-01 -1.731984851193753630e-02
2.369585137911599526e-01 -1.714422632893631421e-02
2.454375115151791187e-01 -1.695073070166788071e-02
2.539191151772017818e-01 -1.673988991843299717e-02
2.624033416201737023e-01 -1.651223291813011529e-02
2.708902075080133476e-01 -1.626828983519035265e-02
2.793797500316592686e-01 -1.600859135360490140e-02
2.878719832730224359e-01 -1.573366998218574467e-02
2.963669053624035099e-01 -1.544406001694676421e-02
3.048645324063389839e-01 -1.514029643304709571e-02
3.133648804117012965e-01 -1.482291542602296591e-02
3.218680041173115347e-01 -1.449245287851726356e-02
3.303738823671833469e-01 -1.414944879095533618e-02
3.388825294543222344e-01 -1.379444310739843735e-02
3.473939611238361369e-01 -1.342797695053955971e-02
3.559082154794714903e-01 -1.305059167593577985e-02
3.644253052624769618e-01 -1.266283094498134656e-02
3.729452270256357616e-01 -1.226524045011427068e-02
3.814679964526020428e-01 -1.185836629637737442e-02
3.899936398181387265e-01 -1.144275531952049403e-02
3.985221947211964877e-01 -1.101895500445977845e-02
4.070536447615426545e-01 -1.058751677842677784e-02
4.155880057274373707e-01 -1.014899177764735060e-02
4.241252968786113353e-01 -9.703932221858790202e-03
4.326655715182193829e-01 -9.252889782097390575e-03
4.412088050812282836e-01 -8.796421498526631882e-03
4.497550135909412217e-01 -8.335083585762235667e-03
4.583042141052329210e-01 -7.869433481004651371e-03
4.668564404246401400e-01 -7.400028968102236732e-03
4.754095876040638768e-01 -6.927419937412669822e-03
4.839619262478325745e-01 -6.451696800533472664e-03
4.925134668474599464e-01 -5.972759173689079840e-03
5.010642167827633608e-01 -5.490506896431276464e-03
5.096141987587661237e-01 -5.004838987408131989e-03
5.181634276794917504e-01 -4.515654941021057973e-03
5.267119181803386896e-01 -4.022854307511281383e-03
5.352596777091472857e-01 -3.526337096951989453e-03
5.438067289595973630e-01 -3.026002477278774087e-03
5.523530868681767458e-01 -2.521750101992820126e-03
5.608987662602076263e-01 -2.013479671226124472e-03
5.694437743584301881e-01 -1.501091383012928635e-03
5.779881339932434470e-01 -9.844845431949233831e-04
5.865318601355224981e-01 -4.635589629118693628e-04
5.950749677649415093e-01 6.178550759275446870e-05
6.036176734145335399e-01 5.916615225846830455e-04
6.121753202834775420e-01 1.126002237022789279e-03
6.207168613422532344e-01 1.657631720652001954e-03
6.292230557707890748e-01 2.179203309562559830e-03
6.376941232541489812e-01 2.684737036872594795e-03
6.461309650832681717e-01 3.168443417935764509e-03
6.545341889244704614e-01 3.624658626687142504e-03
6.629043344124330162e-01 4.047854680624603588e-03
6.712419351595280137e-01 4.432639118944487443e-03
6.795710536368598786e-01 4.775912103375931292e-03
6.879213719748623612e-01 5.080458003130962873e-03
6.962933048754267329e-01 5.349521374247075481e-03
7.046869230136239004e-01 5.586380542498272164e-03
7.131023013878842187e-01 5.794363243849411441e-03
7.215395105712376633e-01 5.976847305928698582e-03
7.299986565101802549e-01 6.137262365644336956e-03
7.384798304295653315e-01 6.279089663045024118e-03
7.469697578149562256e-01 6.404893388343179707e-03
7.554565283441776469e-01 6.514491866060106301e-03
7.639399834893683128e-01 6.607248161622079896e-03
7.724200159963260370e-01 6.682528033051764529e-03
7.808965301330780262e-01 6.739699201862791277e-03
7.893694637723237539e-01 6.778131312127462504e-03
7.978387287862778177e-01 6.797195480407102787e-03
8.063042372789606116e-01 6.796264552616163544e-03
8.147658801759832814e-01 6.774713181882727545e-03
8.232235705465480446e-01 6.731917823598168420e-03
8.316772427837669790e-01 6.667256467941712166e-03
8.401268102267044346e-01 6.580108845790006052e-03
8.485721866022933879e-01 6.469856394946379811e-03
8.570132719557027601e-01 6.335882497895435096e-03
8.654499686394291347e-01 6.177572358519007115e-03
8.738822185138299670e-01 5.994312113196462524e-03
8.823099372077165548e-01 5.785489961448543605e-03
8.907330409124278869e-01 5.550495769429014334e-03
8.991514464185249578e-01 5.288721059032146059e-03
9.075650361553746492e-01 4.999560256847564166e-03
9.159737602970904335e-01 4.682407250378993989e-03
9.243775410502507173e-01 4.336658344662337912e-03
9.327762979965210643e-01 3.961711554953611415e-03
9.411699515097433633e-01 3.556966478916658448e-03
9.495584173450859478e-01 3.121824570672508854e-03
9.579415927602528136e-01 2.655690023380665940e-03
9.663194315347989338e-01 2.157965524624428071e-03
9.746918576311606186e-01 1.628056798582916713e-03
9.830587960067468378e-01 1.065371040869795899e-03
9.914201726549023430e-01 4.693168911437264695e-04
9.997759146459188617e-01 -1.606955962044460885e-04
