Airfoils2D_012F
9.999994474530468080e-01 3.234411998460801096e-05
9.916027759394304697e-01 7.549279050984829958e-04
9.831875464858128577e-01 1.507237026032420173e-03
9.747533215275357987e-01 2.285867865326295014e-03
9.662996603017051100e-01 3.087364607684540702e-03
9.578261082596707388e-01 3.908219274574797897e-03
9.493319522742810213e-01 4.744895070312970566e-03
9.408169938531953935e-01 5.593749138700926035e-03
9.322807694357114761e-01 6.451107499782546273e-03
9.237254123504174963e-01 7.312976938278622011e-03
9.151815957696157744e-01 8.172444806241064424e-03
9.066591635601989330e-01 9.024721433096473053e-03
8.981576494474161620e-01 9.866112980198184571e-03
8.896765942173768815e-01 1.069298182888200888e-02
8.812157757185246076e-01 1.150172382663009613e-02
8.727745308188259443e-01 1.228883256590418936e-02
8.643521275877233956e-01 1.305085961248194162e-02
8.559299508542330681e-01 1.378701701436951810e-02
8.474898330208963104e-01 1.450057041065897986e-02
8.390314688693383260e-01 1.519423002551184738e-02
8.305551513854267931e-01 1.587068630840637873e-02
8.220610265073740042e-01 1.653267437577406532e-02
8.135492313497012518e-01 1.718296243950025171e-02
8.050197957824850592e-01 1.782435952539286605e-02
7.964728468121737848e-01 1.845970043131582930e-02
7.879086439417921639e-01 1.909184413399430888e-02
7.793312761358779373e-01 1.972340202855274102e-02
7.707659355829629133e-01 2.035545359875540888e-02
7.622178115457456382e-01 2.099053111135263522e-02
7.536869484023394072e-01 2.163151157801860083e-02
7.451734875619788756e-01 2.228123109902878374e-02
7.366776699940053019e-01 2.294248463833678184e-02
7.281987470258278750e-01 2.361811338295650292e-02
7.196716352520042825e-01 2.431220929070486078e-02
7.111684581254870130e-01 2.500207107192811001e-02
7.027804102722754465e-01 2.566018897876294960e-02
6.945021161651716568e-01 2.626846560783132820e-02
6.862156430372281513e-01 2.682378403956777943e-02
6.778034526238641000e-01 2.734735040218018096e-02
6.692657473645760025e-01 2.785972554277345303e-02
6.607627396881591286e-01 2.837356374467129780e-02
6.523090319779759616e-01 2.890556571066897618e-02
6.438256665446386862e-01 2.945978769163360572e-02
6.353118496750752575e-01 3.003111750426146545e-02
6.267670413265485907e-01 3.061431201528568707e-02
6.181923107782788529e-01 3.120389890282572118e-02
6.096293810263875290e-01 3.179150902658969824e-02
6.010977532853616356e-01 3.237033594569096312e-02
5.925966503488616643e-01 3.293508411237783262e-02
5.841096974217870885e-01 3.348252391147837209e-02
5.756218565500771378e-01 3.401287599545540358e-02
5.671329740680570719e-01 3.452620096498253133e-02
5.586430392260317568e-01 3.502255005798089044e-02
5.501520407318762906e-01 3.550197454306606298e-02
5.416599663350728511e-01 3.596452573649400880e-02
5.331668030302660899e-01 3.641025498230883450e-02
5.246725422831182151e-01 3.683921338633797810e-02
5.161771728883497445e-01 3.725145220004107138e-02
5.076806836621459151e-01 3.764702267152093135e-02
4.991830607637168793e-01 3.802597616269021846e-02
4.906842945679079082e-01 3.838836383712583566e-02
4.821843750772464299e-01 3.873423688360837919e-02
4.736832911941785129e-01 3.906364654003706416e-02
4.651810312335201703e-01 3.937664406448349030e-02
4.566776025541890993e-01 3.967328005646545558e-02
4.481747115582109808e-01 3.995344713024034239e-02
4.396738734851519115e-01 4.021669201898539492e-02
4.311751672059466745e-01 4.046253374852456369e-02
4.226786867557643101e-01 4.069049198811375972e-02
4.141845001532664106e-01 4.090008819041352633e-02
4.056926664038903452e-01 4.109084494949136884e-02
3.972032589817311443e-01 4.126228544765279255e-02
3.887163511970280760e-01 4.141393386241586094e-02
3.802320454106807301e-01 4.154531494838188677e-02
3.717503896415876863e-01 4.165595538125484165e-02
3.632714520919772538e-01 4.174538239753761842e-02
3.547953052432346599e-01 4.181312414841990843e-02
3.463220213259371461e-01 4.185870977299821494e-02
3.378517048474160567e-01 4.188166935168445570e-02
3.293843948458051729e-01 4.188153421506365937e-02
3.209201625592094098e-01 4.185783645403367420e-02
3.124590790214039626e-01 4.181010913453774014e-02
3.040012149198382807e-01 4.173788629386301907e-02
2.955466706197961702e-01 4.164070332625677967e-02
2.870954872662747626e-01 4.151809600957245827e-02
2.786477328856168945e-01 4.136960125277408529e-02
2.702034765682763129e-01 4.119475692868134614e-02
2.617627869553866837e-01 4.099310185195478851e-02
2.533257539386407631e-01 4.076417639635325496e-02
2.448924318174529324e-01 4.050752102369501589e-02
2.364628791317312517e-01 4.022267710727371604e-02
2.280371624988733747e-01 3.990918714633327757e-02
2.196153479782314843e-01 3.956659453566237911e-02
2.111975087420914499e-01 3.919444390787584637e-02
2.027837230289491477e-01 3.879228115970463631e-02
1.943740337114950312e-01 3.835965139401760482e-02
1.859687583508064512e-01 3.789611574381655107e-02
1.775798148926137354e-01 3.740119074479487937e-02
1.692168377239001986e-01 3.687199085532520682e-02
1.608802031201588822e-01 3.630470350737979163e-02
1.525701841695669414e-01 3.569557783996262640e-02
1.442868575072317749e-01 3.504091341313950170e-02
1.360304189176850809e-01 3.433708082105513953e-02
1.278010468569081293e-01 3.358051093505676210e-02
1.195989745503263646e-01 3.276770040149859509e-02
1.114281138376808089e-01 3.189539481617204714e-02
1.032929876355448140e-01 3.095985965960305203e-02
9.519565051462156036e-02 2.995707936825606904e-02
8.713809401768220220e-02 2.888313142084255464e-02
7.912226513910010361e-02 2.773418701125736005e-02
7.115005979480008846e-02 2.650650875944098733e-02
6.322331627537500220e-02 2.519644793883286243e-02
5.535236917426347714e-02 2.380199265543923512e-02
4.783418681259406224e-02 2.235838135111548400e-02
4.081565300964948989e-02 2.083929391852431395e-02
3.423901595473903547e-02 1.919331256014427875e-02
2.804275410457388387e-02 1.738071154152581732e-02
2.218048190204378878e-02 1.537203641916343698e-02
1.660671060043788019e-02 1.314033412323601345e-02
1.127741212717870561e-02 1.065739213669645614e-02
6.355917908412370490e-03 8.009346960352693723e-03
3.705624709592356472e-03 6.329017085198310362e-03
2.411752952867374494e-03 5.258489041555708399e-03
1.566282219629557600e-03 4.338925366814998935e-03
9.652622681490713496e-04 3.456337082782633043e-03
5.551643120013248674e-04 2.604767166939722049e-03
2.762679877076941329e-04 1.722208816686911703e-03
1.324321010441469352e-04 8.574117864409584516e-04
1.149160068429338892e-04 -2.815717058175570275e-06
2.237349982798305542e-04 -8.380152039415280588e-04
4.503330728297212844e-04 -1.639209749089363434e-03
8.029164863793299134e-04 -2.427459233496197070e-03
1.303057020903678137e-03 -3.204467625307335765e-03
1.984573621005582787e-03 -3.968303918130562311e-03
2.970265562623653540e-03 -4.790242453138393239e-03
4.621093402303784632e-03 -5.815624439776565131e-03
7.445497651247092417e-03 -7.151399348999679974e-03
1.107105201811870929e-02 -8.460187080759823397e-03
1.525269363567501035e-02 -9.544736064357812327e-03
2.036950866348489694e-02 -1.045126400495482825e-02
2.743850589593337802e-02 -1.133481954337116349e-02
3.542560388077115735e-02 -1.232571540554037830e-02
4.377173537292414207e-02 -1.343016708046002559e-02
5.194787299422561067e-02 -1.449549423372023353e-02
5.968363196471015292e-02 -1.541121479177155404e-02
6.726107095433038474e-02 -1.616364555842137937e-02
7.494641563304343945e-02 -1.678212016651045579e-02
8.274841159425344594e-02 -1.727968137118599326e-02
9.067026515106865747e-02 -1.766983264493905692e-02
9.871386478413375631e-02 -1.796724634636286122e-02
1.068816615605732573e-01 -1.818802322234790159e-02
1.151769841695462759e-01 -1.834982187437994572e-02
1.236019918942537765e-01 -1.847198774177221878e-02
1.321012153672969924e-01 -1.857206264397697620e-02
1.406010911752769987e-01 -1.865371136047516351e-02
1.491001672123964394e-01 -1.871699224084627522e-02
1.575986433828249489e-01 -1.876198302374417273e-02
1.660967151748908854e-01 -1.878876133863852105e-02
1.745945772515824779e-01 -1.879740475451882956e-02
1.830924260958088357e-01 -1.878799078439779766e-02
1.915904581309924859e-01 -1.876059687557178612e-02
2.000894714986326262e-01 -1.871532901495620918e-02
2.085902612354232633e-01 -1.865244817177626191e-02
2.170928249916095065e-01 -1.857226702239196323e-02
2.255971487801320396e-01 -1.847509872315418467e-02
2.341032277120831395e-01 -1.836125671643214913e-02
2.426110525982330124e-01 -1.823105486246505771e-02
2.511205949940543691e-01 -1.808480775438535415e-02
2.596318404841019278e-01 -1.792283023273064102e-02
2.681447745611034716e-01 -1.774543756202944314e-02
2.766594039523702087e-01 -1.755294493136441702e-02
2.851756953004239703e-01 -1.734566881775773117e-02
2.936936313171231161e-01 -1.712392582167003921e-02
3.022131971811111706e-01 -1.688803291656220187e-02
3.107343895672490808e-01 -1.663830715681053826e-02
3.192571947619686767e-01 -1.637506628131572134e-02
3.277815850675165343e-01 -1.609862891672792298e-02
3.363075454327906222e-01 -1.580931375878472447e-02
3.448350641634349567e-01 -1.550743981188413938e-02
3.533641440648744858e-01 -1.519332594758192843e-02
3.618947487159728249e-01 -1.486729289684579278e-02
3.704268629134374602e-01 -1.452966108678395776e-02
3.789604714272971631e-01 -1.418075137777458430e-02
3.874955809891765801e-01 -1.382088412312923974e-02
3.960321575865903276e-01 -1.345038179509965015e-02
4.045701827856049704e-01 -1.306956668908189172e-02
4.131096412909918136e-01 -1.267876140415569002e-02
4.216505352338247858e-01 -1.227828814712506912e-02
4.301928400603323710e-01 -1.186847077954625296e-02
4.387365323782456694e-01 -1.144963358269479592e-02
4.472815968886920679e-01 -1.102210089844383838e-02
4.558280327944392307e-01 -1.058619675816186052e-02
4.643758245556024455e-01 -1.014224634900061719e-02
4.729252331207368654e-01 -9.690575852618572850e-03
4.814766184786878900e-01 -9.231576147698847962e-03
4.900300523100757366e-01 -8.765673864237842616e-03
4.985855824609705667e-01 -8.293297650624139455e-03
5.071432395773570745e-01 -7.814877892535284851e-03
5.157030716147591454e-01 -7.330844806186523344e-03
5.242651454165103697e-01 -6.841628292139005467e-03
5.328295070920648913e-01 -6.347660184131184019e-03
5.413961878303076292e-01 -5.849373969301349847e-03
5.499652356456802282e-01 -5.347202953128016301e-03
5.585367215586289902e-01 -4.841579856774230056e-03
5.671106843063116187e-01 -4.332940071690788257e-03
5.756871585137107727e-01 -3.821720032155917924e-03
5.842661922958272136e-01 -3.308356161482992920e-03
5.928478637475363966e-01 -2.793283865462681259e-03
6.014322197798340763e-01 -2.276941200404680038e-03
6.100199899416046678e-01 -1.759839585960997627e-03
6.186033833137883908e-01 -1.243511078721706332e-03
6.271799465894682957e-01 -7.293040832719253344e-04
6.357498160245724783e-01 -2.184053131236959378e-04
6.443130298366936959e-01 2.879983923162534611e-04
6.528696123315135269e-01 7.887251278148030070e-04
6.614195332244275916e-01 1.282595613783252394e-03
6.699623880683199806e-01 1.768415428982466481e-03
6.784478492178674935e-01 2.239436278705252050e-03
6.868223687919705611e-01 2.676994758011349250e-03
6.950897240350808470e-01 3.063608466337019130e-03
7.032545904166547235e-01 3.383204265558036397e-03
7.114216745110568674e-01 3.628997310222992385e-03
7.197026716603138752e-01 3.815597404223438141e-03
7.281025347394310954e-01 3.960698585356208293e-03
7.366248235856129867e-01 4.083537257280720964e-03
7.452094867129881450e-01 4.200579667516325492e-03
7.537866677835141083e-01 4.313547636408273343e-03
7.623553202704533849e-01 4.420969508089719023e-03
7.709155147407282804e-01 4.521397542463413514e-03
7.794672628886731847e-01 4.613391818480245925e-03
7.880105265231064360e-01 4.695520516450139500e-03
7.965453070647183775e-01 4.766360885872903547e-03
8.050716781101796560e-01 4.824499156010046350e-03
8.135896513427353094e-01 4.868529293368981797e-03
8.220992318884071670e-01 4.897053559888726697e-03
8.306003440236242596e-01 4.908682498836454064e-03
8.390930972546342126e-01 4.902035281831154667e-03
8.475775048002762713e-01 4.875738788314089474e-03
8.560535805662141673e-01 4.828427954289958406e-03
8.645213126053084007e-01 4.758745958906615559e-03
8.729807046266448989e-01 4.665344019856161942e-03
8.814343367775910876e-01 4.546984545549580779e-03
8.898847013208891488e-01 4.403000662583264092e-03
8.983316954880117278e-01 4.232906114673324477e-03
9.067751798849210676e-01 4.036216240906852215e-03
9.152149930594695171e-01 3.812448144576015188e-03
9.236510287296864075e-01 3.561118635692286840e-03
9.320831520675846305e-01 3.281746236743893902e-03
9.405112287581499642e-01 2.973850547743744563e-03
9.489351250252224812e-01 2.636952240737664311e-03
9.573546868287867717e-01 2.270573997014589066e-03
9.657697926021170387e-01 1.874238298268260860e-03
9.741803203668651934e-01 1.447468576270390496e-03
9.825861387799585955e-01 9.897897222789014352e-04
9.909871171719677463e-01 5.007276593151896481e-04
9.993831255746553621e-01 -2.019066864528516481e-05
