DiffusionAirfoil1DTransform_011
1.000000000000000000e+00 4.420120094437152147e-04
9.914010763168334961e-01 1.441571163013577461e-03
9.828807711601257324e-01 2.433480694890022278e-03
9.744184017181396484e-01 3.414675127714872360e-03
9.659929871559143066e-01 4.382090177386999130e-03
9.533562660217285156e-01 5.793653894215822220e-03
9.449096918106079102e-01 6.713082548230886459e-03
9.364633560180664062e-01 7.610692642629146576e-03
9.280013442039489746e-01 8.482637815177440643e-03
9.195071458816528320e-01 9.348727762699127197e-03
9.110314846038818359e-01 1.020268164575099945e-02
9.025335311889648438e-01 1.104759052395820618e-02
8.940119743347167969e-01 1.188579294830560684e-02
8.855116367340087891e-01 1.271723303943872452e-02
8.770057559013366699e-01 1.353044435381889343e-02
8.684932589530944824e-01 1.433847285807132721e-02
8.600007295608520508e-01 1.512692682445049286e-02
8.515365719795227051e-01 1.589763537049293518e-02
8.430295586585998535e-01 1.666501723229885101e-02
8.345172405242919922e-01 1.742771640419960022e-02
8.259746432304382324e-01 1.817342825233936310e-02
8.174033761024475098e-01 1.890931837260723114e-02
8.088808655738830566e-01 1.964302361011505127e-02
8.003682494163513184e-01 2.036305516958236694e-02
7.918712496757507324e-01 2.107379399240016937e-02
7.833836078643798828e-01 2.177362143993377686e-02
7.749153375625610352e-01 2.246322669088840485e-02
7.664198875427246094e-01 2.314500696957111359e-02
7.579098343849182129e-01 2.381822839379310608e-02
7.494252920150756836e-01 2.448167093098163605e-02
7.408980131149291992e-01 2.513861469924449921e-02
7.323859930038452148e-01 2.579418942332267761e-02
7.238515019416809082e-01 2.643770538270473480e-02
7.153372764587402344e-01 2.707656659185886383e-02
7.068182826042175293e-01 2.770599164068698883e-02
6.983246803283691406e-01 2.832951955497264862e-02
6.898195147514343262e-01 2.894275635480880737e-02
6.813247203826904297e-01 2.955311909317970276e-02
6.728215217590332031e-01 3.016537614166736603e-02
6.642821431159973145e-01 3.076542168855667114e-02
6.557399630546569824e-01 3.135028108954429626e-02
6.472107768058776855e-01 3.193376213312149048e-02
6.386859416961669922e-01 3.251048550009727478e-02
6.301764845848083496e-01 3.307602182030677795e-02
6.216725707054138184e-01 3.363435715436935425e-02
6.131318807601928711e-01 3.418032824993133545e-02
6.046167016029357910e-01 3.472405299544334412e-02
5.961040258407592773e-01 3.526425361633300781e-02
5.875819325447082520e-01 3.579229861497879028e-02
5.790519118309020996e-01 3.629860281944274902e-02
5.705596208572387695e-01 3.680393099784851074e-02
5.620390176773071289e-01 3.730574622750282288e-02
5.535547137260437012e-01 3.780344873666763306e-02
5.450254082679748535e-01 3.829225897789001465e-02
5.364596247673034668e-01 3.877538442611694336e-02
5.279383659362792969e-01 3.925323486328125000e-02
5.194342136383056641e-01 3.972702100872993469e-02
5.109042525291442871e-01 4.019968956708908081e-02
5.023733377456665039e-01 4.065268859267234802e-02
4.938757717609405518e-01 4.110412672162055969e-02
4.853391945362091064e-01 4.155441746115684509e-02
4.768402576446533203e-01 4.199246317148208618e-02
4.683035314083099365e-01 4.242289438843727112e-02
4.597667753696441650e-01 4.284435510635375977e-02
4.512692987918853760e-01 4.325034469366073608e-02
4.427590668201446533e-01 4.364974796772003174e-02
4.342482686042785645e-01 4.403679072856903076e-02
4.257484972476959229e-01 4.440851882100105286e-02
4.172563850879669189e-01 4.477294906973838806e-02
4.087653160095214844e-01 4.512842744588851929e-02
4.002654552459716797e-01 4.546616971492767334e-02
3.917495012283325195e-01 4.579606652259826660e-02
3.832709491252899170e-01 4.611045494675636292e-02
3.748095333576202393e-01 4.640699923038482666e-02
3.663316965103149414e-01 4.668623954057693481e-02
3.578245639801025391e-01 4.694368690252304077e-02
3.493480980396270752e-01 4.718556255102157593e-02
3.408788740634918213e-01 4.740741103887557983e-02
3.324501812458038330e-01 4.760840907692909241e-02
3.239681422710418701e-01 4.778648540377616882e-02
3.154764771461486816e-01 4.794949665665626526e-02
3.070714175701141357e-01 4.808610305190086365e-02
2.986539304256439209e-01 4.819821193814277649e-02
2.902481853961944580e-01 4.827582836151123047e-02
2.818324267864227295e-01 4.833017289638519287e-02
2.734209001064300537e-01 4.835620149970054626e-02
2.650171518325805664e-01 4.834850132465362549e-02
2.566400170326232910e-01 4.830466210842132568e-02
2.482495158910751343e-01 4.822581633925437927e-02
2.398270815610885620e-01 4.811379685997962952e-02
2.314408123493194580e-01 4.796351492404937744e-02
2.230505645275115967e-01 4.777609184384346008e-02
2.146613150835037231e-01 4.754787310957908630e-02
2.063206583261489868e-01 4.728324338793754578e-02
1.979399919509887695e-01 4.697952046990394592e-02
1.895814985036849976e-01 4.663344472646713257e-02
1.812869906425476074e-01 4.624317586421966553e-02
1.730435788631439209e-01 4.580467939376831055e-02
1.647823452949523926e-01 4.531593620777130127e-02
1.565635055303573608e-01 4.477357491850852966e-02
1.484460830688476562e-01 4.417300596833229065e-02
1.402967572212219238e-01 4.351165890693664551e-02
1.322384327650070190e-01 4.277161881327629089e-02
1.241853684186935425e-01 4.195402190089225769e-02
1.161878407001495361e-01 4.104592278599739075e-02
1.082756072282791138e-01 4.004079848527908325e-02
1.004560515284538269e-01 3.893422707915306091e-02
9.265659004449844360e-02 3.772679716348648071e-02
8.492431789636611938e-02 3.639644756913185120e-02
7.733457535505294800e-02 3.494487702846527100e-02
6.973398476839065552e-02 3.336269035935401917e-02
6.224025413393974304e-02 3.164090961217880249e-02
5.486498773097991943e-02 2.979556657373905182e-02
4.770543798804283142e-02 2.782737277448177338e-02
4.087574407458305359e-02 2.573772333562374115e-02
3.440158441662788391e-02 2.350684441626071930e-02
2.820851095020771027e-02 2.109275758266448975e-02
2.238060720264911652e-02 1.846595853567123413e-02
1.704926416277885437e-02 1.571554318070411682e-02
1.234095171093940735e-02 1.294624898582696915e-02
8.404845371842384338e-03 1.029256824404001236e-02
5.260666832327842712e-03 7.896839641034603119e-03
3.008427564054727554e-03 5.828762426972389221e-03
1.601306488737463951e-03 4.146461840718984604e-03
7.856566808186471462e-04 2.807182492688298225e-03
3.208165289834141731e-04 1.713891397230327129e-03
9.692955791251733899e-05 7.892849971540272236e-04
0.000000000000000000e+00 0.000000000000000000e+00
4.211718987789936364e-05 -7.160956156440079212e-04
2.067121531581506133e-04 -1.395512488670647144e-03
4.279022687114775181e-04 -2.077477751299738884e-03
8.066903101280331612e-04 -2.802930539473891258e-03
1.308903098106384277e-03 -3.532096976414322853e-03
1.836405019275844097e-03 -4.264835268259048462e-03
2.738360548391938210e-03 -5.050126463174819946e-03
4.489298444241285324e-03 -5.933766253292560577e-03
7.331456523388624191e-03 -6.925880443304777145e-03
1.138188969343900681e-02 -8.006620220839977264e-03
1.669403724372386932e-02 -9.128535166382789612e-03
2.302882447838783264e-02 -1.022391859441995621e-02
3.013785928487777710e-02 -1.122738700360059738e-02
3.767119348049163818e-02 -1.205384917557239532e-02
4.528259113430976868e-02 -1.267873216420412064e-02
5.303378775715827942e-02 -1.315365545451641083e-02
6.102469936013221741e-02 -1.352749578654766083e-02
6.917428970336914062e-02 -1.382484566420316696e-02
7.743048667907714844e-02 -1.405811123549938202e-02
8.575318753719329834e-02 -1.424007210880517960e-02
9.405637532472610474e-02 -1.436197198927402496e-02
1.023568734526634216e-01 -1.444771327078342438e-02
1.106963083148002625e-01 -1.449129823595285416e-02
1.190441325306892395e-01 -1.449429430067539215e-02
1.274073421955108643e-01 -1.445864513516426086e-02
1.358067244291305542e-01 -1.438335794955492020e-02
1.442128717899322510e-01 -1.428032480180263519e-02
1.526361703872680664e-01 -1.414293237030506134e-02
1.610633879899978638e-01 -1.397926639765501022e-02
1.694996803998947144e-01 -1.378561556339263916e-02
1.779549717903137207e-01 -1.357483398169279099e-02
1.864839643239974976e-01 -1.333649922162294388e-02
1.949951201677322388e-01 -1.308330893516540527e-02
2.035258859395980835e-01 -1.281163841485977173e-02
2.120419442653656006e-01 -1.252379920333623886e-02
2.205553054809570312e-01 -1.222576107829809189e-02
2.290973514318466187e-01 -1.191394589841365814e-02
2.376057207584381104e-01 -1.159565895795822144e-02
2.461105138063430786e-01 -1.126558426767587662e-02
2.546607851982116699e-01 -1.092262193560600281e-02
2.632269561290740967e-01 -1.057713199406862259e-02
2.717511653900146484e-01 -1.022885926067829132e-02
2.802843749523162842e-01 -9.874870069324970245e-03
2.888351082801818848e-01 -9.512227959930896759e-03
2.973785102367401123e-01 -9.153888560831546783e-03
3.059572279453277588e-01 -8.789950050413608551e-03
3.144920468330383301e-01 -8.420109748840332031e-03
3.230475187301635742e-01 -8.041742257773876190e-03
3.316360116004943848e-01 -7.659935858100652695e-03
3.401832580566406250e-01 -7.285423576831817627e-03
3.487334847450256348e-01 -6.900169420987367630e-03
3.572822213172912598e-01 -6.513866130262613297e-03
3.658472001552581787e-01 -6.120398640632629395e-03
3.743932843208312988e-01 -5.731946788728237152e-03
3.829911053180694580e-01 -5.337611306458711624e-03
3.915697038173675537e-01 -4.937198478728532791e-03
4.001326262950897217e-01 -4.540255293250083923e-03
4.086964726448059082e-01 -4.146141465753316879e-03
4.172563850879669189e-01 -3.751461161300539970e-03
4.258076846599578857e-01 -3.350326791405677795e-03
4.343598783016204834e-01 -2.954107243567705154e-03
4.428918659687042236e-01 -2.562429057434201241e-03
4.514543712139129639e-01 -2.171885920688509941e-03
4.600149989128112793e-01 -1.788851106539368629e-03
4.685974121093750000e-01 -1.410336815752089024e-03
4.771481454372406006e-01 -1.038905698806047440e-03
4.857022464275360107e-01 -6.701873498968780041e-04
4.942563176155090332e-01 -3.042793832719326019e-04
5.027962923049926758e-01 5.582808080362156034e-05
5.113434195518493652e-01 4.093762254342436790e-04
5.198782086372375488e-01 7.586255669593811035e-04
5.284169316291809082e-01 1.109635690227150917e-03
5.369684696197509766e-01 1.448839553631842136e-03
5.455473065376281738e-01 1.785848289728164673e-03
5.541103482246398926e-01 2.123499289155006409e-03
5.626769065856933594e-01 2.450821455568075180e-03
5.712383389472961426e-01 2.777291228994727135e-03
5.797826647758483887e-01 3.094859188422560692e-03
5.883330106735229492e-01 3.412944031879305840e-03
5.968547463417053223e-01 3.722373861819505692e-03
6.053699254989624023e-01 4.023717716336250305e-03
6.139168739318847656e-01 4.309310577809810638e-03
6.224182844161987305e-01 4.592557437717914581e-03
6.309350728988647461e-01 4.860072396695613861e-03
6.394467949867248535e-01 5.113364197313785553e-03
6.479588747024536133e-01 5.353123880922794342e-03
6.564555168151855469e-01 5.577625241130590439e-03
6.649557948112487793e-01 5.783921573311090469e-03
6.734247207641601562e-01 5.971636157482862473e-03
6.818916797637939453e-01 6.134407594799995422e-03
6.903426051139831543e-01 6.268328055739402771e-03
6.987673044204711914e-01 6.380743812769651413e-03
7.071677446365356445e-01 6.463332567363977432e-03
7.155794501304626465e-01 6.514631211757659912e-03
7.240214347839355469e-01 6.530727725476026535e-03
7.324770092964172363e-01 6.530009675770998001e-03
7.409760951995849609e-01 6.508527323603630066e-03
7.494764924049377441e-01 6.469568237662315369e-03
7.580022811889648438e-01 6.413550581783056259e-03
7.665571570396423340e-01 6.345209665596485138e-03
7.750589847564697266e-01 6.266925949603319168e-03
7.835843563079833984e-01 6.178003735840320587e-03
7.921200394630432129e-01 6.072600837796926498e-03
8.006645441055297852e-01 5.957032553851604462e-03
8.092227578163146973e-01 5.837259348481893539e-03
8.177791833877563477e-01 5.711390171200037003e-03
8.263301849365234375e-01 5.575124640017747879e-03
8.348997235298156738e-01 5.432185716927051544e-03
8.434441685676574707e-01 5.289666354656219482e-03
8.519240021705627441e-01 5.136281251907348633e-03
8.604574799537658691e-01 4.964572377502918243e-03
8.689498305320739746e-01 4.782979376614093781e-03
8.774467706680297852e-01 4.591121338307857513e-03
8.859544396400451660e-01 4.380902275443077087e-03
8.944157361984252930e-01 4.155285656452178955e-03
9.028809666633605957e-01 3.906115889549255371e-03
9.113317728042602539e-01 3.640543436631560326e-03
9.197767376899719238e-01 3.364106873050332069e-03
9.282324910163879395e-01 3.068900434300303459e-03
9.366953969001770020e-01 2.757502719759941101e-03
9.451457262039184570e-01 2.425368176773190498e-03
9.535888433456420898e-01 2.075502416118979454e-03
9.620078206062316895e-01 1.687183161266148090e-03
9.661938548088073730e-01 1.481334213167428970e-03
9.745579361915588379e-01 1.046610181219875813e-03
9.829241633415222168e-01 5.811622249893844128e-04
9.913076162338256836e-01 8.496383088640868664e-05
9.997236132621765137e-01 -4.420120094437152147e-04
