DiffusionAirfoil1DTransform_064
9.999999403953552246e-01 4.650547343771904707e-04
9.914615750312805176e-01 1.485502813011407852e-03
9.830042123794555664e-01 2.493908163160085678e-03
9.746024012565612793e-01 3.489513648673892021e-03
9.662306308746337891e-01 4.471559543162584305e-03
9.536591172218322754e-01 5.920350085943937302e-03
9.452213048934936523e-01 6.861363071948289871e-03
9.367499947547912598e-01 7.786167785525321960e-03
9.282568693161010742e-01 8.690498769283294678e-03
9.197716116905212402e-01 9.577705524861812592e-03
9.112746119499206543e-01 1.045685634016990662e-02
9.027987122535705566e-01 1.132877822965383530e-02
8.942931294441223145e-01 1.218601688742637634e-02
8.858067393302917480e-01 1.304232701659202576e-02
8.773137927055358887e-01 1.389253139495849609e-02
8.688437938690185547e-01 1.473003998398780823e-02
8.603677153587341309e-01 1.555838715285062790e-02
8.518838882446289062e-01 1.638928242027759552e-02
8.433805108070373535e-01 1.720814034342765808e-02
8.348730802536010742e-01 1.802153140306472778e-02
8.263452053070068359e-01 1.882497034966945648e-02
8.177833557128906250e-01 1.961411163210868835e-02
8.092969655990600586e-01 2.039471268653869629e-02
8.008096218109130859e-01 2.116419374942779541e-02
7.923889756202697754e-01 2.192514576017856598e-02
7.839445471763610840e-01 2.267002686858177185e-02
7.754602432250976562e-01 2.339979447424411774e-02
7.669299244880676270e-01 2.411450818181037903e-02
7.583886981010437012e-01 2.481385134160518646e-02
7.498240470886230469e-01 2.550723589956760406e-02
7.412433624267578125e-01 2.618522569537162781e-02
7.327135801315307617e-01 2.686691097915172577e-02
7.242010831832885742e-01 2.754174359142780304e-02
7.157375216484069824e-01 2.821266278624534607e-02
7.073085904121398926e-01 2.887027896940708160e-02
6.988613009452819824e-01 2.950997278094291687e-02
6.903515458106994629e-01 3.015063144266605377e-02
6.818696856498718262e-01 3.077692165970802307e-02
6.733416914939880371e-01 3.140393644571304321e-02
6.647565960884094238e-01 3.202483803033828735e-02
6.561722159385681152e-01 3.263685479760169983e-02
6.476166248321533203e-01 3.324434161186218262e-02
6.390687227249145508e-01 3.383684158325195312e-02
6.305935382843017578e-01 3.441991284489631653e-02
6.220830082893371582e-01 3.498753160238265991e-02
6.135789155960083008e-01 3.555217012763023376e-02
6.050971746444702148e-01 3.610096499323844910e-02
5.966020226478576660e-01 3.664847835898399353e-02
5.880904197692871094e-01 3.718374669551849365e-02
5.795894861221313477e-01 3.770915046334266663e-02
5.710834264755249023e-01 3.822727873921394348e-02
5.625498890876770020e-01 3.872203081846237183e-02
5.539728403091430664e-01 3.921989724040031433e-02
5.454460978507995605e-01 3.970997408032417297e-02
5.369520783424377441e-01 4.019017145037651062e-02
5.284277200698852539e-01 4.066627845168113708e-02
5.199167132377624512e-01 4.113483428955078125e-02
5.114028453826904297e-01 4.160592332482337952e-02
5.028804540634155273e-01 4.206627607345581055e-02
4.943390786647796631e-01 4.251336678862571716e-02
4.858137369155883789e-01 4.295360669493675232e-02
4.772811532020568848e-01 4.339263215661048889e-02
4.688332974910736084e-01 4.382705688476562500e-02
4.603478908538818359e-01 4.424010217189788818e-02
4.518380165100097656e-01 4.464278742671012878e-02
4.433203935623168945e-01 4.502862319350242615e-02
4.347814917564392090e-01 4.540446400642395020e-02
4.262348711490631104e-01 4.576417431235313416e-02
4.177499115467071533e-01 4.610756039619445801e-02
4.092848896980285645e-01 4.645069316029548645e-02
4.008122086524963379e-01 4.677547514438629150e-02
3.923367857933044434e-01 4.709929600358009338e-02
3.838721811771392822e-01 4.740108922123908997e-02
3.754348456859588623e-01 4.769239947199821472e-02
3.669676184654235840e-01 4.796000942587852478e-02
3.584587574005126953e-01 4.820436239242553711e-02
3.499599993228912354e-01 4.842468351125717163e-02
3.415162265300750732e-01 4.862674698233604431e-02
3.330516219139099121e-01 4.880569502711296082e-02
3.245888352394104004e-01 4.895573481917381287e-02
3.161388039588928223e-01 4.908402636647224426e-02
3.077363371849060059e-01 4.918913170695304871e-02
2.993728518486022949e-01 4.926517978310585022e-02
2.909476459026336670e-01 4.930814355611801147e-02
2.825336754322052002e-01 4.931674897670745850e-02
2.741015255451202393e-01 4.929369688034057617e-02
2.657051682472229004e-01 4.924898222088813782e-02
2.573234140872955322e-01 4.916033521294593811e-02
2.489265203475952148e-01 4.904466494917869568e-02
2.405389696359634399e-01 4.889751598238945007e-02
2.321408987045288086e-01 4.872211441397666931e-02
2.237713336944580078e-01 4.850708693265914917e-02
2.153550982475280762e-01 4.825400933623313904e-02
2.070055007934570312e-01 4.796814918518066406e-02
1.986524164676666260e-01 4.765058308839797974e-02
1.903195679187774658e-01 4.728647321462631226e-02
1.820350587368011475e-01 4.688311368227005005e-02
1.737666279077529907e-01 4.643295332789421082e-02
1.655078977346420288e-01 4.592927172780036926e-02
1.573071777820587158e-01 4.536057263612747192e-02
1.491591632366180420e-01 4.472822323441505432e-02
1.410377323627471924e-01 4.401911050081253052e-02
1.329844594001770020e-01 4.324773699045181274e-02
1.250378191471099854e-01 4.239909350872039795e-02
1.171107292175292969e-01 4.146558418869972229e-02
1.092521101236343384e-01 4.044694826006889343e-02
1.014056503772735596e-01 3.932499513030052185e-02
9.359601140022277832e-02 3.809557855129241943e-02
8.586379140615463257e-02 3.675033897161483765e-02
7.818700373172760010e-02 3.529455140233039856e-02
7.058125734329223633e-02 3.371737897396087646e-02
6.308078020811080933e-02 3.201799839735031128e-02
5.577168986201286316e-02 3.019453026354312897e-02
4.862419143319129944e-02 2.825038135051727295e-02
4.175435751676559448e-02 2.619995363056659698e-02
3.523256629705429077e-02 2.402231283485889435e-02
2.903989888727664948e-02 2.168707549571990967e-02
2.315466478466987610e-02 1.916889660060405731e-02
1.772861182689666748e-02 1.651711948215961456e-02
1.290955115109682083e-02 1.383330952376127243e-02
8.825934492051601410e-03 1.122356858104467392e-02
5.636763293296098709e-03 8.812620304524898529e-03
3.279210301116108894e-03 6.697115954011678696e-03
1.736454549245536327e-03 4.943962674587965012e-03
8.586910553276538849e-04 3.534851828590035439e-03
4.349751106929033995e-04 2.394231967628002167e-03
1.686210744082927704e-04 1.455991761758923531e-03
2.016880353039596230e-05 6.766741862520575523e-04
0.000000000000000000e+00 0.000000000000000000e+00
1.055331449606455863e-04 -6.359049584716558456e-04
3.934297419618815184e-04 -1.266814884729683399e-03
7.695622625760734081e-04 -1.938140136189758778e-03
1.239715609699487686e-03 -2.630468923598527908e-03
1.770193921402096748e-03 -3.327664220705628395e-03
2.770246705040335655e-03 -4.086651839315891266e-03
4.521577619016170502e-03 -4.945280961692333221e-03
7.355330511927604675e-03 -5.907725077122449875e-03
1.139329280704259872e-02 -6.958337966352701187e-03
1.666584610939025879e-02 -8.042180910706520081e-03
2.294377610087394714e-02 -9.107244201004505157e-03
3.003623895347118378e-02 -1.008995622396469116e-02
3.753574937582015991e-02 -1.090941857546567917e-02
4.513856023550033569e-02 -1.154075562953948975e-02
5.291604995727539062e-02 -1.204058155417442322e-02
6.092815846204757690e-02 -1.248002331703901291e-02
6.908501684665679932e-02 -1.285705715417861938e-02
7.730956375598907471e-02 -1.317732315510511398e-02
8.564942330121994019e-02 -1.342603284865617752e-02
9.394000470638275146e-02 -1.363209728151559830e-02
1.022660285234451294e-01 -1.377801410853862762e-02
1.105856969952583313e-01 -1.388516649603843689e-02
1.189361512660980225e-01 -1.395041961222887039e-02
1.272566020488739014e-01 -1.397578325122594833e-02
1.357177048921585083e-01 -1.397138088941574097e-02
1.441618651151657104e-01 -1.393503975123167038e-02
1.525983661413192749e-01 -1.387758553028106689e-02
1.610415577888488770e-01 -1.377845741808414459e-02
1.694969832897186279e-01 -1.366264279931783676e-02
1.779696494340896606e-01 -1.351897045969963074e-02
1.864332258701324463e-01 -1.336776744574308395e-02
1.949382126331329346e-01 -1.320597343146800995e-02
2.034252285957336426e-01 -1.302338764071464539e-02
2.120197266340255737e-01 -1.282359752804040909e-02
2.205790877342224121e-01 -1.261858455836772919e-02
2.290831804275512695e-01 -1.240858528763055801e-02
2.375367730855941772e-01 -1.217951253056526184e-02
2.460681349039077759e-01 -1.194330863654613495e-02
2.545744180679321289e-01 -1.169702783226966858e-02
2.630840837955474854e-01 -1.144108921289443970e-02
2.716009616851806641e-01 -1.117296051234006882e-02
2.801073789596557617e-01 -1.088880002498626709e-02
2.886804640293121338e-01 -1.058658584952354431e-02
2.972448766231536865e-01 -1.027609780430793762e-02
3.057688772678375244e-01 -9.957806207239627838e-03
3.142752945423126221e-01 -9.631630033254623413e-03
3.228138983249664307e-01 -9.295544587075710297e-03
3.313140273094177246e-01 -8.954267948865890503e-03
3.398882746696472168e-01 -8.609148673713207245e-03
3.484535217285156250e-01 -8.250425569713115692e-03
3.570344746112823486e-01 -7.891711778938770294e-03
3.656481206417083740e-01 -7.522549480199813843e-03
3.742374479770660400e-01 -7.160995621234178543e-03
3.827859759330749512e-01 -6.804315838962793350e-03
3.913245499134063721e-01 -6.438661832362413406e-03
3.998432159423828125e-01 -6.073317024856805801e-03
4.083575010299682617e-01 -5.718638654798269272e-03
4.169713258743286133e-01 -5.349534563720226288e-03
4.256100654602050781e-01 -4.975947085767984390e-03
4.342394471168518066e-01 -4.611324053257703781e-03
4.428614079952239990e-01 -4.253848921507596970e-03
4.514695703983306885e-01 -3.908151295036077499e-03
4.600176215171813965e-01 -3.563860896974802017e-03
4.685835540294647217e-01 -3.216637298464775085e-03
4.771217405796051025e-01 -2.879129257053136826e-03
4.856977164745330811e-01 -2.541945781558752060e-03
4.942925572395324707e-01 -2.192263491451740265e-03
5.028879642486572266e-01 -1.845919061452150345e-03
5.114595890045166016e-01 -1.502728788182139397e-03
5.200542807579040527e-01 -1.158026163466274738e-03
5.286033153533935547e-01 -8.168980712071061134e-04
5.371544957160949707e-01 -4.705433093477040529e-04
5.457162261009216309e-01 -1.294012181460857391e-04
5.542526245117187500e-01 2.104498853441327810e-04
5.628038644790649414e-01 5.542261642403900623e-04
5.713000893592834473e-01 8.969652117229998112e-04
5.797901153564453125e-01 1.234363764524459839e-03
5.882908701896667480e-01 1.561247161589562893e-03
5.968141555786132812e-01 1.882680226117372513e-03
6.053155064582824707e-01 2.197011606767773628e-03
6.138904690742492676e-01 2.505234908312559128e-03
6.224417686462402344e-01 2.804130315780639648e-03
6.309772133827209473e-01 3.097672248259186745e-03
6.395464539527893066e-01 3.384953830391168594e-03
6.480916738510131836e-01 3.674938110634684563e-03
6.566447615623474121e-01 3.945781383663415909e-03
6.651436090469360352e-01 4.199595656245946884e-03
6.736560463905334473e-01 4.439700394868850708e-03
6.821158528327941895e-01 4.656612407416105270e-03
6.905735731124877930e-01 4.843511153012514114e-03
6.989741921424865723e-01 5.002432037144899368e-03
7.073389291763305664e-01 5.127434153109788895e-03
7.157520055770874023e-01 5.221131723374128342e-03
7.241910696029663086e-01 5.292641464620828629e-03
7.326656579971313477e-01 5.324826110154390335e-03
7.411569356918334961e-01 5.339592695236206055e-03
7.497012615203857422e-01 5.338046234101057053e-03
7.582547664642333984e-01 5.312901455909013748e-03
7.668219208717346191e-01 5.283855833113193512e-03
7.753559947013854980e-01 5.245239473879337311e-03
7.838549017906188965e-01 5.198655650019645691e-03
7.924022674560546875e-01 5.142718553543090820e-03
8.009386062622070312e-01 5.074692424386739731e-03
8.094410300254821777e-01 5.006715189665555954e-03
8.180040717124938965e-01 4.929549526423215866e-03
8.265353441238403320e-01 4.835643805563449860e-03
8.351351022720336914e-01 4.731905646622180939e-03
8.436832427978515625e-01 4.620523657649755478e-03
8.522275090217590332e-01 4.491805564612150192e-03
8.607591986656188965e-01 4.347511567175388336e-03
8.692921400070190430e-01 4.188243299722671509e-03
8.777548670768737793e-01 4.024015739560127258e-03
8.862094283103942871e-01 3.860277356579899788e-03
8.947029709815979004e-01 3.671305952593684196e-03
9.031223654747009277e-01 3.462178166955709457e-03
9.115552902221679688e-01 3.244162071496248245e-03
9.199697971343994141e-01 3.003005869686603546e-03
9.284319281578063965e-01 2.756251487880945206e-03
9.369040727615356445e-01 2.480361144989728928e-03
9.453660845756530762e-01 2.187193138524889946e-03
9.538173675537109375e-01 1.872884808108210564e-03
9.622618556022644043e-01 1.518215867690742016e-03
9.664699435234069824e-01 1.326700905337929726e-03
9.748630523681640625e-01 9.204862872138619423e-04
9.832215309143066406e-01 4.850793629884719849e-04
9.915407896041870117e-01 2.254419814562425017e-05
9.998160600662231445e-01 -4.650547052733600140e-04
