DiffusionAirfoil1DTransform_040
9.997319579124450684e-01 9.883935854304581881e-05
9.919832348823547363e-01 7.553623290732502937e-04
9.833446741104125977e-01 1.477318583056330681e-03
9.740723371505737305e-01 2.243485068902373314e-03
9.644223451614379883e-01 3.032638924196362495e-03
9.500557184219360352e-01 4.191855434328317642e-03
9.407270550727844238e-01 4.931968171149492264e-03
9.316813349723815918e-01 5.640113260596990585e-03
9.230532646179199219e-01 6.308911368250846863e-03
9.149665236473083496e-01 6.931508425623178482e-03
9.065068960189819336e-01 7.584166247397661209e-03
8.980340361595153809e-01 8.236236870288848877e-03
8.895413875579833984e-01 8.887136355042457581e-03
8.810288906097412109e-01 9.536928497254848480e-03
8.725036978721618652e-01 1.018464658409357071e-02
8.639719486236572266e-01 1.082822587341070175e-02
8.554322123527526855e-01 1.147015858441591263e-02
8.469016551971435547e-01 1.211252063512802124e-02
8.383805751800537109e-01 1.275550294667482376e-02
8.298670053482055664e-01 1.339928526431322098e-02
8.213506340980529785e-01 1.404155604541301727e-02
8.128298521041870117e-01 1.468144170939922333e-02
8.043056726455688477e-01 1.531720347702503204e-02
7.957834601402282715e-01 1.594812236726284027e-02
7.872694730758666992e-01 1.657210290431976318e-02
7.787597775459289551e-01 1.719269715249538422e-02
7.702688574790954590e-01 1.781012117862701416e-02
7.617879509925842285e-01 1.842387579381465912e-02
7.533024549484252930e-01 1.903572492301464081e-02
7.448032498359680176e-01 1.964491605758666992e-02
7.362824082374572754e-01 2.025364339351654053e-02
7.277523875236511230e-01 2.086170203983783722e-02
7.192205190658569336e-01 2.146921679377555847e-02
7.106971740722656250e-01 2.207270078361034393e-02
7.021814584732055664e-01 2.267505414783954620e-02
6.936831474304199219e-01 2.327393554151058197e-02
6.851868033409118652e-01 2.386804856359958649e-02
6.766824722290039062e-01 2.445786446332931519e-02
6.681662797927856445e-01 2.504343725740909576e-02
6.596333980560302734e-01 2.562543377280235291e-02
6.510955691337585449e-01 2.620233222842216492e-02
6.425532102584838867e-01 2.677344717085361481e-02
6.340074539184570312e-01 2.733597531914710999e-02
6.254672408103942871e-01 2.789279446005821228e-02
6.169447898864746094e-01 2.844209969043731689e-02
6.084259748458862305e-01 2.898354269564151764e-02
5.999191999435424805e-01 2.951717562973499298e-02
5.914266705513000488e-01 3.004382550716400146e-02
5.829423666000366211e-01 3.056279011070728302e-02
5.744569897651672363e-01 3.107240796089172363e-02
5.659654736518859863e-01 3.157361969351768494e-02
5.574553608894348145e-01 3.206650912761688232e-02
5.489367842674255371e-01 3.255308046936988831e-02
5.404098033905029297e-01 3.303145244717597961e-02
5.318666696548461914e-01 3.350129351019859314e-02
5.233333110809326172e-01 3.396093472838401794e-02
5.148055553436279297e-01 3.441086411476135254e-02
5.062926411628723145e-01 3.485101461410522461e-02
4.977862834930419922e-01 3.527956455945968628e-02
4.892977476119995117e-01 3.569834679365158081e-02
4.808256626129150391e-01 3.610780835151672363e-02
4.723694026470184326e-01 3.650652617216110229e-02
4.639138281345367432e-01 3.689224272966384888e-02
4.554567039012908936e-01 3.726494684815406799e-02
4.470053911209106445e-01 3.762273490428924561e-02
4.385350346565246582e-01 3.796727210283279419e-02
4.300616681575775146e-01 3.829840198159217834e-02
4.215777218341827393e-01 3.861447051167488098e-02
4.131032526493072510e-01 3.891746327280998230e-02
4.046496748924255371e-01 3.920656815171241760e-02
3.962104618549346924e-01 3.947878256440162659e-02
3.877761960029602051e-01 3.973373398184776306e-02
3.793595135211944580e-01 3.997133672237396240e-02
3.709541261196136475e-01 4.019023850560188293e-02
3.625496327877044678e-01 4.039128869771957397e-02
3.541526794433593750e-01 4.057230427861213684e-02
3.457608819007873535e-01 4.073080420494079590e-02
3.373751044273376465e-01 4.086810350418090820e-02
3.289913833141326904e-01 4.098054766654968262e-02
3.205997645854949951e-01 4.106742143630981445e-02
3.121997117996215820e-01 4.112975299358367920e-02
3.038057684898376465e-01 4.116755351424217224e-02
2.954107224941253662e-01 4.118161275982856750e-02
2.870211601257324219e-01 4.117162525653839111e-02
2.786406576633453369e-01 4.113601520657539368e-02
2.702786028385162354e-01 4.107366874814033508e-02
2.619264423847198486e-01 4.098436236381530762e-02
2.535746991634368896e-01 4.086421430110931396e-02
2.452297657728195190e-01 4.071319103240966797e-02
2.369001060724258423e-01 4.052922874689102173e-02
2.285897135734558105e-01 4.031168669462203979e-02
2.202931940555572510e-01 4.006035253405570984e-02
2.120029330253601074e-01 3.977135196328163147e-02
2.037199586629867554e-01 3.944384679198265076e-02
1.954467743635177612e-01 3.907661885023117065e-02
1.871791332960128784e-01 3.866897150874137878e-02
1.789121627807617188e-01 3.821894899010658264e-02
1.706715375185012817e-01 3.772477805614471436e-02
1.624772399663925171e-01 3.718308731913566589e-02
1.543387919664382935e-01 3.659338131546974182e-02
1.462629586458206177e-01 3.595328330993652344e-02
1.382386684417724609e-01 3.525672852993011475e-02
1.302658170461654663e-01 3.450117260217666626e-02
1.223326027393341064e-01 3.368292376399040222e-02
1.144258081912994385e-01 3.279923647642135620e-02
1.065299361944198608e-01 3.184482082724571228e-02
9.865859150886535645e-02 3.081765025854110718e-02
9.081800282001495361e-02 2.971382811665534973e-02
8.301927149295806885e-02 2.853381261229515076e-02
7.529225945472717285e-02 2.727686427533626556e-02
6.766817718744277954e-02 2.594285085797309875e-02
6.020662188529968262e-02 2.453761920332908630e-02
5.296275764703750610e-02 2.306427061557769775e-02
4.597796127200126648e-02 2.151484228670597076e-02
3.927751258015632629e-02 1.987216249108314514e-02
3.289749100804328918e-02 1.812033168971538544e-02
2.686633355915546417e-02 1.625138334929943085e-02
2.124395966529846191e-02 1.427889615297317505e-02
1.612144149839878082e-02 1.224141381680965424e-02
1.161219179630279541e-02 1.020741742104291916e-02
7.845393382012844086e-03 8.265449665486812592e-03
4.904587753117084503e-03 6.500065792351961136e-03
2.781003247946500778e-03 4.964186344295740128e-03
1.381436362862586975e-03 3.673990722745656967e-03
5.617623100988566875e-04 2.609436865895986557e-03
1.433832803741097450e-04 1.728239469230175018e-03
-2.811846024997066706e-05 9.784477297216653824e-04
-7.390812243102118373e-05 3.122738562524318695e-04
-5.735539889428764582e-05 -3.051895764656364918e-04
1.963650174729991704e-05 -9.042592719197273254e-04
2.173323737224563956e-04 -1.515234820544719696e-03
6.395855452865362167e-04 -2.176527865231037140e-03
1.441959640942513943e-03 -2.929108217358589172e-03
2.809558063745498657e-03 -3.810874186456203461e-03
4.917803220450878143e-03 -4.840172361582517624e-03
7.909407839179039001e-03 -6.007858552038669586e-03
1.183535903692245483e-02 -7.276825141161680222e-03
1.665961556136608124e-02 -8.587324060499668121e-03
2.227414771914482117e-02 -9.879501536488533020e-03
2.854053303599357605e-02 -1.110337581485509872e-02
3.531538695096969604e-02 -1.222664769738912582e-02
4.247875511646270752e-02 -1.323616225272417068e-02
4.992934316396713257e-02 -1.413600333034992218e-02
5.759216099977493286e-02 -1.493609976023435593e-02
6.541679054498672485e-02 -1.564723812043666840e-02
7.334708422422409058e-02 -1.627731882035732269e-02
8.135293424129486084e-02 -1.682841032743453979e-02
8.940915763378143311e-02 -1.730528473854064941e-02
9.750971198081970215e-02 -1.771398261189460754e-02
1.056510359048843384e-01 -1.806097105145454407e-02
1.138423085212707520e-01 -1.835270039737224579e-02
1.220816895365715027e-01 -1.859628036618232727e-02
1.303443610668182373e-01 -1.879877597093582153e-02
1.386473327875137329e-01 -1.896462403237819672e-02
1.469904929399490356e-01 -1.909740455448627472e-02
1.553762704133987427e-01 -1.919869892299175262e-02
1.637918353080749512e-01 -1.927162893116474152e-02
1.722394376993179321e-01 -1.931834593415260315e-02
1.806998401880264282e-01 -1.934216544032096863e-02
1.891781091690063477e-01 -1.934735663235187531e-02
1.976588219404220581e-01 -1.933775842189788818e-02
2.061088234186172485e-01 -1.931858249008655548e-02
2.145798504352569580e-01 -1.929206587374210358e-02
2.230793982744216919e-01 -1.925810426473617554e-02
2.315895110368728638e-01 -1.921617239713668823e-02
2.401030659675598145e-01 -1.916704140603542328e-02
2.486151307821273804e-01 -1.910946145653724670e-02
2.571034729480743408e-01 -1.904352195560932159e-02
2.655802965164184570e-01 -1.897090487182140350e-02
2.740374505519866943e-01 -1.889096572995185852e-02
2.824834585189819336e-01 -1.880475319921970367e-02
2.909530997276306152e-01 -1.871384494006633759e-02
2.994489669799804688e-01 -1.861454546451568604e-02
3.079472184181213379e-01 -1.850567385554313660e-02
3.164529204368591309e-01 -1.838699355721473694e-02
3.249608278274536133e-01 -1.825748011469841003e-02
3.334607481956481934e-01 -1.811725087463855743e-02
3.419669866561889648e-01 -1.796851307153701782e-02
3.504832684993743896e-01 -1.781087741255760193e-02
3.590221703052520752e-01 -1.764578744769096375e-02
3.675814867019653320e-01 -1.747490279376506805e-02
3.761660754680633545e-01 -1.729802228510379791e-02
3.847538530826568604e-01 -1.711565814912319183e-02
3.933484554290771484e-01 -1.692889630794525146e-02
4.019362926483154297e-01 -1.673867553472518921e-02
4.105086922645568848e-01 -1.654668711125850677e-02
4.190742373466491699e-01 -1.635430380702018738e-02
4.276351630687713623e-01 -1.615960896015167236e-02
4.361905753612518311e-01 -1.596254296600818634e-02
4.447447061538696289e-01 -1.576060242950916290e-02
4.533058702945709229e-01 -1.555417478084564209e-02
4.618600904941558838e-01 -1.534196455031633377e-02
4.704152345657348633e-01 -1.512501761317253113e-02
4.789576828479766846e-01 -1.490329578518867493e-02
4.875014722347259521e-01 -1.467962563037872314e-02
4.960485994815826416e-01 -1.445384416729211807e-02
5.046088695526123047e-01 -1.422420516610145569e-02
5.131852626800537109e-01 -1.399244554340839386e-02
5.217781066894531250e-01 -1.375625934451818466e-02
5.303890705108642578e-01 -1.351665612310171127e-02
5.389974713325500488e-01 -1.327340304851531982e-02
5.476016998291015625e-01 -1.302836276590824127e-02
5.561850070953369141e-01 -1.278071198612451553e-02
5.647552609443664551e-01 -1.253338623791933060e-02
5.733059048652648926e-01 -1.228378433734178543e-02
5.818552970886230469e-01 -1.203154306858778000e-02
5.904078483581542969e-01 -1.177806314080953598e-02
5.989559292793273926e-01 -1.152156386524438858e-02
6.075154542922973633e-01 -1.126098912209272385e-02
6.160698533058166504e-01 -1.099568977952003479e-02
6.246253848075866699e-01 -1.072691194713115692e-02
6.331694722175598145e-01 -1.045328937470912933e-02
6.417111754417419434e-01 -1.017617713660001755e-02
6.502539515495300293e-01 -9.894668124616146088e-03
6.588036417961120605e-01 -9.609580039978027344e-03
6.673567891120910645e-01 -9.322032332420349121e-03
6.759013533592224121e-01 -9.030085988342761993e-03
6.844531297683715820e-01 -8.733177557587623596e-03
6.929973363876342773e-01 -8.430555462837219238e-03
7.015428543090820312e-01 -8.122342638671398163e-03
7.100870013236999512e-01 -7.808510679751634598e-03
7.186465263366699219e-01 -7.489548530429601669e-03
7.272177338600158691e-01 -7.167825009673833847e-03
7.358039617538452148e-01 -6.844631396234035492e-03
7.443993687629699707e-01 -6.523562129586935043e-03
7.529858350753784180e-01 -6.205076817423105240e-03
7.615589499473571777e-01 -5.892660468816757202e-03
7.701106667518615723e-01 -5.585472565144300461e-03
7.786378264427185059e-01 -5.283838603645563126e-03
7.871487736701965332e-01 -4.987817257642745972e-03
7.956526279449462891e-01 -4.695373121649026871e-03
8.041517734527587891e-01 -4.405275452882051468e-03
8.126657605171203613e-01 -4.116797354072332382e-03
8.212010860443115234e-01 -3.829255467280745506e-03
8.297485709190368652e-01 -3.544395091012120247e-03
8.383029103279113770e-01 -3.263834631070494652e-03
8.468658924102783203e-01 -2.988145221024751663e-03
8.554165959358215332e-01 -2.719010924920439720e-03
8.639527559280395508e-01 -2.458209404721856117e-03
8.724686503410339355e-01 -2.209346741437911987e-03
8.809616565704345703e-01 -1.972343074157834053e-03
8.894438743591308594e-01 -1.749965129420161247e-03
8.979284167289733887e-01 -1.542129786685109138e-03
9.064194560050964355e-01 -1.351936836726963520e-03
9.149206280708312988e-01 -1.178510487079620361e-03
9.234338998794555664e-01 -1.020737923681735992e-03
9.323184490203857422e-01 -8.709615794941782951e-04
9.406700134277343750e-01 -7.386025390587747097e-04
9.486142396926879883e-01 -6.219078786671161652e-04
9.562764167785644531e-01 -5.164548056200146675e-04
9.637927412986755371e-01 -4.212895582895725965e-04
9.674083590507507324e-01 -3.783061401918530464e-04
9.747635722160339355e-01 -2.978549164254218340e-04
9.824947714805603027e-01 -2.226409415015950799e-04
9.908547401428222656e-01 -1.501237129559740424e-04
1.000096082687377930e+00 -7.776290294714272022e-05
