DiffusionAirfoil1DTransform_001_0.0_0.6F
9.997214682766442095e-01 7.153519352859818840e-05
9.940158233635183471e-01 1.600823083882811203e-03
9.881697837662051231e-01 2.986910364032074622e-03
9.821733559623896381e-01 4.241176348939790404e-03
9.760166367085416628e-01 5.375958230809869606e-03
9.696884938074948890e-01 6.405214170028296350e-03
9.631810931322520863e-01 7.344305476533411446e-03
9.564855799929055102e-01 8.211355697689725480e-03
9.495888724257773861e-01 9.028144117423388820e-03
9.424803036232026754e-01 9.819984684504758782e-03
9.351953831803566652e-01 1.061054355009256184e-02
9.278985667797264858e-01 1.139422643896953122e-02
9.206093939170932883e-01 1.216804453114537013e-02
9.133275386604911006e-01 1.293086731704952419e-02
9.060528678970717342e-01 1.368155122632871284e-02
8.987853603911684086e-01 1.441894916140966376e-02
8.915246805372024630e-01 1.514195358035752385e-02
8.842708211353590420e-01 1.584943129482056096e-02
8.770235732549448437e-01 1.654027678164659426e-02
8.697822272901802876e-01 1.721344256059502073e-02
8.625371179217395934e-01 1.786934588111754874e-02
8.552842457377747287e-01 1.850912707985245473e-02
8.480235535781747158e-01 1.913371099261665376e-02
8.407551201865433033e-01 1.974401517167081316e-02
8.334790862918537435e-01 2.034095732648018295e-02
8.261953214925635836e-01 2.092548231057810362e-02
8.189040653761744393e-01 2.149851000086950431e-02
8.116053166047568768e-01 2.206098492189617968e-02
8.042990722762576317e-01 2.261385648252651343e-02
7.969855153831816308e-01 2.315806524058580326e-02
7.896645890054909689e-01 2.369457498856368527e-02
7.823364016906257934e-01 2.422434238942794069e-02
7.750010806065277258e-01 2.474832825588560437e-02
7.676585319024171739e-01 2.526751445044453370e-02
7.603089459978047415e-01 2.578286794984398569e-02
7.529524057139194149e-01 2.629536886826752684e-02
7.455888032653915642e-01 2.680601593124861542e-02
7.382183726516897693e-01 2.731578957645085931e-02
7.308432307276062634e-01 2.782552209756944395e-02
7.234673039442577336e-01 2.833537232479895612e-02
7.160920150593736988e-01 2.884511451664200157e-02
7.087177131137735175e-01 2.935457247485010260e-02
7.013444088495026651e-01 2.986359351286386674e-02
6.939720724814336661e-01 3.037202786916418443e-02
6.866007019232546194e-01 3.087972399494170322e-02
6.792303046047104553e-01 3.138652981543577081e-02
6.718608523894523676e-01 3.189229582841393573e-02
6.644923452925125540e-01 3.239687072022359032e-02
6.571247867364067297e-01 3.290010307506947146e-02
6.497581505789368217e-01 3.340184362222234360e-02
6.423924392820291596e-01 3.390194126215363007e-02
6.350276515665841393e-01 3.440024528212353577e-02
6.276637636289307265e-01 3.489660661669705816e-02
6.203007807224294456e-01 3.539087436150855498e-02
6.129386961723962690e-01 3.588289854712550797e-02
6.055774888571667791e-01 3.637253028913919883e-02
5.982171671650734490e-01 3.685961886182725911e-02
5.908577183322439863e-01 3.734401507471236947e-02
5.834991242616631713e-01 3.782557020244995544e-02
5.761413968191322343e-01 3.830413368425129861e-02
5.687845164583893443e-01 3.877955713886738903e-02
5.614284684488932697e-01 3.925169198072545745e-02
5.540732684752734949e-01 3.972038780343790931e-02
5.467188895162277129e-01 4.018549705910665071e-02
5.393653210206200699e-01 4.064687125618067498e-02
5.320125814160865385e-01 4.110436022415487473e-02
5.246606369303405959e-01 4.155781717720205548e-02
5.173094849667029260e-01 4.200709349832439099e-02
5.099591353133714478e-01 4.245203995809952724e-02
5.026095584774600278e-01 4.289250983396199896e-02
4.952607565910929766e-01 4.332835460644231945e-02
4.879127301124163707e-01 4.375942600042023733e-02
4.805654541664647894e-01 4.418557734552640975e-02
4.732189359504653803e-01 4.460666021937631509e-02
4.658731659033954475e-01 4.502252730535426239e-02
4.585281374027181944e-01 4.543303124031460027e-02
4.511859559662524943e-01 4.583780644174403895e-02
4.438486629443620379e-01 4.623608005322513842e-02
4.365161896148110343e-01 4.662709434450887369e-02
4.291886279537641680e-01 4.701008641954244893e-02
4.218657948819053427e-01 4.738431115255912346e-02
4.145476758564380360e-01 4.774901768922162199e-02
4.072342946732678826e-01 4.810345670239001697e-02
3.999254948109675634e-01 4.844689080551886629e-02
3.926213170170483324e-01 4.877857630180109511e-02
3.853216858583512483e-01 4.909777819419311462e-02
3.780264929527548667e-01 4.940376577600862767e-02
3.707358384294431874e-01 4.969580282708312841e-02
3.634495297640088496e-01 4.997316822112531087e-02
3.561675775733326721e-01 5.023513562007186212e-02
3.488899623136328398e-01 5.048098320314475806e-02
3.416165440675412168e-01 5.070999608558023064e-02
3.343474099114668863e-01 5.092145517661241655e-02
3.270823934548971468e-01 5.111465211758770694e-02
3.198217359738877996e-01 5.128886859957457883e-02
3.125702797562373569e-01 5.144297700815648328e-02
3.053300430294604850e-01 5.157531625815197501e-02
2.981015725257274984e-01 5.168420739430523020e-02
2.908846832041512287e-01 5.176800063548593622e-02
2.836797723094434120e-01 5.182505429976574929e-02
2.764869244189658848e-01 5.185374734107624228e-02
2.693062832783029714e-01 5.185247392195297539e-02
2.621381569051346450e-01 5.181964514065296595e-02
2.549824776874326515e-01 5.175368648278937111e-02
2.478397309927442005e-01 5.165304408001381020e-02
2.407096934138418243e-01 5.151617094805054781e-02
2.335929405345634480e-01 5.134154942695706714e-02
2.264892053845314890e-01 5.112765877331452297e-02
2.193990054834013270e-01 5.087301435925453696e-02
2.123221388372974194e-01 5.057612296416686554e-02
2.052590538328770142e-01 5.023553100039434421e-02
1.982095691270047977e-01 4.984977079473533468e-02
1.911741031770179400e-01 4.941741941103716673e-02
1.841526908928091122e-01 4.893704300449726319e-02
1.771471658189838205e-01 4.840723809379073733e-02
1.701577173406982335e-01 4.782639595540705280e-02
1.631851514921318358e-01 4.719297368261744091e-02
1.562293334803443456e-01 4.650536390595026714e-02
1.492910110607196528e-01 4.576205941311453640e-02
1.423701271990854833e-01 4.496148753224981504e-02
1.354672305158090007e-01 4.410215707047625278e-02
1.285824454376937875e-01 4.318254276554363280e-02
1.217158794269533467e-01 4.220112611051939772e-02
1.148628588515917121e-01 4.115596490624338216e-02
1.080214147155914017e-01 4.004629751009160937e-02
1.011939393430948964e-01 3.887215717201449733e-02
9.438261797762051430e-02 3.763355748393559796e-02
8.758981892925492285e-02 3.633055950703199810e-02
8.081777039526676087e-02 3.496321472350809312e-02
7.406873661494721428e-02 3.353159695905094662e-02
6.734504411613795316e-02 3.203581098728314897e-02
6.064882080111939217e-02 3.047593453600127775e-02
5.409417958688698957e-02 2.887585121235140828e-02
4.789181943013304243e-02 2.725894560231556171e-02
4.201635817175443377e-02 2.558829966684770391e-02
3.643310807989057210e-02 2.383298804013013472e-02
3.110989302742639059e-02 2.196785902526880718e-02
2.601764899949488702e-02 1.997146509749899920e-02
2.113346107792256692e-02 1.782591256588137579e-02
1.642499424329044166e-02 1.550852959014224937e-02
1.187219903633546930e-02 1.300012781460666705e-02
7.713673719843838934e-03 1.044253098041079443e-02
5.230449584060446570e-03 8.675083322745752099e-03
3.638182500735507533e-03 7.295098946950453675e-03
2.556289577516868746e-03 6.134399231036102157e-03
1.772310218458560951e-03 5.076057082086764607e-03
1.239379390619821950e-03 4.153123500189073204e-03
8.334650627364885607e-04 3.215223480671106776e-03
5.603174470025239261e-04 2.297589340419315188e-03
3.966976371896279926e-04 1.336935787785264139e-03
3.496090243764565482e-04 3.327593928601076893e-04
4.053742200079669890e-04 -5.403315447341062528e-04
5.186889349457451774e-04 -1.210695228264927707e-03
7.080940264049071647e-04 -1.852185213873324982e-03
9.628178838022702270e-04 -2.395801333167559000e-03
1.256719991652543176e-03 -2.818850249755121447e-03
1.611773307803247672e-03 -3.189042534946852879e-03
2.020469253232626272e-03 -3.509003412952185156e-03
2.639494811839182727e-03 -3.863764290463493102e-03
3.425512139911197993e-03 -4.172607286892333726e-03
4.510361836490647640e-03 -4.440092039899954518e-03
7.426290429341561757e-03 -4.876120884696622665e-03
1.360769478161181524e-02 -5.869964167768905623e-03
1.980596922625823750e-02 -6.793177191573668457e-03
2.606417122434887337e-02 -7.587588130800505121e-03
3.237716352445288437e-02 -8.249472593479854551e-03
3.884915880599483506e-02 -8.799123467712475360e-03
4.549969937165512790e-02 -9.254504428083487264e-03
5.234288069444233832e-02 -9.635986247648144210e-03
5.939856561644636657e-02 -9.968033067658973317e-03
6.654973442647332815e-02 -1.026696157519768615e-02
7.370518115717648866e-02 -1.053264801072184564e-02
8.086388026509802596e-02 -1.076529933307916742e-02
8.802571088088745332e-02 -1.096516202089892027e-02
9.519046535255351604e-02 -1.113248031292386232e-02
1.023579926578057492e-01 -1.126750055053668889e-02
1.095281132978680183e-01 -1.137046886154909238e-02
1.167006453851600067e-01 -1.144163199143144287e-02
1.238754383615261606e-01 -1.148123745798911369e-02
1.310522788532025307e-01 -1.148953295537410296e-02
1.382310459382873058e-01 -1.146676688204096434e-02
1.454115045729272859e-01 -1.141318832604225515e-02
1.525935330334268203e-01 -1.132904634849643370e-02
1.597769110866519016e-01 -1.121459139416786620e-02
1.669614887309496254e-01 -1.107007360922900377e-02
1.741470780250146677e-01 -1.089574421563398697e-02
1.813334946525099745e-01 -1.069185502528955702e-02
1.885205834263087299e-01 -1.045865747597482694e-02
1.957087750949529914e-01 -1.019639019319564313e-02
2.029052590042897675e-01 -9.905551712754454702e-03
2.101121341830598233e-01 -9.587620726219069078e-03
2.173298335920703095e-01 -9.244216410254102803e-03
2.245583432421103254e-01 -8.876994000654845132e-03
2.317978151966100797e-01 -8.487618286491718095e-03
2.390485504920401849e-01 -8.077762277063948657e-03
2.463104320083461529e-01 -7.649139822759296568e-03
2.535839093182591930e-01 -7.203449310873094417e-03
2.608689045727956013e-01 -6.742438165703441323e-03
2.681655748489935598e-01 -6.267857955700164782e-03
2.754742773335788208e-01 -5.781464785515001183e-03
2.827948848148885141e-01 -5.285065211233645407e-03
2.901277257559324307e-01 -4.780454051565981473e-03
2.974729543516546060e-01 -4.269456506880966486e-03
3.048305600823275618e-01 -3.753928503733077945e-03
3.122006006903010888e-01 -3.235740647945192262e-03
3.195693330683577194e-01 -2.717751736594175432e-03
3.269256623854621679e-01 -2.202632886041706525e-03
3.342715002493257814e-01 -1.692067921609661423e-03
3.416151384947638814e-01 -1.186400684257915951e-03
3.489577039695250238e-01 -6.857676759115331191e-04
3.562991777160716689e-01 -1.903652977589876435e-04
3.636396063937321066e-01 2.996147156234485963e-04
3.709790016067527896e-01 7.839784476827338280e-04
3.783173526780473361e-01 1.262530758419718943e-03
3.856547051578501084e-01 1.735080400274542200e-03
3.929910609222330153e-01 2.201433477972677966e-03
4.003264246553767669e-01 2.661396525425179828e-03
4.076608343278237401e-01 3.114778366337578666e-03
4.149942834782098244e-01 3.561385265129091236e-03
4.223267933365821847e-01 4.001025422407392985e-03
4.296583937165669442e-01 4.433507726514478511e-03
4.369890692544644573e-01 4.858638617585487283e-03
4.443188589006449307e-01 5.276227933451046147e-03
4.516477805703310588e-01 5.686084455310692898e-03
4.589758189517824105e-01 6.088015353320070690e-03
4.663030237705804160e-01 6.481831596946182987e-03
4.736297327978184479e-01 6.867372961069207783e-03
4.809565323073811682e-01 7.244581562364876826e-03
4.882834404237852977e-01 7.613405545032555718e-03
4.956104392157847927e-01 7.973791287741142583e-03
5.029375198262133750e-01 8.325685645914075034e-03
5.102646744522270073e-01 8.669035528014845671e-03
5.175918823185633455e-01 9.003787256614735612e-03
5.249191402766332226e-01 9.329887988662329337e-03
5.322464357187683959e-01 9.647284454025755254e-03
5.395737509584151992e-01 9.955923193496005880e-03
5.469010826794483693e-01 1.025575137363083505e-02
5.542284144702502857e-01 1.054671562607083918e-02
5.615557345052261118e-01 1.082876279669957136e-02
5.688830365845989334e-01 1.110183995598655084e-02
5.762103013287716013e-01 1.136589369822408463e-02
5.835375228814140280e-01 1.162087113565909990e-02
5.908646914034723086e-01 1.186671923818483423e-02
5.981917866050733279e-01 1.210338465313335818e-02
6.055188065974984601e-01 1.233081464853560787e-02
6.128457361917964974e-01 1.254895607318432145e-02
6.201725612221348216e-01 1.275775583999538138e-02
6.274992767883227351e-01 1.295716113875751765e-02
6.348258646101420100e-01 1.314711880398286570e-02
6.421523167518154995e-01 1.332757597034486471e-02
6.494786252499038515e-01 1.349847977042503526e-02
6.568047686839935118e-01 1.365977704783429350e-02
6.641307454521218068e-01 1.381141511266278238e-02
6.714565415619299094e-01 1.395334100797634806e-02
6.787821411502161784e-01 1.408550177465634108e-02
6.861075403050516108e-01 1.420784468573420799e-02
6.934327215448973236e-01 1.432031679143133673e-02
7.007576754952842268e-01 1.442286529951514185e-02
7.080823950550106938e-01 1.451543745068674396e-02
7.154068594834687156e-01 1.459798033446406233e-02
7.227310659940606730e-01 1.467044127374322882e-02
7.300550018682037123e-01 1.473276748304087544e-02
7.373786502004855414e-01 1.478490617403136267e-02
7.447016203451335414e-01 1.482679706888537403e-02
7.520194608331765007e-01 1.485802642874546088e-02
7.593307142894205608e-01 1.487768523788427812e-02
7.666354461899173023e-01 1.488483306692073814e-02
7.739334589095668848e-01 1.487853442306839684e-02
7.812248976655299382e-01 1.485785894497640251e-02
7.885096891244789408e-01 1.482188127369743133e-02
7.957877573884385436e-01 1.476968151846121471e-02
8.030592121358359758e-01 1.470034330230443435e-02
8.103238689470020351e-01 1.461295781982510644e-02
8.175818456109015253e-01 1.450661804700203832e-02
8.248330848860437881e-01 1.438042365184596071e-02
8.320775173497814148e-01 1.423347982080980581e-02
8.393152580945604235e-01 1.406489257990876235e-02
8.465460986563726475e-01 1.387378012420338938e-02
8.537702109716134302e-01 1.365925592002167899e-02
8.609874771558034823e-01 1.342044568648102613e-02
8.681979153677858996e-01 1.315647596014236573e-02
8.754015600540527853e-01 1.286647671389175816e-02
8.825939560442416232e-01 1.254967696173583599e-02
8.897590637041074002e-01 1.220417947591955453e-02
8.968931917856916014e-01 1.182629656416745584e-02
9.039969290511690181e-01 1.141219669458682848e-02
9.110690153411010739e-01 1.095824300174523883e-02
9.181098524075808065e-01 1.046078785636607097e-02
9.251182972266258631e-01 9.916376007077188845e-03
9.320948321566352446e-01 9.321516117295251813e-03
9.390382003420982837e-01 8.672943438037305011e-03
9.459490529000703640e-01 7.967302508708222139e-03
9.528263068505882227e-01 7.201482749109327890e-03
9.596703453433618192e-01 6.372294792673404047e-03
9.664807435829638749e-01 5.476706504979069433e-03
9.732572252025163406e-01 4.511741262336974728e-03
9.800001686553367897e-01 3.474387636230190715e-03
9.867088644301942324e-01 2.361857603193385623e-03
9.933838365590506037e-01 1.171222259168145036e-03
1.000025250876623417e+00 -1.003539600350943697e-04
