DiffusionAirfoil1DTransform_050
9.999999403953552246e-01 -9.711849088489543647e-06
9.915468692779541016e-01 9.988574311137199402e-04
9.830978512763977051e-01 1.997834770008921623e-03
9.746532440185546875e-01 2.985626691952347755e-03
9.662136435508728027e-01 3.960639704018831253e-03
9.535550475120544434e-01 5.396728869527578354e-03
9.451538324356079102e-01 6.326498463749885559e-03
9.367284178733825684e-01 7.243325933814048767e-03
9.283147454261779785e-01 8.146048523485660553e-03
9.199465513229370117e-01 9.042986668646335602e-03
9.115440249443054199e-01 9.923935867846012115e-03
9.031322598457336426e-01 1.079322770237922668e-02
8.947106003761291504e-01 1.165252272039651871e-02
8.862615227699279785e-01 1.250002253800630569e-02
8.778117895126342773e-01 1.333627197891473770e-02
8.693737387657165527e-01 1.415965612977743149e-02
8.609383106231689453e-01 1.497438643127679825e-02
8.525271415710449219e-01 1.578112505376338959e-02
8.441417813301086426e-01 1.657605357468128204e-02
8.357345461845397949e-01 1.736033335328102112e-02
8.273237943649291992e-01 1.813367754220962524e-02
8.188897967338562012e-01 1.889570057392120361e-02
8.104384541511535645e-01 1.964909955859184265e-02
8.019738793373107910e-01 2.039092779159545898e-02
7.934994697570800781e-01 2.112394198775291443e-02
7.850127816200256348e-01 2.184662595391273499e-02
7.765440344810485840e-01 2.255937084555625916e-02
7.680724263191223145e-01 2.326229028403759003e-02
7.596083879470825195e-01 2.395676635205745697e-02
7.511430382728576660e-01 2.463892288506031036e-02
7.426641583442687988e-01 2.530755475163459778e-02
7.341756224632263184e-01 2.596288174390792847e-02
7.256743907928466797e-01 2.660280652344226837e-02
7.171535491943359375e-01 2.723032981157302856e-02
7.086313366889953613e-01 2.784375101327896118e-02
7.001252174377441406e-01 2.844424173235893250e-02
6.916241049766540527e-01 2.903537824749946594e-02
6.831273436546325684e-01 2.961611934006214142e-02
6.746345162391662598e-01 3.018580190837383270e-02
6.661419868469238281e-01 3.074268624186515808e-02
6.576468944549560547e-01 3.128839656710624695e-02
6.491662263870239258e-01 3.182459622621536255e-02
6.406799554824829102e-01 3.235101699829101562e-02
6.321982741355895996e-01 3.286698088049888611e-02
6.237086057662963867e-01 3.337131068110466003e-02
6.152244210243225098e-01 3.386108577251434326e-02
6.067116260528564453e-01 3.433919325470924377e-02
5.982107520103454590e-01 3.480095788836479187e-02
5.897086262702941895e-01 3.524704277515411377e-02
5.812059640884399414e-01 3.567932546138763428e-02
5.727411508560180664e-01 3.610288724303245544e-02
5.642874240875244141e-01 3.651410341262817383e-02
5.558165311813354492e-01 3.691434487700462341e-02
5.473365187644958496e-01 3.730259835720062256e-02
5.388517379760742188e-01 3.767731785774230957e-02
5.303298234939575195e-01 3.804191946983337402e-02
5.218177437782287598e-01 3.839382156729698181e-02
5.133026838302612305e-01 3.873132169246673584e-02
5.047908425331115723e-01 3.905594348907470703e-02
4.963059127330780029e-01 3.936905413866043091e-02
4.878455400466918945e-01 3.966732695698738098e-02
4.793712496757507324e-01 3.995439782738685608e-02
4.708913564682006836e-01 4.022761434316635132e-02
4.624036848545074463e-01 4.048493504524230957e-02
4.539109468460083008e-01 4.072793945670127869e-02
4.454307556152343750e-01 4.095559194684028625e-02
4.369586110115051270e-01 4.116630926728248596e-02
4.284814894199371338e-01 4.136070609092712402e-02
4.200384616851806641e-01 4.153999686241149902e-02
4.116090536117553711e-01 4.170101881027221680e-02
4.031633734703063965e-01 4.184928163886070251e-02
3.947039246559143066e-01 4.197750240564346313e-02
3.862427771091461182e-01 4.208426922559738159e-02
3.777828514575958252e-01 4.217013716697692871e-02
3.693194687366485596e-01 4.223667457699775696e-02
3.608645200729370117e-01 4.228337109088897705e-02
3.524099886417388916e-01 4.230991378426551819e-02
3.439765870571136475e-01 4.231804609298706055e-02
3.355439603328704834e-01 4.230466112494468689e-02
3.270894587039947510e-01 4.227278381586074829e-02
3.186769187450408936e-01 4.221853613853454590e-02
3.102603852748870850e-01 4.214105010032653809e-02
3.018327057361602783e-01 4.204459860920906067e-02
2.934131026268005371e-01 4.192806780338287354e-02
2.850005626678466797e-01 4.178863018751144409e-02
2.765803039073944092e-01 4.162817448377609253e-02
2.681595087051391602e-01 4.144499078392982483e-02
2.597441077232360840e-01 4.123543947935104370e-02
2.513283491134643555e-01 4.100100696086883545e-02
2.429670095443725586e-01 4.074049741029739380e-02
2.345943450927734375e-01 4.045412316918373108e-02
2.262336313724517822e-01 4.014043882489204407e-02
2.179047614336013794e-01 3.979581966996192932e-02
2.095910012722015381e-01 3.941759839653968811e-02
2.012908756732940674e-01 3.900960087776184082e-02
1.930026561021804810e-01 3.856443986296653748e-02
1.847281605005264282e-01 3.808091208338737488e-02
1.764725148677825928e-01 3.755824640393257141e-02
1.682344377040863037e-01 3.699184581637382507e-02
1.600143462419509888e-01 3.638352826237678528e-02
1.518294066190719604e-01 3.572923317551612854e-02
1.437069177627563477e-01 3.502928838133811951e-02
1.356355398893356323e-01 3.428248688578605652e-02
1.276265680789947510e-01 3.348831832408905029e-02
1.196914687752723694e-01 3.264205902814865112e-02
1.117903739213943481e-01 3.174034133553504944e-02
1.039680540561676025e-01 3.077514469623565674e-02
9.615761786699295044e-02 2.973732911050319672e-02
8.839608728885650635e-02 2.862374670803546906e-02
8.070391416549682617e-02 2.742922678589820862e-02
7.309170812368392944e-02 2.615074254572391510e-02
6.557054817676544189e-02 2.478718571364879608e-02
5.822017043828964233e-02 2.334017120301723480e-02
5.108533427119255066e-02 2.181720733642578125e-02
4.419167712330818176e-02 2.022298797965049744e-02
3.763360902667045593e-02 1.854972541332244873e-02
3.139162808656692505e-02 1.677684485912322998e-02
2.549891173839569092e-02 1.488331891596317291e-02
2.000663988292217255e-02 1.287662703543901443e-02
1.500731427222490311e-02 1.081492099910974503e-02
1.064299046993255615e-02 8.777190931141376495e-03
7.073681335896253586e-03 6.852869410067796707e-03
4.330154042690992355e-03 5.127090960741043091e-03
2.394822193309664726e-03 3.663040930405259132e-03
1.163162640295922756e-03 2.467036712914705276e-03
4.768078506458550692e-04 1.505567342974245548e-03
1.334546686848625541e-04 7.029331754893064499e-04
0.000000000000000000e+00 0.000000000000000000e+00
2.342226616747211665e-05 -6.526652723550796509e-04
1.927444973262026906e-04 -1.296178903430700302e-03
5.182083696126937866e-04 -1.949004130437970161e-03
9.723649709485471249e-04 -2.633438678458333015e-03
1.631779712624847889e-03 -3.352058120071887970e-03
2.614760771393775940e-03 -4.141834564507007599e-03
4.141768906265497208e-03 -5.035084672272205353e-03
6.568421144038438797e-03 -6.051133852452039719e-03
9.935831651091575623e-03 -7.176636718213558197e-03
1.428862195461988449e-02 -8.383310399949550629e-03
1.953803002834320068e-02 -9.611350484192371368e-03
2.553200721740722656e-02 -1.079032011330127716e-02
3.206116333603858948e-02 -1.187243591994047165e-02
3.896324336528778076e-02 -1.281764730811119080e-02
4.611326754093170166e-02 -1.363420486450195312e-02
5.351468175649642944e-02 -1.434411387890577316e-02
6.124496459960937500e-02 -1.496805157512426376e-02
6.913569569587707520e-02 -1.551911514252424240e-02
7.716991752386093140e-02 -1.601039059460163116e-02
8.528638631105422974e-02 -1.645303145051002502e-02
9.347595274448394775e-02 -1.684826426208019257e-02
1.017151921987533569e-01 -1.719904504716396332e-02
1.099584922194480896e-01 -1.750933006405830383e-02
1.182202696800231934e-01 -1.777337305247783661e-02
1.264989227056503296e-01 -1.799869164824485779e-02
1.348183453083038330e-01 -1.819154061377048492e-02
1.431695967912673950e-01 -1.835031248629093170e-02
1.515451371669769287e-01 -1.848207600414752960e-02
1.599554270505905151e-01 -1.858856901526451111e-02
1.683961749076843262e-01 -1.866746321320533752e-02
1.768589913845062256e-01 -1.871931925415992737e-02
1.853159517049789429e-01 -1.874895766377449036e-02
1.938221454620361328e-01 -1.875702105462551117e-02
2.023207247257232666e-01 -1.874982751905918121e-02
2.108438313007354736e-01 -1.873104088008403778e-02
2.193722426891326904e-01 -1.870366558432579041e-02
2.278964072465896606e-01 -1.866450160741806030e-02
2.364522516727447510e-01 -1.861669868230819702e-02
2.449723780155181885e-01 -1.856102794408798218e-02
2.534877955913543701e-01 -1.849344559013843536e-02
2.620012462139129639e-01 -1.841960102319717407e-02
2.705496251583099365e-01 -1.833967119455337524e-02
2.790609896183013916e-01 -1.824915967881679535e-02
2.875992059707641602e-01 -1.814625971019268036e-02
2.961330115795135498e-01 -1.803435012698173523e-02
3.046697974205017090e-01 -1.791086979210376740e-02
3.132217526435852051e-01 -1.778117753565311432e-02
3.217472434043884277e-01 -1.764019019901752472e-02
3.302764594554901123e-01 -1.748731546103954315e-02
3.387963473796844482e-01 -1.732814498245716095e-02
3.473300039768218994e-01 -1.715907827019691467e-02
3.558598160743713379e-01 -1.697931624948978424e-02
3.644212186336517334e-01 -1.678945124149322510e-02
3.729745149612426758e-01 -1.659220829606056213e-02
3.815155923366546631e-01 -1.638826541602611542e-02
3.900726735591888428e-01 -1.617687940597534180e-02
3.986392617225646973e-01 -1.595840975642204285e-02
4.072062671184539795e-01 -1.573276706039905548e-02
4.157526791095733643e-01 -1.550002954900264740e-02
4.243120551109313965e-01 -1.525987498462200165e-02
4.328590035438537598e-01 -1.501567568629980087e-02
4.414120018482208252e-01 -1.476819347590208054e-02
4.499584734439849854e-01 -1.451581064611673355e-02
4.585095942020416260e-01 -1.425885409116744995e-02
4.670720696449279785e-01 -1.399758178740739822e-02
4.756408631801605225e-01 -1.373336557298898697e-02
4.842310249805450439e-01 -1.346205919981002808e-02
4.928086996078491211e-01 -1.318653766065835953e-02
5.014148950576782227e-01 -1.291097234934568405e-02
5.099961757659912109e-01 -1.263365801423788071e-02
5.185798406600952148e-01 -1.235454808920621872e-02
5.271585583686828613e-01 -1.207261253148317337e-02
5.357482433319091797e-01 -1.178970839828252792e-02
5.443236827850341797e-01 -1.150326617062091827e-02
5.529032945632934570e-01 -1.121126115322113037e-02
5.615028142929077148e-01 -1.091180369257926941e-02
5.700882077217102051e-01 -1.060582231730222702e-02
5.786982178688049316e-01 -1.029473729431629181e-02
5.872787833213806152e-01 -9.975402615964412689e-03
5.958626866340637207e-01 -9.649161249399185181e-03
6.044520139694213867e-01 -9.318635798990726471e-03
6.130328774452209473e-01 -8.987287059426307678e-03
6.216087937355041504e-01 -8.652684278786182404e-03
6.301869750022888184e-01 -8.315201848745346069e-03
6.387565135955810547e-01 -7.974947802722454071e-03
6.473214030265808105e-01 -7.632816210389137268e-03
6.559015512466430664e-01 -7.291848305612802505e-03
6.644658446311950684e-01 -6.949007511138916016e-03
6.730593442916870117e-01 -6.605344358831644058e-03
6.816627979278564453e-01 -6.264111027121543884e-03
6.902883648872375488e-01 -5.927206482738256454e-03
6.989120841026306152e-01 -5.592382512986660004e-03
7.075459957122802734e-01 -5.257904063910245895e-03
7.161557078361511230e-01 -4.927015863358974457e-03
7.247621417045593262e-01 -4.598749335855245590e-03
7.333375215530395508e-01 -4.275894723832607269e-03
7.418867945671081543e-01 -3.954215906560420990e-03
7.504270076751708984e-01 -3.636351786553859711e-03
7.589512467384338379e-01 -3.324276534840464592e-03
7.674767971038818359e-01 -3.019586903974413872e-03
7.759938836097717285e-01 -2.721004653722047806e-03
7.845315337181091309e-01 -2.429147483780980110e-03
7.930673360824584961e-01 -2.147496212273836136e-03
8.016068339347839355e-01 -1.872049411758780479e-03
8.101350665092468262e-01 -1.608669641427695751e-03
8.186614513397216797e-01 -1.353607396595180035e-03
8.272000551223754883e-01 -1.110442797653377056e-03
8.357332348823547363e-01 -8.784909150563180447e-04
8.442481756210327148e-01 -6.533160922117531300e-04
8.527630567550659180e-01 -4.409549292176961899e-04
8.612669706344604492e-01 -2.354117459617555141e-04
8.697637915611267090e-01 -4.236258246237412095e-05
8.782325983047485352e-01 1.380208996124565601e-04
8.867002725601196289e-01 2.981245634146034718e-04
8.951501846313476562e-01 4.426224040798842907e-04
9.036035537719726562e-01 5.647658836096525192e-04
9.120455384254455566e-01 6.666619447059929371e-04
9.204668998718261719e-01 7.486819522455334663e-04
9.288613200187683105e-01 7.995532359927892685e-04
9.372696280479431152e-01 8.260134491138160229e-04
9.456605315208435059e-01 8.229138911701738834e-04
9.539773464202880859e-01 7.929471903480589390e-04
9.623033404350280762e-01 7.190142059698700905e-04
9.664521217346191406e-01 6.722039543092250824e-04
9.747502803802490234e-01 5.546066677197813988e-04
9.830619096755981445e-01 4.050137067679315805e-04
9.914023876190185547e-01 2.233927662018686533e-04
9.997869133949279785e-01 9.711839993542525917e-06
