DiffusionAirfoil1DTransform_065F
9.999929321340063071e-01 2.621763485324550991e-04
9.915198502268774972e-01 1.254922239039714567e-03
9.830452719256168592e-01 2.237396145376286099e-03
9.745692174530780072e-01 3.209629123596377358e-03
9.660917070368402193e-01 4.171652234896509881e-03
9.576127594151195854e-01 5.123496712436763183e-03
9.491323953045316397e-01 6.065193569307751088e-03
9.406506359641655379e-01 6.996773767373349294e-03
9.321675016401478331e-01 7.918268388517763975e-03
9.236830120858117166e-01 8.829708572930574859e-03
9.151971860467448261e-01 9.731125570528888213e-03
9.067100457927154133e-01 1.062255026164848036e-02
8.982216115876757723e-01 1.150401374897602053e-02
8.897319036999036257e-01 1.237554714040433115e-02
8.812409403773374672e-01 1.323718175329695323e-02
8.727487434502769759e-01 1.408894854393542319e-02
8.642553336745755210e-01 1.493087858743784128e-02
8.557607313354537171e-01 1.576300301260603193e-02
8.472649556498976775e-01 1.658535305664471035e-02
8.387680265654882117e-01 1.739795988796213888e-02
8.302699658017135276e-01 1.820085451262130546e-02
8.217707936600423535e-01 1.899406808039087388e-02
8.132705303011845688e-01 1.977763175953345734e-02
8.047691938389203159e-01 2.055157690842521201e-02
7.962668069306994001e-01 2.131593447515705078e-02
7.877633898935563206e-01 2.207073563049910189e-02
7.792589630482971153e-01 2.281601155046474733e-02
7.707535449986714360e-01 2.355179356420513195e-02
7.622471570396722740e-01 2.427811277043155982e-02
7.537398202614602472e-01 2.499500029490927394e-02
7.452315549995724986e-01 2.570248733466575300e-02
7.367223807567288008e-01 2.640060516012704417e-02
7.282123162591032095e-01 2.708938510597396626e-02
7.197013092722212013e-01 2.776886826125574831e-02
7.111892944276420048e-01 2.843911354447599404e-02
7.026762768618088906e-01 2.910017855358478650e-02
6.941622583799764712e-01 2.975212114865669055e-02
6.856472494697321007e-01 3.039499853354912448e-02
6.771312563465651246e-01 3.102886825971824108e-02
6.686142851977572299e-01 3.165378789421546130e-02
6.600963393079039010e-01 3.226981522592247548e-02
6.515774262765433589e-01 3.287700773974974039e-02
6.430575538186632523e-01 3.347542293196227592e-02
6.345367281508002000e-01 3.406511842154281988e-02
6.260149539893951065e-01 3.464615194255449976e-02
6.174922361369842294e-01 3.521858123080826020e-02
6.089685837595852913e-01 3.578246374358536736e-02
6.004440031013748014e-01 3.633785715256474674e-02
5.919185002615996449e-01 3.688481915234094466e-02
5.833920773399527970e-01 3.742340770130080096e-02
5.748647449035176882e-01 3.795368023290363740e-02
5.663365092225183250e-01 3.847569447221118460e-02
5.578073765734026246e-01 3.898950815771273781e-02
5.492773499155856332e-01 3.949517923677424436e-02
5.407464377002558775e-01 3.999276534026298402e-02
5.322146473773600173e-01 4.048232417819901119e-02
5.236819852474480230e-01 4.096391354320899625e-02
5.151484555335995585e-01 4.143759135618921285e-02
5.066140642139986827e-01 4.190341544930042961e-02
4.980788200183725034e-01 4.236144352112952705e-02
4.895427292698493194e-01 4.281173341896806622e-02
4.810057974034838146e-01 4.325434304975012134e-02
4.724680280240299846e-01 4.368933042366437980e-02
4.639294310885562211e-01 4.411675324011715693e-02
4.553900604651616169e-01 4.453666708523081053e-02
4.468537816728915812e-01 4.494871599226978737e-02
4.383244564178441216e-01 4.535167109233347038e-02
4.298020301198383630e-01 4.574428829456134160e-02
4.212864887395064151e-01 4.612532797465854900e-02
4.127778245855349692e-01 4.649355663404368399e-02
4.042760704468815747e-01 4.684774551419926270e-02
3.957812254077607284e-01 4.718667382204135702e-02
3.872932338475628122e-01 4.750912919494964387e-02
3.788120883991389354e-01 4.781390350305995268e-02
3.703377815564453668e-01 4.809979486835347373e-02
3.618703548273539128e-01 4.836560614428295907e-02
3.534097810160327646e-01 4.861014875796517559e-02
3.449560198816356005e-01 4.883224042994885328e-02
3.365090623181373752e-01 4.903070395022939010e-02
3.280688985358813925e-01 4.920436816860129098e-02
3.196355341412286943e-01 4.935206769120765308e-02
3.112079865342353702e-01 4.947271511836480451e-02
3.027853186725321666e-01 4.956543684836619418e-02
2.943675779815601024e-01 4.962939580484489882e-02
2.859548109846936637e-01 4.966375801926428690e-02
2.775470632269311233e-01 4.966769260339939929e-02
2.691444006511523046e-01 4.964037182942616228e-02
2.607468712270761269e-01 4.958097116677937649e-02
2.523544901142664165e-01 4.948866874116665537e-02
2.439672981279974728e-01 4.936264565471878280e-02
2.355853347028128153e-01 4.920208590541003818e-02
2.272086378095430903e-01 4.900617633974480719e-02
2.188372442086360115e-01 4.877410661154071847e-02
2.104712304958082925e-01 4.850507054931616630e-02
2.021105865985954320e-01 4.819826211798242804e-02
1.937553437611921059e-01 4.785287899988067278e-02
1.854059602269081397e-01 4.746814217285387494e-02
1.770862561718775374e-01 4.704310153358309127e-02
1.688183542579724805e-01 4.657208795049339045e-02
1.606035669631555307e-01 4.604762065048370601e-02
1.524429333614038817e-01 4.546248094754554853e-02
1.443374518640930526e-01 4.480971351512946094e-02
1.362880643090470523e-01 4.408261528242683053e-02
1.282956399105961987e-01 4.327472361801640299e-02
1.203609593457002913e-01 4.237980345442048796e-02
1.124846992767952053e-01 4.139183304272473635e-02
1.046674176353884628e-01 4.030498807101483977e-02
9.690954000771385968e-02 3.911362393401607296e-02
8.921134747104880747e-02 3.781225600326579284e-02
8.157296622292323218e-02 3.639553781575388669e-02
7.399435932238003499e-02 3.485823717158385848e-02
6.647532082090576444e-02 3.319521020427470409e-02
5.901880111611473162e-02 3.140220632651201382e-02
5.176783870501285717e-02 2.950426882451033864e-02
4.483899668644066028e-02 2.750249876555093190e-02
3.823618610710702997e-02 2.537348688648805028e-02
3.194713578777122476e-02 2.309537296464642814e-02
2.596633192785953795e-02 2.065313757312585777e-02
2.028449464951017495e-02 1.803399030941985060e-02
1.488492355855648187e-02 1.522349575680824116e-02
9.859768047087009296e-03 1.227434784750070472e-02
6.554828758509669527e-03 1.002776399724092729e-02
4.437151901956440381e-03 8.230246229278958756e-03
2.830650244279653456e-03 6.488843053461361421e-03
1.595950923604646599e-03 4.743271033460162017e-03
7.598026668870789396e-04 3.165818791526210825e-03
2.763648818957951318e-04 1.829320020208287248e-03
7.883822939250925319e-05 8.615378278112284212e-04
3.371886231259683432e-05 -5.239582624328115255e-05
1.110022892850791326e-04 -7.625042289257189876e-04
2.896658869635501720e-04 -1.444012091343463335e-03
5.602185816111647423e-04 -2.067794955754615176e-03
9.134252802011161515e-04 -2.620164971141147013e-03
1.350704491970768258e-03 -3.102905382459067007e-03
2.016423912913193651e-03 -3.626132495064302713e-03
2.871112817560728201e-03 -4.111564569231544557e-03
4.782399686928045374e-03 -4.890421996170626721e-03
9.826088589133056758e-03 -6.557682077690441327e-03
1.541479135017018859e-02 -8.056644988210672972e-03
2.125383623626924540e-02 -9.283361146335791098e-03
2.739321364028297207e-02 -1.025594782929895379e-02
3.388412625947157669e-02 -1.099295557866073261e-02
4.077961172443897442e-02 -1.151806174690654661e-02
4.815982027751029154e-02 -1.186693216633389822e-02
5.609721875991782736e-02 -1.209282529771145941e-02
6.437882854156218304e-02 -1.225711071637349339e-02
7.268004500791494515e-02 -1.237130519073341081e-02
8.099518994500187752e-02 -1.243763371039572664e-02
8.932449258575279882e-02 -1.245848049166927048e-02
9.766815046962043501e-02 -1.243625471323107738e-02
1.060262661072463308e-01 -1.237339258615173868e-02
1.143990009253686158e-01 -1.227235785504264022e-02
1.227865116512592697e-01 -1.213564207372215889e-02
1.311889511617159720e-01 -1.196576517186538104e-02
1.396064692945183650e-01 -1.176527598428444080e-02
1.480393487611672276e-01 -1.153674887955852268e-02
1.564876386117537710e-01 -1.128279388546598108e-02
1.649514538299061417e-01 -1.100605031798908111e-02
1.734309393862332460e-01 -1.070918750898629083e-02
1.819262405931207638e-01 -1.039490600920280755e-02
1.904376067561330543e-01 -1.006593395661015654e-02
1.989583769491032050e-01 -9.724928518794634727e-03
2.074818674421152753e-01 -9.373050087512338480e-03
2.160080407111596434e-01 -9.010816200631766026e-03
2.245369306164236578e-01 -8.638742639749690325e-03
2.330685717668193879e-01 -8.257346217813961789e-03
2.416029585887430331e-01 -7.867146677959905438e-03
2.501401119499068182e-01 -7.468663750660077018e-03
2.586800543176592249e-01 -7.062418218726770197e-03
2.672228442097733803e-01 -6.648930232846983826e-03
2.757684636348962659e-01 -6.228724758161669449e-03
2.843169335571433809e-01 -5.802326061731126298e-03
2.928682749817387299e-01 -5.370259549564519383e-03
3.014225452329262200e-01 -4.933049905480229973e-03
3.099797350466104717e-01 -4.491226342991803434e-03
3.185398599682284781e-01 -4.045317993351257684e-03
3.271029412220686217e-01 -3.595854851751686000e-03
3.356690344957884986e-01 -3.143366243473702006e-03
3.442381356438123929e-01 -2.688385802934404895e-03
3.528102574952237669e-01 -2.231447450871548548e-03
3.613854215555913907e-01 -1.773085815558044041e-03
3.699636861959127443e-01 -1.313834718387284391e-03
3.785436170346618834e-01 -8.543090867818847745e-04
3.871208590190987620e-01 -3.952807968226482518e-04
3.956949970072365930e-01 6.269015986409376233e-05
4.042660127310602203e-01 5.190662337094054460e-04
4.128339640500570118e-01 9.733151091433159003e-04
4.213988760151641255e-01 1.424903877923383664e-03
4.299607699316086995e-01 1.873300592870730209e-03
4.385196284747741036e-01 2.317972466540117911e-03
4.470755078716672770e-01 2.758391712147030377e-03
4.556284330281106243e-01 3.194030043004734368e-03
4.641784294725043170e-01 3.624360344539841617e-03
4.727273353822444291e-01 4.049051865738702641e-03
4.812770231812096289e-01 4.468195103021468419e-03
4.898275146035735994e-01 4.881892930731622504e-03
4.983788283033440680e-01 5.290248110799712286e-03
5.069309882215273788e-01 5.693363694468687314e-03
5.154840104635005638e-01 6.091342399855389708e-03
5.240379109021390258e-01 6.484286982729510311e-03
5.325927081499062243e-01 6.872300370915050000e-03
5.411484251408218427e-01 7.255485726736300364e-03
5.497050799303624391e-01 7.633946030797163392e-03
5.582626873261391509e-01 8.007784166528676695e-03
5.668212659017340949e-01 8.377103229577166632e-03
5.753808377396953944e-01 8.742006506836673407e-03
5.839414225394160551e-01 9.102597220985124762e-03
5.925030342016534002e-01 9.458978395488521970e-03
6.010654760333473678e-01 9.811244449860350575e-03
6.096135641238918934e-01 1.015795691523183053e-02
6.181337918134076626e-01 1.049448626120627788e-02
6.266265738628062909e-01 1.081612327766960993e-02
6.350921529450547220e-01 1.111824438690966685e-02
6.435307662010367746e-01 1.139631634697729594e-02
6.519425551820784426e-01 1.164589171131925720e-02
6.603276939115522159e-01 1.186261175617337425e-02
6.686867558104351295e-01 1.204221121597809883e-02
6.770358886393618159e-01 1.218159495214389890e-02
6.853933988534575139e-01 1.228139886244824716e-02
6.937595775981231228e-01 1.234296114303515442e-02
7.021343640361118466e-01 1.236762145578704231e-02
7.105177368326121012e-01 1.235672751125656103e-02
7.189096241717907176e-01 1.231163500474501821e-02
7.273099242485630000e-01 1.223370848237600832e-02
7.357185696196817393e-01 1.212432098294820640e-02
7.441356151710908362e-01 1.198485893881147575e-02
7.525611433182332055e-01 1.181673893107736475e-02
7.609952074981709558e-01 1.162139095024364126e-02
7.694378022413307372e-01 1.140025515395252063e-02
7.778888868242301857e-01 1.115478212304684726e-02
7.863484608613868776e-01 1.088643088026289632e-02
7.948165234158682813e-01 1.059666984739361661e-02
8.032931058640372379e-01 1.028697568217585429e-02
8.117782466244286566e-01 9.958834017614204975e-03
8.202718739316718910e-01 9.613744393100415522e-03
8.287739863561687237e-01 9.253213518728767989e-03
8.372845827182632261e-01 8.878757823021086321e-03
8.458037343608124647e-01 8.491900192058407515e-03
8.543314139351492198e-01 8.094177707646959402e-03
8.628675791575572962e-01 7.687138289775598092e-03
8.714121193123158804e-01 7.272343384310701875e-03
8.799561593092793954e-01 6.851260859186329363e-03
8.884914689369761698e-01 6.423377345395488332e-03
8.970180808986023546e-01 5.987332846124209483e-03
9.055360126144590405e-01 5.541775741985372102e-03
9.140452821758394686e-01 5.085361954009748851e-03
9.225458148015147630e-01 4.616760116993454989e-03
9.310377222250673102e-01 4.134636221172892194e-03
9.395210284729758055e-01 3.637668273758752364e-03
9.479957550201221217e-01 3.124541749945635317e-03
9.564619047672369145e-01 2.593950580997019841e-03
9.649194530199798336e-01 2.044597912500706934e-03
9.733684947548559840e-01 1.475186311436792446e-03
9.818090562658839948e-01 8.844296181277605095e-04
9.902411653159933769e-01 2.710485431942948531e-04
9.986648512554763268e-01 -3.662294275653298005e-04
