DiffusionAirfoil1DTransform_031F
9.999833643281219597e-01 3.231995992995869327e-04
9.998026612734259855e-01 3.464113353557696576e-04
9.992606936083038294e-01 4.160283676463787084e-04
9.983578857050835476e-01 5.319961845392281573e-04
9.970949444358503388e-01 6.942239866380283276e-04
9.954728585501225746e-01 9.025846243070187371e-04
9.934928978043414682e-01 1.156843253544061895e-03
9.911566118439084638e-01 1.455383822272265665e-03
9.884658288387266900e-01 1.798794480537572451e-03
9.854226538733975582e-01 2.186982430222730780e-03
9.820294670934474057e-01 2.617510250748672669e-03
9.782889216091502638e-01 3.090874914642207857e-03
9.742039411587350983e-01 3.606165921226685365e-03
9.697777175329521659e-01 4.160314080220876842e-03
9.650137077631898430e-01 4.753247692778144254e-03
9.599156310755263544e-01 5.380443065386060660e-03
9.544874656132950053e-01 6.046890590182080367e-03
9.487334449309503537e-01 6.743420439615719665e-03
9.426580542621971759e-01 7.468519905670618214e-03
9.362660265655534664e-01 8.215328389069012291e-03
9.295623383506863568e-01 8.986307618036334585e-03
9.225522052890640090e-01 9.773466918749123405e-03
9.152410776126294056e-01 1.057960355831442587e-02
9.076346353043931448e-01 1.140845261859133215e-02
8.997387830850048784e-01 1.225438859403182174e-02
8.915596451995425609e-01 1.311941180909573582e-02
8.831035600089205406e-01 1.400285624741575211e-02
8.743770743904719644e-01 1.490423653199314004e-02
8.653869379524394834e-01 1.582285370843832320e-02
8.561400970672297106e-01 1.675624668632471476e-02
8.466436887284730650e-01 1.770058524195143590e-02
8.369050342370355500e-01 1.865493702240037313e-02
8.269316327212995477e-01 1.961573175502739561e-02
8.167311544971463944e-01 2.057925801749284703e-02
8.063114342732076167e-01 2.154092235912388742e-02
7.956804642070722799e-01 2.249707924034023004e-02
7.848463868182604664e-01 2.344619028872127128e-02
7.738174877638788196e-01 2.438973207857099076e-02
7.626021884829785602e-01 2.533047152840153457e-02
7.512090387157530635e-01 2.627289680164127811e-02
7.396467089037715992e-01 2.721985937019216414e-02
7.279239824775798340e-01 2.816954271635972382e-02
7.160497480380275670e-01 2.911957790074713379e-02
7.040329914378066212e-01 2.994391923984741563e-02
6.918827877697137918e-01 3.052272825330507380e-02
6.796082932682324662e-01 3.103333190210915554e-02
6.672187371310771553e-01 3.153627815632253223e-02
6.547234132673902529e-01 3.224739024968242829e-02
6.421316719793209726e-01 3.315128787683577216e-02
6.294529115837430577e-01 3.404687284300342981e-02
6.166965699809088264e-01 3.492900622241653513e-02
6.038721161768257906e-01 3.579742073516802708e-02
5.909890417661789463e-01 3.664740433245457923e-02
5.780568523826047356e-01 3.747603722907477675e-02
5.650850591231170172e-01 3.828197063588804211e-02
5.520831699534753945e-01 3.906529978544865528e-02
5.390606811012529365e-01 3.983009143757073461e-02
5.260270684433302479e-01 4.057449949384932947e-02
5.129917788944958756e-01 4.129288191553556059e-02
4.999642218037843588e-01 4.198323078130553748e-02
4.869537603651061808e-01 4.264766305850732631e-02
4.739697030486780260e-01 4.328971488874754081e-02
4.610212950596361825e-01 4.391465164743935806e-02
4.481177098301601935e-01 4.451863679697211362e-02
4.352680405512998063e-01 4.509689057119450895e-02
4.224812917505905707e-01 4.564484673396692477e-02
4.097663709214063865e-01 4.615777202559211839e-02
3.971320802098536884e-01 4.663131091054360799e-02
3.845871081648521983e-01 4.706643744254498940e-02
3.721400215568681502e-01 4.746116324748320819e-02
3.597992572705824843e-01 4.781483132241033662e-02
3.475731142765529080e-01 4.812870442820640915e-02
3.354697456867308247e-01 4.840145857123345080e-02
3.234971508984054722e-01 4.862622451929016903e-02
3.116631678309235154e-01 4.879846057262931386e-02
2.999754652592079851e-01 4.891804312199080768e-02
2.884415352478008621e-01 4.898273339823432104e-02
2.770686856888027183e-01 4.899041995366591740e-02
2.658640329467057417e-01 4.894092109345209163e-02
2.548344946127116817e-01 4.883199866885190588e-02
2.439867823706693972e-01 4.866465831789519580e-02
2.333273949762875721e-01 4.843805194952368470e-02
2.228626113507214401e-01 4.814979692403417028e-02
2.125984837890675938e-01 4.780513457501640168e-02
2.025408312836112223e-01 4.740827439986131098e-02
1.926952329609820103e-01 4.695901180524634372e-02
1.830670216315486709e-01 4.645648200232747188e-02
1.736612774484991017e-01 4.590043995398019466e-02
1.644828216730520876e-01 4.528461103515751818e-02
1.555362105411265405e-01 4.461317576135956364e-02
1.468257292255336910e-01 4.388736826808559144e-02
1.383553858863303676e-01 4.310588877072816377e-02
1.301289058003534393e-01 4.226721429199441910e-02
1.221497255591025843e-01 4.136793527933450842e-02
1.144209873220285861e-01 4.038856639412190253e-02
1.069455331098338458e-01 3.935281338906500281e-02
9.972589911957327469e-02 3.826953598055566480e-02
9.276431004005079861e-02 3.714135232001553738e-02
8.606267334215891851e-02 3.595876020031087833e-02
7.962257351427506902e-02 3.473972999902411041e-02
7.344526620746333334e-02 3.348890158800000433e-02
6.753167224883373232e-02 3.219262011182828093e-02
6.188237147373696484e-02 3.088461703280414791e-02
5.649759631820849143e-02 2.954763297440048120e-02
5.137722510179514729e-02 2.819016505102386536e-02
4.652077491706917839e-02 2.681940934663218021e-02
4.192739402503474488e-02 2.540150454280217310e-02
3.759585363430107546e-02 2.397702878657974324e-02
3.352453891503152927e-02 2.251743502886883672e-02
2.971143906450028627e-02 2.104120726270294200e-02
2.615413619711692839e-02 1.957156045895444563e-02
2.284979277452408794e-02 1.807259937840056951e-02
1.979513721582210756e-02 1.660061253023356609e-02
1.698644722682094571e-02 1.513627400093051079e-02
1.441953024956827908e-02 1.370379843163974792e-02
1.208970024267063022e-02 1.233169350391617215e-02
9.991749733203776629e-03 1.096838188862857104e-02
8.119915690667871971e-03 9.697382835579091212e-03
6.467837193381843243e-03 8.455313321242758848e-03
5.028501968841931485e-03 7.298577952043572119e-03
3.794177477530399478e-03 6.205599639979835630e-03
2.756319868055555952e-03 5.195725974927564023e-03
1.905450040320912563e-03 4.248078255844926591e-03
1.230978425607318896e-03 3.379874847445523637e-03
7.209446328329617614e-04 2.570826586431718304e-03
3.616030619219803475e-04 1.855058843941361163e-03
1.366922505706571307e-04 1.176910734645488519e-03
2.590301942052305697e-05 5.390443994231065936e-04
0.000000000000000000e+00 0.000000000000000000e+00
2.639520105385357928e-05 -1.408341454195334845e-04
1.392891333849716206e-04 -6.520356394928294866e-04
3.684710511205313544e-04 -1.312176259282460920e-03
7.346327595138146165e-04 -2.098780136470356460e-03
1.254339490185436227e-03 -2.893156217343748927e-03
1.941590630707643863e-03 -3.572642999494437307e-03
2.808564067507125263e-03 -4.155833856465381525e-03
3.866038280787769364e-03 -4.669743006487550585e-03
5.123657501874207335e-03 -5.154690045314846460e-03
6.590110137518506717e-03 -5.626812276013684264e-03
8.273254952657198638e-03 -6.088288505015665431e-03
1.018021375047139902e-02 -6.561645894410649341e-03
1.231744151631990539e-02 -7.011300415157382254e-03
1.469078082350826903e-02 -7.480995816356400714e-03
1.730550491297246085e-02 -7.938098290173665680e-03
2.016635242023889080e-02 -8.408119975810287097e-03
2.327755581737446164e-02 -8.858298679125761396e-03
2.664286504663840663e-02 -9.322552284965821348e-03
3.026556742484936419e-02 -9.742254818851171436e-03
3.414850462268251979e-02 -1.016044859827767814e-02
3.829408732878616939e-02 -1.055053473784873901e-02
4.270430806836987558e-02 -1.091393635482721704e-02
4.738075254285530752e-02 -1.124623019470463552e-02
5.232460978021008513e-02 -1.153243598525771282e-02
5.753668132725135720e-02 -1.178330930436416457e-02
6.301738967040491912e-02 -1.199347274930340733e-02
6.876678603658362143e-02 -1.217019265322810510e-02
7.478455769847291990e-02 -1.231724314203713061e-02
8.107003488678218850e-02 -1.244314696689718079e-02
8.762219739458480816e-02 -1.253298198532743976e-02
9.443968094478551178e-02 -1.260150801864625379e-02
1.015207833802519444e-01 -1.263985552816020499e-02
1.088634707267036594e-01 -1.264597730139307985e-02
1.164653831706281700e-01 -1.262522135384842349e-02
1.243238409879703077e-01 -1.257300340505924582e-02
1.324358504538706571e-01 -1.247919722844175253e-02
1.407981097591016195e-01 -1.234714723621919107e-02
1.494070149549250326e-01 -1.217976772275428457e-02
1.582586659447339783e-01 -1.197692482255514543e-02
1.673488725379581876e-01 -1.173901221678538831e-02
1.766731605792237481e-01 -1.146515966474871001e-02
1.862267781635815467e-01 -1.116051496221762314e-02
1.960047019467467122e-01 -1.082926225308164341e-02
2.060016435576155214e-01 -1.047253051366452484e-02
2.162120561188870249e-01 -1.009104870533323976e-02
2.266301408803085282e-01 -9.685459647844864989e-03
2.372498539679282481e-01 -9.255398355718067599e-03
2.480649132517136479e-01 -8.803298698544612111e-03
2.590688053329767149e-01 -8.331717223910847098e-03
2.702547926522235189e-01 -7.841682376435985674e-03
2.816159207173073442e-01 -7.332313386339873312e-03
2.931450254510964415e-01 -6.802360229741683494e-03
3.048347406572499696e-01 -6.246403366213794731e-03
3.166775056021505219e-01 -5.667359143032562642e-03
3.286655727105390890e-01 -5.066867180861075320e-03
3.407910153719325708e-01 -4.447572594691273987e-03
3.530457358544825675e-01 -3.810804018229179552e-03
3.654214733225539247e-01 -3.159625511227125410e-03
3.779098119539459066e-01 -2.497286656770404591e-03
3.905021891523468569e-01 -1.826637614296672003e-03
4.031899038503212740e-01 -1.149499295329091918e-03
4.159641248978560024e-01 -4.661382957906082085e-04
4.288158995312254529e-01 2.244425058761750870e-04
4.417361619167255449e-01 9.227662759631895771e-04
4.547157417635879773e-01 1.627692708894762797e-03
4.677453730002178456e-01 2.336758137530447511e-03
4.808157025076940094e-01 3.046102913975578998e-03
4.939172989043267847e-01 3.753097002098729120e-03
5.070406613749159908e-01 4.455841396979487792e-03
5.201762285382066642e-01 5.151894840192931466e-03
5.333143873459406104e-01 5.843555272646535834e-03
5.464454820067710106e-01 6.531844008516456829e-03
5.595598229282314762e-01 7.218069453581680596e-03
5.726476956698544063e-01 7.903010475213748803e-03
5.856993699004633402e-01 8.586228816174063666e-03
5.987051083526117035e-01 9.268053277392525671e-03
6.116551757670687373e-01 9.945523760277909589e-03
6.245398478202401904e-01 1.061307574221869061e-02
6.373494200273497334e-01 1.126366817691700981e-02
6.500742166142123857e-01 1.188772025363347626e-02
6.627045993504021570e-01 1.247259580600772362e-02
6.752309763366144413e-01 1.299854127702438841e-02
6.876438107390414611e-01 1.346364835697565730e-02
6.999336294635795097e-01 1.385207713648306180e-02
7.120910317627137109e-01 1.390320722686605448e-02
7.241066977679598837e-01 1.369922343156604154e-02
7.359713969407849499e-01 1.341733419386669478e-02
7.476759964349651844e-01 1.307248532153217416e-02
7.592114693634000044e-01 1.269693229748257088e-02
7.705689029624682718e-01 1.231461121554980852e-02
7.817395066470782528e-01 1.193860623366003841e-02
7.927146199496359902e-01 1.157133790692643424e-02
8.034857203362448796e-01 1.120649244126660157e-02
8.140444308935469442e-01 1.083546512176017731e-02
8.243825278797025646e-01 1.045312896192748114e-02
8.344919481331140032e-01 1.005950298971742748e-02
8.443647963326144090e-01 9.656584089410197302e-03
8.539933521029567931e-01 9.247265539085315622e-03
8.633700769595588076e-01 8.832134546135532796e-03
8.724876210865912807e-01 8.411710272680049741e-03
8.813388299426411221e-01 7.985837275888092723e-03
8.899167506882998957e-01 7.554628089073495839e-03
8.982146384302043263e-01 7.118946438291852592e-03
9.062259622761764666e-01 6.677893646091268877e-03
9.139444111962968798e-01 6.234436570542528470e-03
9.213638996848818596e-01 5.793747264446692975e-03
9.284785732185188989e-01 5.354025737846729131e-03
9.352828135054823688e-01 4.917507735008463596e-03
9.417712435220175760e-01 4.492475458949209480e-03
9.479387323311795344e-01 4.073847125610142311e-03
9.537803996800789941e-01 3.661174858652608763e-03
9.592916203715899925e-01 3.257629902887918677e-03
9.644680284067563836e-01 2.861210081468849344e-03
9.693055208943369694e-01 2.474163681843573066e-03
9.738002617241228176e-01 2.101116286207337872e-03
9.779486850008657361e-01 1.741891101362382866e-03
9.817474982358567193e-01 1.404426089489062496e-03
9.851936852934135569e-01 1.090248759980715337e-03
9.882845090897267593e-01 8.025584995108915078e-04
9.910175140417493145e-01 5.467953093653292376e-04
9.933905282640080880e-01 3.183963710049909760e-04
9.954016655114524825e-01 1.235660157897602353e-04
9.970493268666567044e-01 -3.605742625143647457e-05
9.983322021699246873e-01 -1.603408361708699573e-04
9.992492711910624381e-01 -2.491853752996050532e-04
9.997998045418066138e-01 -3.025203813836384531e-04
9.999833643281219597e-01 -3.203034317777458538e-04
