Airfoils2D_175
9.999896272358338445e-01 2.955410361080108091e-04
9.915203511035804995e-01 1.048401127855556675e-03
9.830497366623259792e-01 1.793333736373882480e-03
9.745777927706211763e-01 2.530462430409337327e-03
9.661045283039283449e-01 3.259910841055880300e-03
9.576299470991856966e-01 3.981803090255500027e-03
9.491540588973923498e-01 4.696262851040876318e-03
9.406768768233502165e-01 5.403413583094113064e-03
9.321984098164682875e-01 6.103379168772269520e-03
9.237186656762492731e-01 6.796283647408499391e-03
9.152376463331713952e-01 7.482251591229322103e-03
9.067553689431805397e-01 8.161406401374292699e-03
8.982718425032990561e-01 8.833872213716937802e-03
8.897870760239303678e-01 9.499773227739467460e-03
8.813010716249856102e-01 1.015923424050754059e-02
8.728138427127860588e-01 1.081237922888837917e-02
8.643254008499333674e-01 1.145933238790885524e-02
8.558357550970712158e-01 1.210021817297284030e-02
8.473449109883788299e-01 1.273516136697780583e-02
8.388528751791836102e-01 1.336428672549395957e-02
8.303596627119029794e-01 1.398771845019016781e-02
8.218652826919590204e-01 1.460558125403833146e-02
8.133697438257637691e-01 1.521799994391750954e-02
8.048730464866765688e-01 1.582509998380646904e-02
7.963752089540537815e-01 1.642700561880964388e-02
7.878762403730421582e-01 1.702384182090228501e-02
7.793761498979348001e-01 1.761573362691646813e-02
7.708749395353813316e-01 1.820280663080190917e-02
7.623726231156179312e-01 1.878518566963500308e-02
7.538692122993918554e-01 1.936299580364494316e-02
7.453647162750010047e-01 1.993636233021187781e-02
7.368591396660855164e-01 2.050541091668101057e-02
7.283525082400716943e-01 2.107026588835125835e-02
7.198461988336690709e-01 2.163088421731405170e-02
7.113415753073948355e-01 2.218690840944227000e-02
7.028386519484586259e-01 2.273799103674301741e-02
6.943374348743345248e-01 2.328378574547763577e-02
6.858378936999698361e-01 2.382394902863602462e-02
6.773400191051154318e-01 2.435813650352879056e-02
6.688438017938143076e-01 2.488600428081592236e-02
6.603492548742454504e-01 2.540720759954582728e-02
6.518563500781408004e-01 2.592140475444289563e-02
6.433650746780580354e-01 2.642825355099194529e-02
6.348754194476551316e-01 2.692741207029697090e-02
6.263873863468071290e-01 2.741853824258933675e-02
6.179009690975989511e-01 2.790129099730733614e-02
6.094161442649551619e-01 2.837533071776930649e-02
6.009329026403933405e-01 2.884031744592126939e-02
5.924512350108981362e-01 2.929591171165139146e-02
5.839711551241127951e-01 2.974177333783840568e-02
5.754926325066085369e-01 3.017756498968877585e-02
5.670156560577821470e-01 3.060294875767214512e-02
5.585402165056521095e-01 3.101758711898205262e-02
5.500663122183380160e-01 3.142114267505560776e-02
5.415939427647653570e-01 3.181327849623941106e-02
5.331230820980994434e-01 3.219365931768770894e-02
5.246537208162855848e-01 3.256194955046565198e-02
5.161858494730965363e-01 3.291781408600433917e-02
5.077194728947406199e-01 3.326091772552972059e-02
4.992545765096411126e-01 3.359092657665817966e-02
4.907911412778101501e-01 3.390750735647809350e-02
4.823291575227166561e-01 3.421032686825126179e-02
4.738686154972503450e-01 3.449905238919616368e-02
4.654095235034003131e-01 3.477335109684951547e-02
4.569518477764350495e-01 3.503289201838701017e-02
4.484944539692100052e-01 3.527743594671597926e-02
4.400360315683466417e-01 3.550702547982668988e-02
4.315765928483629166e-01 3.572174501221234838e-02
4.231161715418966240e-01 3.592167830930388661e-02
4.146548110982158364e-01 3.610690893199244161e-02
4.061925512192408605e-01 3.627752058063456880e-02
3.977294309083195256e-01 3.643359700867061096e-02
3.892654891902502801e-01 3.657522200498324744e-02
3.808007592357463000e-01 3.670247947726053284e-02
3.723352859506755541e-01 3.681545318259791394e-02
3.638691084664115172e-01 3.691422701574867404e-02
3.554022658897115772e-01 3.699888490761564508e-02
3.469347965428098979e-01 3.706951083057556662e-02
3.384667352670686080e-01 3.712618880769216756e-02
3.299981263436235213e-01 3.716900282942157269e-02
3.215290089546358199e-01 3.719803696850367686e-02
3.130649654697755802e-01 3.721308580649858311e-02
3.046136056798310343e-01 3.721249589491832516e-02
2.961751834732992417e-01 3.719417594753032102e-02
2.877496343449061911e-01 3.715605335293657718e-02
2.793369984642689041e-01 3.709607405542068859e-02
2.709373149704873973e-01 3.701220245146189664e-02
2.625506216081593958e-01 3.690242118637981905e-02
2.541770338254916162e-01 3.676473239000666721e-02
2.458165366162214094e-01 3.659715437992415443e-02
2.374691256416716634e-01 3.639772274216778597e-02
2.291348289172032704e-01 3.616449090741249983e-02
2.208136708898493228e-01 3.589552935956692031e-02
2.125056719478219391e-01 3.558892534483470288e-02
2.042108479146537980e-01 3.524278255631738827e-02
1.959292580967632869e-01 3.485522319105687633e-02
1.876608804808111430e-01 3.442438208008959805e-02
1.794038723084691866e-01 3.394839254743660384e-02
1.711560354716509802e-01 3.342586625666525701e-02
1.629180925534698676e-01 3.285575721347100409e-02
1.546908409448621013e-01 3.223703088321036581e-02
1.464750742489307200e-01 3.156865970687960238e-02
1.382715819855753758e-01 3.084962313220574251e-02
1.300811492884087484e-01 3.007890763381760799e-02
1.219045565942020459e-01 2.925550672131217722e-02
1.137573638544690374e-01 2.837932629208967869e-02
1.056618606936788329e-01 2.744732472894281794e-02
9.761829252659097456e-02 2.645301633531999680e-02
8.962637969762886347e-02 2.539006677183629213e-02
8.168577187426472042e-02 2.425232942258583047e-02
7.379603917661696488e-02 2.303383067140164081e-02
6.595666380885033264e-02 2.172875407339448436e-02
5.816719740832829166e-02 2.033145404705281878e-02
5.042265885807883929e-02 1.883580915886754262e-02
4.272655788195191956e-02 1.723892291042065927e-02
3.509657819199912127e-02 1.554140540283965345e-02
2.755954861945453249e-02 1.374643624578636598e-02
2.082677779861786746e-02 1.200159941484815231e-02
1.527037333330752596e-02 1.030210677250928929e-02
1.039822870032310054e-02 8.477008297543983661e-03
6.174001501309426404e-03 6.542258122961260546e-03
3.737047059728907869e-03 5.158136690522063805e-03
2.446898570882951891e-03 4.182356863814348097e-03
1.596781388434820792e-03 3.333214452544077441e-03
9.515093691428599563e-04 2.465709178419616711e-03
6.088061903902905947e-04 1.847331885263341165e-03
3.426895014450636115e-04 1.187217076174072001e-03
1.910635763480484392e-04 5.265560674674605104e-04
1.692532268602677545e-04 -7.992368167613327914e-05
2.697897082328756541e-04 -6.852556502373601151e-04
4.831850368453584864e-04 -1.294300932639777220e-03
8.688815739254021620e-04 -2.010170347227310198e-03
1.346346160396108939e-03 -2.654264678656674190e-03
2.034872781099668956e-03 -3.348526737051528857e-03
2.908542485582108449e-03 -4.003902999886811524e-03
4.292873552478444071e-03 -4.759295462817448620e-03
6.714688659451764803e-03 -5.688436570592453334e-03
1.148588065713202801e-02 -7.083627090378963320e-03
1.676751721748752019e-02 -8.243074357610142427e-03
2.278094078034611364e-02 -9.209975566742793773e-03
2.999139551428686365e-02 -1.009289579982868348e-02
3.798820859117100351e-02 -1.095647579357138940e-02
4.611322763763254368e-02 -1.176348944834819561e-02
5.435421040102342283e-02 -1.252726780040717969e-02
6.270149468987666619e-02 -1.326268312180969335e-02
7.106084823500151415e-02 -1.397184880716133455e-02
7.938928637391724774e-02 -1.464778847150001798e-02
8.768765963118314855e-02 -1.528564746897194057e-02
9.595681678165822459e-02 -1.588068072078094653e-02
1.041976083519274843e-01 -1.642824969024282364e-02
1.124108903887545696e-01 -1.692381920599528994e-02
1.205975284499646721e-01 -1.736295408076577937e-02
1.287597925212787542e-01 -1.774138527279221084e-02
1.369369904780793346e-01 -1.805901156620731349e-02
1.451499231672133683e-01 -1.832075352359808368e-02
1.533983793751661218e-01 -1.853154453289067652e-02
1.616822132086569164e-01 -1.869644493706866528e-02
1.700012662164433752e-01 -1.882064241780491767e-02
1.783553724923656880e-01 -1.890945578575336031e-02
1.867443634360258509e-01 -1.896833872320857414e-02
1.951674284651670199e-01 -1.900287778701157532e-02
2.036043443591634139e-01 -1.901734372869052364e-02
2.120433240920466533e-01 -1.901264909975705283e-02
2.204843650860937032e-01 -1.898922325507469699e-02
2.289274873752920880e-01 -1.894749638515100948e-02
2.373727107771648193e-01 -1.888789945673401138e-02
2.458200703219970695e-01 -1.881086406233401995e-02
2.542695840464087031e-01 -1.871682266309914258e-02
2.627212574014089475e-01 -1.860620870251861528e-02
2.711751094504450954e-01 -1.847945630997514105e-02
2.796311590981714335e-01 -1.833700041688051882e-02
2.880894411819620027e-01 -1.817927644689875874e-02
2.965499727023963583e-01 -1.800672089943023205e-02
3.050127579214289009e-01 -1.781977139297143825e-02
3.134778152103961935e-01 -1.761886611124332050e-02
3.219451628337100524e-01 -1.740444405915351697e-02
3.304148405749779971e-01 -1.717694446910943487e-02
3.388868548883318121e-01 -1.693680824113220212e-02
3.473612140033512929e-01 -1.668447712111109649e-02
3.558379358470336595e-01 -1.642039343295190884e-02
3.643170382847542021e-01 -1.614500033605004159e-02
3.727985712188702783e-01 -1.585874072477708521e-02
3.812825208903881657e-01 -1.556206044292800413e-02
3.897689046777382815e-01 -1.525540518639336915e-02
3.982577402772759512e-01 -1.493922148405784668e-02
4.067490594261131687e-01 -1.461395616541131919e-02
4.152428851323705650e-01 -1.428005720007631887e-02
4.237392158388605390e-01 -1.393797439261433221e-02
4.322380691866399838e-01 -1.358815767423782010e-02
4.407394628185272167e-01 -1.323105783013553763e-02
4.492434478809483878e-01 -1.286712505506146242e-02
4.577500095621414022e-01 -1.249681320102343993e-02
4.662591717944474801e-01 -1.212057536865871615e-02
4.747712234827953792e-01 -1.173887191832591326e-02
4.832863925136270944e-01 -1.135221921520462515e-02
4.918046796811148536e-01 -1.096115426591654646e-02
5.003260820114118212e-01 -1.056621547861098971e-02
5.088506112621452582e-01 -1.016794179813830697e-02
5.173782976356121610e-01 -9.766872504063182914e-03
5.259091590919380277e-01 -9.363548647835357591e-03
5.344431834746434795e-01 -8.958513926429694657e-03
5.429803828386878806e-01 -8.552312115429418909e-03
5.515206640505893043e-01 -8.145493218741447009e-03
5.600601840440575518e-01 -7.738786941968985554e-03
5.685965526130142278e-01 -7.332853549449482727e-03
5.771297818931382384e-01 -6.928237690558241083e-03
5.856598736298106456e-01 -6.525483287995082100e-03
5.941868180068867744e-01 -6.125133580454749857e-03
6.027106593358861897e-01 -5.727728048027430630e-03
6.112314094471059667e-01 -5.333806501410296927e-03
6.197490784438917100e-01 -4.943907626406734632e-03
6.282636400769902041e-01 -4.558570539599520952e-03
6.367751458835140266e-01 -4.178329615395255311e-03
6.452836074447981796e-01 -3.803719871996596134e-03
6.537890362931700894e-01 -3.435275138000272888e-03
6.622914152120643605e-01 -3.073529264608219208e-03
6.707907732328748374e-01 -2.719012908717172508e-03
6.792871331968173276e-01 -2.372255848343643361e-03
6.877805065059380274e-01 -2.033787172498132106e-03
6.962708944502479236e-01 -1.704135180134328529e-03
7.047582899085915731e-01 -1.383827263334277795e-03
7.132427331643130808e-01 -1.073387845279381511e-03
7.217242356216273524e-01 -7.733413173131865577e-04
7.302028087094655229e-01 -4.842109047593490386e-04
7.386784391891749735e-01 -2.065194620924678387e-04
7.471511506958273818e-01 5.921258632541176030e-05
7.556209676718274038e-01 3.124659318657161539e-04
7.640879017583155353e-01 5.527219891582718344e-04
7.725519646792319284e-01 7.794633231271872126e-04
7.810131358242199395e-01 9.921728575128328093e-04
7.894714561411797504e-01 1.190336270700003383e-03
7.979269414001798344e-01 1.373439657541732604e-03
8.063796037946888706e-01 1.540970150716489866e-03
8.148294556704593905e-01 1.692416012585189374e-03
8.232764762174833439e-01 1.827266131610313493e-03
8.317207104103616633e-01 1.945011636280890351e-03
8.401621725144277075e-01 2.045144174680318429e-03
8.486008756462065650e-01 2.127156479475051949e-03
8.570368331544417906e-01 2.190542384632504416e-03
8.654700311693614978e-01 2.234796706117614731e-03
8.739005056391724313e-01 2.259415692137837790e-03
8.823282764473736606e-01 2.263896477792958460e-03
8.907533580540116791e-01 2.247737232393888073e-03
8.991757652403870038e-01 2.210437187187818623e-03
9.075954980894433977e-01 2.151496750829431752e-03
9.160125708670650013e-01 2.070417382961731948e-03
9.244270160632942490e-01 1.966701349349334136e-03
9.328388499441285786e-01 1.839852030764510624e-03
9.412480891931174209e-01 1.689373816147707232e-03
9.496547509311783486e-01 1.514772089875899425e-03
9.580588266940694986e-01 1.315553874380274903e-03
9.664603573454993990e-01 1.091226096539675821e-03
9.748593650982715353e-01 8.412969632431083807e-04
9.832558690367960708e-01 5.652756989811562240e-04
9.916498887845347499e-01 2.626724480851193918e-04
1.000041444524466083e+00 -6.700174283752112719e-05
