Airfoils2D_008F
9.999997949027507049e-01 2.728841607527190093e-04
9.914729306421032895e-01 5.354810242733706177e-04
9.829445598286098429e-01 8.030892786822436177e-04
9.744146715230672662e-01 1.075423307289432879e-03
9.658832547842478577e-01 1.352197154764264199e-03
9.573502783576647301e-01 1.633125199962799819e-03
9.488157488723032440e-01 1.917920244731687648e-03
9.402796580182132269e-01 2.206295226255355641e-03
9.317419948336811419e-01 2.497962827609786531e-03
9.232027290963423782e-01 2.792636058322703254e-03
9.146618649587958672e-01 3.090026406916708719e-03
9.061193954678457008e-01 3.389845391106077483e-03
8.975753096250606022e-01 3.691804324709949819e-03
8.890295769630560674e-01 3.995614872194210715e-03
8.804822016673899965e-01 4.300987125876521919e-03
8.719331768683770134e-01 4.607631219399502959e-03
8.633824915199872496e-01 4.915257089652126134e-03
8.548301136316529547e-01 5.223575083807456901e-03
8.462760499490018518e-01 5.532293806801910629e-03
8.377215086809248756e-01 5.841078156093536949e-03
8.291685690011196819e-01 6.149561512328883747e-03
8.206173273063829265e-01 6.457449128447276775e-03
8.120677503125777186e-01 6.764451283855002321e-03
8.035198260866019959e-01 7.070277832771549448e-03
7.949735439542556792e-01 7.374638929217037717e-03
7.864289157256854068e-01 7.677244278218670059e-03
7.778859071009760484e-01 7.977805568024859059e-03
7.693445070779380002e-01 8.276033998609485381e-03
7.608047050073681872e-01 8.571641100761438758e-03
7.522665124517395885e-01 8.864337990757968633e-03
7.437298954650378713e-01 9.153837696079931280e-03
7.351948430828971759e-01 9.439852786583593711e-03
7.266613443481567680e-01 9.722096172844489972e-03
7.181313355122528330e-01 1.000010931190732470e-02
7.096066603114351556e-01 1.027300325793450986e-02
7.010872770147804633e-01 1.053984473731149618e-02
6.925731458662427453e-01 1.079970402654691075e-02
6.840642823073880274e-01 1.105165339239399212e-02
6.755606066926357345e-01 1.129477158540729415e-02
6.670620633766723984e-01 1.152814012084815709e-02
6.585685652427093473e-01 1.175084479048032690e-02
6.500506512860583230e-01 1.196433026806248238e-02
6.415118599679878741e-01 1.217626894228703016e-02
6.330270824023156440e-01 1.239448324529372585e-02
6.245985501399524686e-01 1.262828173526285916e-02
6.162256364471281334e-01 1.288668002864016941e-02
6.079079130213786986e-01 1.317833950162184894e-02
5.996447182929802722e-01 1.351159644581185690e-02
5.914341698179540474e-01 1.389453188837223505e-02
5.832149446046366315e-01 1.433452972663981466e-02
5.749379106384056026e-01 1.482719196571981139e-02
5.666013872503434801e-01 1.536318280661623514e-02
5.582036520059026063e-01 1.593273396668159689e-02
5.497427997460473392e-01 1.652563016083669761e-02
5.412226922880036817e-01 1.713076079629106963e-02
5.327340034906017374e-01 1.773044825714335110e-02
5.243084269298571298e-01 1.831139314316229325e-02
5.159037962060638582e-01 1.886832769830047718e-02
5.074862328557061542e-01 1.940383180966519239e-02
4.990554068806202226e-01 1.991994156092539991e-02
4.906113575227672996e-01 2.041868654896379989e-02
4.821540555273529649e-01 2.090211876444621544e-02
4.736834735124595963e-01 2.137230825329371892e-02
4.651994766829307681e-01 2.183134918615574349e-02
4.567022344665247480e-01 2.228133790845789053e-02
4.482008012908657024e-01 2.272338795708281345e-02
4.397033164791241400e-01 2.315671172242471376e-02
4.312098986983023408e-01 2.358049770855075514e-02
4.227205867285922514e-01 2.399394142070829933e-02
4.142353606564893043e-01 2.439624392517149298e-02
4.057542407797540829e-01 2.478660695640897554e-02
3.972772474710751234e-01 2.516423493373026732e-02
3.888044498733989607e-01 2.552833290018545129e-02
3.803358279568759825e-01 2.587811251036655977e-02
3.718713932390457222e-01 2.621278659734516472e-02
3.634111660845155134e-01 2.653157026009363845e-02
3.549551733247977015e-01 2.683368101784531709e-02
3.465034764577199500e-01 2.711833794952117627e-02
3.380560469259121792e-01 2.738476586713693706e-02
3.296129045061740870e-01 2.763219042251289712e-02
3.211740687274043937e-01 2.785983988007020851e-02
3.127395652297434436e-01 2.806694495726151997e-02
3.043094513881605123e-01 2.825273836279326364e-02
2.958837001843644399e-01 2.841645731676202200e-02
2.874623296986978938e-01 2.855734043081544979e-02
2.790453575319651880e-01 2.867462886753257417e-02
2.706328007553959747e-01 2.876756632470300543e-02
2.622247147207439344e-01 2.883539876376609370e-02
2.538210849023504467e-01 2.887737536765839011e-02
2.454219172711867569e-01 2.889274742497535339e-02
2.370272262376165728e-01 2.888076859253955325e-02
2.286370254130874469e-01 2.884069495913491044e-02
2.202513325190819105e-01 2.877178506877619071e-02
2.118701934633183681e-01 2.867330030811390817e-02
2.034935793088201161e-01 2.854450364125643569e-02
1.951214998739502215e-01 2.838466060278416539e-02
1.867540696135274458e-01 2.819304162310013948e-02
1.783977719160106667e-01 2.796872074176632444e-02
1.700589499779520397e-01 2.770946310408254828e-02
1.617383354211534285e-01 2.741262452388225704e-02
1.534363750401669113e-01 2.707558546674967981e-02
1.451535889411859070e-01 2.669576115931249910e-02
1.368905120770701478e-01 2.627060003510721387e-02
1.286476712901903074e-01 2.579758259452919616e-02
1.204257757364422809e-01 2.527423376184575673e-02
1.122377332039812964e-01 2.469827636315361646e-02
1.040954688140883627e-01 2.406496302776297766e-02
9.599899288261312669e-02 2.336833111310484407e-02
8.794812299071970429e-02 2.260258031367871553e-02
7.994262029039522766e-02 2.176207221485772225e-02
7.198218109453373426e-02 2.084131932956416813e-02
6.406642877654013246e-02 1.983497319516250995e-02
5.619865817876529279e-02 1.873835695646646274e-02
4.856525418694809110e-02 1.756487750212236756e-02
4.130057413966452262e-02 1.629555484168962801e-02
3.438113832833508687e-02 1.489323951730155832e-02
2.778461366581620740e-02 1.332977550705972611e-02
2.148877286206958212e-02 1.158306894016932626e-02
1.546816604711449307e-02 9.633703144148518180e-03
9.699504861092632380e-03 7.464342743464628949e-03
5.151713688243716831e-03 5.505566560267734916e-03
3.301914860343216785e-03 4.500739148722380893e-03
2.195682106211919483e-03 3.686926095340764022e-03
1.390236166341775412e-03 2.890106097600133195e-03
7.465945823390331701e-04 2.018251667988649623e-03
4.494277909305658520e-04 1.486597650942566217e-03
2.266115658143633962e-04 9.614073371799696606e-04
8.573849070395083241e-05 4.150442956184126082e-04
5.760244686504957024e-05 -1.355878936580826488e-04
1.464881087296938792e-04 -6.654040056204970971e-04
3.272343916080651264e-04 -1.181236877952784696e-03
5.741774135149244930e-04 -1.669829558607159939e-03
9.551637082596823236e-04 -2.244178972034643199e-03
1.557868133245774887e-03 -2.918693054799640068e-03
2.296641501872612786e-03 -3.521425397056416294e-03
3.340587293072331491e-03 -4.137805663092373153e-03
5.113888541738925882e-03 -4.867315603512338724e-03
9.793896513438328164e-03 -6.330685634162684997e-03
1.609088326298683744e-02 -8.032155637238481624e-03
2.261111076512076559e-02 -9.520020367624738508e-03
2.937763454075814976e-02 -1.081322378542116415e-02
3.641634605386158408e-02 -1.193353645349843999e-02
4.374709006294331959e-02 -1.290592110701647283e-02
5.139507705139552407e-02 -1.376252510988929152e-02
5.938490737135544706e-02 -1.454417302560219276e-02
6.753501583526493046e-02 -1.527109091048910357e-02
7.570502436025115800e-02 -1.593834574654286532e-02
8.389486707837222335e-02 -1.654841133425692667e-02
9.210446282750775482e-02 -1.710378929900071426e-02
1.003337164370200207e-01 -1.760701027648450823e-02
1.085825200136309038e-01 -1.806063499190613958e-02
1.168507542182657816e-01 -1.846725524163297938e-02
1.251382895253297656e-01 -1.882949478672181834e-02
1.334450435050695549e-01 -1.915001219347768971e-02
1.417709018666677145e-01 -1.943149776191239325e-02
1.501156330314543097e-01 -1.967667255923283634e-02
1.584790787447197535e-01 -1.988829576183498427e-02
1.668610763726683932e-01 -2.006916201763886409e-02
1.752614599141291973e-01 -2.022210201558904269e-02
1.836801016521228402e-01 -2.034998359663302628e-02
1.921166756772182127e-01 -2.045570834095047225e-02
2.005619485156231174e-01 -2.054152503997798418e-02
2.090098904404480429e-01 -2.060809853865337368e-02
2.174605001889700351e-01 -2.065588114283931770e-02
2.259137824339090828e-01 -2.068532604247249815e-02
2.343697549975371497e-01 -2.069688725503135776e-02
2.428283904844196761e-01 -2.069101959777698563e-02
2.512896867593104600e-01 -2.066817888900776556e-02
2.597536415034644164e-01 -2.062882183655371376e-02
2.682202641854734559e-01 -2.057340595267279776e-02
2.766895612999807907e-01 -2.050238958689359209e-02
2.851615091929973755e-01 -2.041623226135446181e-02
2.936361049318700900e-01 -2.031539428643541409e-02
3.021133454611400482e-01 -2.020033688097217991e-02
3.105932507605970172e-01 -2.007152180542104425e-02
3.190758054683062728e-01 -1.992941220984172784e-02
3.275609954057929207e-01 -1.977447221652716552e-02
3.360488171330414664e-01 -1.960716671188967794e-02
3.445392718209817073e-01 -1.942796140259078416e-02
3.530323816340504295e-01 -1.923732240896448148e-02
3.615281127656295168e-01 -1.903571801218765722e-02
3.700264615518722988e-01 -1.882361680600223852e-02
3.785274242956879198e-01 -1.860148831503682931e-02
3.870310229344530173e-01 -1.836980228379894720e-02
3.955372386315393896e-01 -1.812903046008157784e-02
4.040460573056806615e-01 -1.787964545381930462e-02
4.125574752060643391e-01 -1.762212053751697691e-02
4.210715036127305466e-01 -1.735692944943902777e-02
4.295881458624651872e-01 -1.708454707890907920e-02
4.381073763722899139e-01 -1.680545020157293845e-02
4.466291914485471248e-01 -1.652011586713531335e-02
4.551535953241427346e-01 -1.622902180051196894e-02
4.636805863087868906e-01 -1.593264681923698203e-02
4.722093689243374581e-01 -1.563144766953283513e-02
4.807394205798872222e-01 -1.532572461331715985e-02
4.892707574336443987e-01 -1.501573269490843847e-02
4.978034101025688996e-01 -1.470172668963578601e-02
5.063373743189388820e-01 -1.438396292206559589e-02
5.148726642342181803e-01 -1.406269732271782369e-02
5.234092948570499004e-01 -1.373818606053995271e-02
5.319472994123530807e-01 -1.341068487322191576e-02
5.404866722213904628e-01 -1.308045125796173172e-02
5.490274274579678426e-01 -1.274774223322790341e-02
5.575695799965542099e-01 -1.241281506264987379e-02
5.661131636759277885e-01 -1.207592653264985202e-02
5.746581724201763608e-01 -1.173733527432044635e-02
5.832046204351661878e-01 -1.139729939983004543e-02
5.917525234775016241e-01 -1.105607723356027451e-02
6.003019139928303938e-01 -1.071392670534225544e-02
6.088527865223319901e-01 -1.037110753674772012e-02
6.174051553097963385e-01 -1.002787893933652398e-02
6.259583645662502027e-01 -9.684527294158896960e-03
6.345102643758564476e-01 -9.341399082739915843e-03
6.430606785924410929e-01 -8.998761348131543644e-03
6.516096214588362745e-01 -8.656873215092683940e-03
6.601571023119641168e-01 -8.315993728538863608e-03
6.687031240224404760e-01 -7.976381911947395473e-03
6.772477171237393234e-01 -7.638295413073608979e-03
6.857908958210703343e-01 -7.301992257768855077e-03
6.943326689026019238e-01 -6.967730409479758365e-03
7.028730404967129530e-01 -6.635767732772974124e-03
7.114120403231408707e-01 -6.306360822648010046e-03
7.199496825556486179e-01 -5.979766611767137890e-03
7.284859764470766885e-01 -5.656241946186654421e-03
7.370208950902609191e-01 -5.336044796479640778e-03
7.455530647623482832e-01 -5.019574010076606821e-03
7.540814695249359323e-01 -4.707490604954739019e-03
7.626061116452782507e-01 -4.400468135171575583e-03
7.711269638296500695e-01 -4.099179293684212036e-03
7.796440813185800955e-01 -3.804291960978192864e-03
7.881574738928417423e-01 -3.516473806202216959e-03
7.966671512846248415e-01 -3.236390643823051742e-03
8.051730766474897161e-01 -2.964707901789793033e-03
8.136753023405313145e-01 -2.702086254254455842e-03
8.221738423414696184e-01 -2.449185834049690848e-03
8.306687063170223873e-01 -2.206665081515691348e-03
8.391598780813768199e-01 -1.975181298128411179e-03
8.476473704930240771e-01 -1.755389088237661313e-03
8.561312165380671191e-01 -1.547940771605203596e-03
8.646114260743107405e-01 -1.353487506859569296e-03
8.730880090537302962e-01 -1.172678650034968259e-03
8.815609302662047453e-01 -1.006162611829228455e-03
8.900302441059010361e-01 -8.545841685284180297e-04
8.984959624949719892e-01 -7.185872690792716915e-04
9.069580959801785136e-01 -5.988141205277162015e-04
9.154166459016492841e-01 -4.959052691612318665e-04
9.238715975022174787e-01 -4.104995727099687922e-04
9.323229976639120231e-01 -3.432334910105435018e-04
9.407708579140311445e-01 -2.947422156817419074e-04
9.492151900890895000e-01 -2.656592111748108317e-04
9.576559965166274724e-01 -2.566162245965438208e-04
9.660932671830473328e-01 -2.682431677008173575e-04
9.745270479443883804e-01 -3.011683132878290427e-04
9.829573521692114291e-01 -3.560183317565282198e-04
9.913841936811190747e-01 -4.334182310160339694e-04
9.998075867896119018e-01 -5.339913721161616052e-04
