Airfoils2D_095
9.999833709244773106e-01 3.189364191932380342e-04
9.914772306156013348e-01 9.608082962272634833e-04
9.829706107529395664e-01 1.598195152216126159e-03
9.744635112506353503e-01 2.231135328500948641e-03
9.659559320245585390e-01 2.859667172207657187e-03
9.574478706643009263e-01 3.483829206441808879e-03
9.489393287744330996e-01 4.103659664019364620e-03
9.404303069153703287e-01 4.719196862437977959e-03
9.319208050097335105e-01 5.330479172095054299e-03
9.234108212633234114e-01 5.937545091381863684e-03
9.149003560591708606e-01 6.540432967558418471e-03
9.063894105829141123e-01 7.139181098519664301e-03
8.978779847635816047e-01 7.733827878087929167e-03
8.893660774020879511e-01 8.324411784064846345e-03
8.808536877013760646e-01 8.910971270484454448e-03
8.723408174509295065e-01 9.493544619629142728e-03
8.638274665858530765e-01 1.007217024888777158e-02
8.553136344807772407e-01 1.064688661935640421e-02
8.467993192006327829e-01 1.121773228462473113e-02
8.382845231170819034e-01 1.178474551510705175e-02
8.297692461709829104e-01 1.234796475188919967e-02
8.212534882890119015e-01 1.290742844301052267e-02
8.127372464407295327e-01 1.346317523484053848e-02
8.042205235580477396e-01 1.401524338942981666e-02
7.957033195872673659e-01 1.456367137168103863e-02
7.871856344759891044e-01 1.510849765245989018e-02
7.786674656691768837e-01 1.564976086718200543e-02
7.701488151092066303e-01 1.618749937019468496e-02
7.616296832567295283e-01 1.672175161786402034e-02
7.531100700644158819e-01 1.725255610500827166e-02
7.445899734774192869e-01 1.777995145637886396e-02
7.360693944450277248e-01 1.830397611545028780e-02
7.275483339356846324e-01 1.882466853222355269e-02
7.190277500448644110e-01 1.934196031948179698e-02
7.105089907213576472e-01 1.985549738876971407e-02
7.019920765440985644e-01 2.036491894190405744e-02
6.934769841540924240e-01 2.086986730228120035e-02
6.849637042186953462e-01 2.136998447709070534e-02
6.764522351653727839e-01 2.186491255622025759e-02
6.679425796971752982e-01 2.235429393617221691e-02
6.594347087287767417e-01 2.283777337403321631e-02
6.509286130343469035e-01 2.331499499498821890e-02
6.424242834079831876e-01 2.378560345117709807e-02
6.339217370172856025e-01 2.424924249482780444e-02
6.254209387813666199e-01 2.470555927806460453e-02
6.169218789576510487e-01 2.515420006461519323e-02
6.084245483890948769e-01 2.559481161061330848e-02
5.999289535198378820e-01 2.602704040994353180e-02
5.914350803075613117e-01 2.645053455477484883e-02
5.829429087579123259e-01 2.686494292908884335e-02
5.744524297052291395e-01 2.726991438136852977e-02
5.659636368698639508e-01 2.766509814727680788e-02
5.574765410652497977e-01 2.805014323017478162e-02
5.489911100402489197e-01 2.842470112570521373e-02
5.405073345535309493e-01 2.878842276153883301e-02
5.320252053335920994e-01 2.914095958210938253e-02
5.235447266451344062e-01 2.948196301124565710e-02
5.150658871631184077e-01 2.981108565674239069e-02
5.065886657672975524e-01 3.012798098909805211e-02
4.981130530137686252e-01 3.043230251149303331e-02
4.896390394027100856e-01 3.072370423803560263e-02
4.811666365585394178e-01 3.100184001369030856e-02
4.726958169888541006e-01 3.126636551652121898e-02
4.642265675266565306e-01 3.151693640356056925e-02
4.557588783891278195e-01 3.175320872018495832e-02
4.472915950861673928e-01 3.197491962109718505e-02
4.388224984762306158e-01 3.218220117218455190e-02
4.303515335169947886e-01 3.237529036521955006e-02
4.218787353478796742e-01 3.255442275200712970e-02
4.134041391683377364e-01 3.271983412631894461e-02
4.049277751284124927e-01 3.287176061177558145e-02
3.964496717411832294e-01 3.301043856933572052e-02
3.879698762253920852e-01 3.313610430011819374e-02
3.794884239928803527e-01 3.324899457040651762e-02
3.710053505014734299e-01 3.334934638999414308e-02
3.625206808953830850e-01 3.343739711245310303e-02
3.540344541611677442e-01 3.351338416298511869e-02
3.455467127445042141e-01 3.357754520813886062e-02
3.370574922612637470e-01 3.363011823485892449e-02
3.285668283604051276e-01 3.367134147439864583e-02
3.200747397115187853e-01 3.370145345175430684e-02
3.115854855735282758e-01 3.372051774258866957e-02
3.031089981412344869e-01 3.372708585354385752e-02
2.946459756222719051e-01 3.371894608486723094e-02
2.861964664358059851e-01 3.369390191750765845e-02
2.777605706790243212e-01 3.364977814134580136e-02
2.693381877301047056e-01 3.358441910190398949e-02
2.609293336935616381e-01 3.349568958569173333e-02
2.525340232343011859e-01 3.338147435683852526e-02
2.441522691632996567e-01 3.323967791110116199e-02
2.357841465919877089e-01 3.306822566281531622e-02
2.274296465825249303e-01 3.286506111180213102e-02
2.190887204980763447e-01 3.262814537581269769e-02
2.107613690337517554e-01 3.235545915688049085e-02
2.024475885802502484e-01 3.204500141607680846e-02
1.941473706759359319e-01 3.169478901203903742e-02
1.858607014439170035e-01 3.130285630900907223e-02
1.775836538558229483e-01 3.086719000235767923e-02
1.693050177646143184e-01 3.038690569596064206e-02
1.610245019770571995e-01 2.986260162399057005e-02
1.527427287026158487e-01 2.929493927777840345e-02
1.444603212509891488e-01 2.868458318964710665e-02
1.361779039477721553e-01 2.803220087734748303e-02
1.278961020533987414e-01 2.733846278762727677e-02
1.196155416852764664e-01 2.660404223911055216e-02
1.113539814367951603e-01 2.583061140104474934e-02
1.031633494761247938e-01 2.501643010652668947e-02
9.504655833599352788e-02 2.415143086871004638e-02
8.700242152757058089e-02 2.322560827633712507e-02
7.902967013933641371e-02 2.222942122558843256e-02
7.112693312341965279e-02 2.115375332624565979e-02
6.329271813688652770e-02 1.998987179575040934e-02
5.552548366024977200e-02 1.872939969995551096e-02
4.780757572863260363e-02 1.736188743711881283e-02
4.009123027302545494e-02 1.587800671293509644e-02
3.239272593954548030e-02 1.428453430545446358e-02
2.473561606298038326e-02 1.259001198536205575e-02
1.815508375340233599e-02 1.100971571099236719e-02
1.341090940081187885e-02 9.596312491901742500e-03
9.472150240156953713e-03 8.068787998032518616e-03
5.985523376961833682e-03 6.325932680142849415e-03
3.402372303094018061e-03 4.704257052388752941e-03
2.091590265957664254e-03 3.637214398718710984e-03
1.301294059233271431e-03 2.794705154220306423e-03
8.100112253274141918e-04 2.098373173217877707e-03
4.712702567204682131e-04 1.428547255656135648e-03
2.808744231033641608e-04 8.526504244503362506e-04
1.772946396973719375e-04 2.509141639514701067e-04
1.702681498711188554e-04 -4.041398817529736156e-04
2.806522841569735545e-04 -1.125135035820850173e-03
5.052259591313754388e-04 -1.855207492076383757e-03
9.235256402586036403e-04 -2.730708154694123924e-03
1.523611909896701189e-03 -3.596860166920038022e-03
2.297275993343608422e-03 -4.405306277713201719e-03
3.191417471781979147e-03 -5.087470146350075474e-03
4.389779434163030084e-03 -5.718091217108456879e-03
6.299639969694828014e-03 -6.373308260671978198e-03
1.178507798201331586e-02 -7.847274713036863497e-03
1.845355596041292276e-02 -9.408868710761760998e-03
2.534246536858446308e-02 -1.079211015717320560e-02
3.245998670054165564e-02 -1.201330295720069719e-02
3.982016611912764931e-02 -1.309277124496911228e-02
4.742936347650177770e-02 -1.405351915190744538e-02
5.529891406860864417e-02 -1.492429009316074973e-02
6.341779000653467724e-02 -1.573735065866338489e-02
7.160227932465418332e-02 -1.649764247570342790e-02
7.979967089124746782e-02 -1.720303988320332281e-02
8.800994435470581301e-02 -1.785516172785019465e-02
9.623307106287729007e-02 -1.845563730872870969e-02
1.044690145250823793e-01 -1.900610689109876947e-02
1.127177308805110134e-01 -1.950822218077101836e-02
1.209792099954228317e-01 -1.996364888666207413e-02
1.292533879975041600e-01 -2.037406189643047733e-02
1.375401717084306918e-01 -2.074114796182522161e-02
1.458394924679040361e-01 -2.106660856103158633e-02
1.541512766005166957e-01 -2.135215846618179411e-02
1.624754458732748097e-01 -2.159952602258996893e-02
1.708119179441686397e-01 -2.181045340327451149e-02
1.791606068002216667e-01 -2.198669684112753223e-02
1.875215174354006864e-01 -2.213002827699743491e-02
1.958942462055306422e-01 -2.224222428224878825e-02
2.042761721754554616e-01 -2.232483529354240687e-02
2.126664066101002226e-01 -2.237911312496131469e-02
2.210648785405560091e-01 -2.240629865537645607e-02
2.294715158002051669e-01 -2.240763974543803078e-02
2.378863183264199599e-01 -2.238439098591150575e-02
2.463091474749975196e-01 -2.233781421025498107e-02
2.547399215983512377e-01 -2.226917856280186819e-02
2.631785652753861338e-01 -2.217976035446506816e-02
2.716250026280814245e-01 -2.207084311270588600e-02
2.800792110945063418e-01 -2.194371675950846506e-02
2.885410975112599474e-01 -2.179967936622268995e-02
2.970105502943126696e-01 -2.164003686492776621e-02
3.054874929741655532e-01 -2.146610206736230750e-02
3.139718492011983053e-01 -2.127919519386439404e-02
3.224636206596117050e-01 -2.108064204402147757e-02
3.309622643377834739e-01 -2.087178481905060945e-02
3.394617851703775058e-01 -2.065362776621195232e-02
3.479596800095003939e-01 -2.042618118358388579e-02
3.564559801058851951e-01 -2.018929137019145198e-02
3.649507153315977304e-01 -1.994280477612452723e-02
3.734439284507943269e-01 -1.968656757192876680e-02
3.819356541449182574e-01 -1.942042624276862570e-02
3.904259271309054036e-01 -1.914422736602669137e-02
3.989147735175611609e-01 -1.885781790758564794e-02
4.074022342006242692e-01 -1.856104444206995233e-02
4.158883466062035517e-01 -1.825375373384112432e-02
4.243731456024859017e-01 -1.793579272276175918e-02
4.328566638264749189e-01 -1.760700852689593698e-02
4.413389297463368166e-01 -1.726724853552561584e-02
4.498199871642823422e-01 -1.691635961687585829e-02
4.582998711121163971e-01 -1.655418906139733901e-02
4.667787502662030796e-01 -1.618057977577548601e-02
4.752601163972313136e-01 -1.579548268103961664e-02
4.837456097516169562e-01 -1.539947676968673150e-02
4.922352296672649064e-01 -1.499328606335072547e-02
5.007289965708143775e-01 -1.457763586404476133e-02
5.092269367214635745e-01 -1.415325341139950753e-02
5.177291146377737130e-01 -1.372086620180475863e-02
5.262355017732486262e-01 -1.328120868894796733e-02
5.347461188777076213e-01 -1.283501514254659776e-02
5.432609868187735502e-01 -1.238302208763559890e-02
5.517801724042471490e-01 -1.192596584194035789e-02
5.603036634091764778e-01 -1.146458921463582026e-02
5.688314692473792622e-01 -1.099963618638838923e-02
5.773636113720822527e-01 -1.053185238732399880e-02
5.859001501654373945e-01 -1.006198360207414058e-02
5.944410903753145625e-01 -9.590780981903331351e-03
6.029849771081364773e-01 -9.119078586510218076e-03
6.115255004619865042e-01 -8.647979803543825311e-03
6.200616576717640216e-01 -8.178293487459449215e-03
6.285934846216056915e-01 -7.710768827218804529e-03
6.371210261369096850e-01 -7.246152219645553109e-03
6.456443037010435315e-01 -6.785189048790419251e-03
6.541633114909840563e-01 -6.328623863860902317e-03
6.626780679197220580e-01 -5.877197586545215846e-03
6.711886244891669406e-01 -5.431647121000834737e-03
6.796950020997353237e-01 -4.992708751870807149e-03
6.881972122838790895e-01 -4.561116975565701614e-03
6.966952393289220780e-01 -4.137605344967308120e-03
7.051891500214839681e-01 -3.722901026049812729e-03
7.136789648809374054e-01 -3.317731316393219762e-03
7.221647043733312454e-01 -2.922821286692373326e-03
7.306463531461360184e-01 -2.538895383359272492e-03
7.391239509766069915e-01 -2.166673256420798693e-03
7.475975352621724301e-01 -1.806872545468556123e-03
7.560671264595940633e-01 -1.460209469888316914e-03
7.645327450803888203e-01 -1.127398056829942820e-03
7.729943624581371298e-01 -8.091519579977624228e-04
7.814520482857413297e-01 -5.061788584881138538e-04
7.899058242176060229e-01 -2.191862140516306261e-04
7.983557112534873657e-01 5.112064758878717230e-05
8.068017281826187492e-01 3.040384794643977281e-04
8.152438538546464830e-01 5.388651224983047111e-04
8.236821554902706843e-01 7.549030886488403494e-04
8.321166550605203494e-01 9.514555970370621807e-04
8.405473748605282180e-01 1.127827972675267670e-03
8.489743375445760742e-01 1.283327633415243122e-03
8.573975286439432519e-01 1.417263528278214996e-03
8.658170026573006606e-01 1.528947888767573328e-03
8.742327906610473098e-01 1.617694451371016985e-03
8.826449171297269247e-01 1.682818859967521877e-03
8.910534070871369838e-01 1.723638769348797553e-03
8.994582732971425632e-01 1.739473820347844620e-03
9.078595265163462713e-01 1.729645789328656180e-03
9.162572226670768760e-01 1.693478339456637709e-03
9.246513893975174536e-01 1.630296956663448591e-03
9.330420551140519159e-01 1.539429021266438624e-03
9.414292490245157463e-01 1.420203779728520990e-03
9.498129863502726700e-01 1.271952602950237286e-03
9.581932900903933348e-01 1.094008720208926397e-03
9.665702156347942831e-01 8.857064145047488773e-04
9.749437958581472774e-01 6.463820762708911115e-04
9.833140646583785616e-01 3.753737906172749080e-04
9.916810570012080106e-01 7.202129672402731407e-05
1.000044808964608789e+00 -2.643340550716798761e-04
