Airfoils2D_118
9.997244477272033691e-01 2.850971650332212448e-04
9.922200441360473633e-01 9.871842339634895325e-04
9.837585687637329102e-01 1.713294652290642262e-03
9.746069908142089844e-01 2.449795603752136230e-03
9.650324583053588867e-01 3.183054039254784584e-03
9.507184028625488281e-01 4.224477801471948624e-03
9.414042234420776367e-01 4.876548424363136292e-03
9.323707222938537598e-01 5.494669545441865921e-03
9.237533807754516602e-01 6.084856111556291580e-03
9.156795144081115723e-01 6.659959908574819565e-03
9.072412848472595215e-01 7.282735779881477356e-03
8.987851738929748535e-01 7.936516776680946350e-03
8.903149366378784180e-01 8.634806610643863678e-03
8.818165063858032227e-01 9.368858300149440765e-03
8.732914328575134277e-01 1.011196523904800415e-02
8.647394776344299316e-01 1.085078157484531403e-02
8.561612963676452637e-01 1.154964230954647064e-02
8.475739359855651855e-01 1.219360344111919403e-02
8.389912843704223633e-01 1.278625335544347763e-02
8.304435610771179199e-01 1.331684179604053497e-02
8.219174146652221680e-01 1.380224339663982391e-02
8.134083151817321777e-01 1.427944749593734741e-02
8.048961758613586426e-01 1.475450675934553146e-02
7.963479161262512207e-01 1.523299235850572586e-02
7.877538204193115234e-01 1.574471592903137207e-02
7.791332006454467773e-01 1.626586541533470154e-02
7.705280780792236328e-01 1.678631640970706940e-02
7.619656920433044434e-01 1.732131093740463257e-02
7.534711956977844238e-01 1.786333508789539337e-02
7.450117468833923340e-01 1.842237450182437897e-02
7.365789413452148438e-01 1.897923089563846588e-02
7.281395196914672852e-01 1.953400485217571259e-02
7.196589708328247070e-01 2.008073404431343079e-02
7.111359238624572754e-01 2.063156105577945709e-02
7.025918364524841309e-01 2.115255780518054962e-02
6.940652728080749512e-01 2.163993380963802338e-02
6.855571269989013672e-01 2.212209999561309814e-02
6.770791411399841309e-01 2.260808274149894714e-02
6.686173081398010254e-01 2.310100197792053223e-02
6.601752638816833496e-01 2.360083349049091339e-02
6.517171263694763184e-01 2.412498183548450470e-02
6.432313919067382812e-01 2.465245313942432404e-02
6.347067356109619141e-01 2.516982890665531158e-02
6.261539459228515625e-01 2.566866576671600342e-02
6.175999045372009277e-01 2.613026276230812073e-02
6.090354323387145996e-01 2.657143026590347290e-02
6.004853248596191406e-01 2.699830755591392517e-02
5.919505357742309570e-01 2.741057612001895905e-02
5.834335088729858398e-01 2.781614288687705994e-02
5.749225616455078125e-01 2.821956574916839600e-02
5.664145946502685547e-01 2.860340662300586700e-02
5.579023361206054688e-01 2.896323986351490021e-02
5.493918061256408691e-01 2.931897714734077454e-02
5.408897399902343750e-01 2.965737506747245789e-02
5.323821902275085449e-01 2.999556437134742737e-02
5.238716602325439453e-01 3.034107387065887451e-02
5.153548121452331543e-01 3.069398552179336548e-02
5.068337917327880859e-01 3.104770183563232422e-02
4.983120262622833252e-01 3.140365332365036011e-02
4.897890686988830566e-01 3.175482153892517090e-02
4.812813699245452881e-01 3.208969533443450928e-02
4.727949202060699463e-01 3.241947293281555176e-02
4.643222093582153320e-01 3.272765129804611206e-02
4.558525681495666504e-01 3.301303461194038391e-02
4.473795890808105469e-01 3.327620774507522583e-02
4.389016330242156982e-01 3.350924327969551086e-02
4.304154217243194580e-01 3.370188176631927490e-02
4.219087958335876465e-01 3.388524428009986877e-02
4.133906066417694092e-01 3.406750410795211792e-02
4.048743247985839844e-01 3.425125405192375183e-02
3.963584601879119873e-01 3.445257991552352905e-02
3.878423273563385010e-01 3.465685993432998657e-02
3.793349266052246094e-01 3.485322371125221252e-02
3.708333671092987061e-01 3.502062335610389709e-02
3.623422682285308838e-01 3.513892367482185364e-02
3.538583517074584961e-01 3.520601615309715271e-02
3.453695774078369141e-01 3.525300323963165283e-02
3.368811905384063721e-01 3.527531027793884277e-02
3.283843994140625000e-01 3.529619798064231873e-02
3.198713362216949463e-01 3.534518182277679443e-02
3.113490343093872070e-01 3.540726006031036377e-02
3.028303086757659912e-01 3.547281399369239807e-02
2.943102419376373291e-01 3.552496805787086487e-02
2.858039140701293945e-01 3.556466102600097656e-02
2.773117721080780029e-01 3.559230640530586243e-02
2.688402235507965088e-01 3.560036048293113708e-02
2.603845596313476562e-01 3.556508943438529968e-02
2.519458830356597900e-01 3.550245240330696106e-02
2.435227483510971069e-01 3.541155532002449036e-02
2.351176887750625610e-01 3.528179973363876343e-02
2.267276346683502197e-01 3.511473909020423889e-02
2.183422148227691650e-01 3.491130098700523376e-02
2.099698632955551147e-01 3.468891233205795288e-02
2.016130536794662476e-01 3.445426747202873230e-02
1.932738721370697021e-01 3.420235216617584229e-02
1.849427223205566406e-01 3.390830382704734802e-02
1.766368001699447632e-01 3.357040137052536011e-02
1.683701723814010620e-01 3.317138552665710449e-02
1.601323783397674561e-01 3.273067623376846313e-02
1.519019305706024170e-01 3.222992271184921265e-02
1.436814069747924805e-01 3.167632594704627991e-02
1.354879736900329590e-01 3.108215145766735077e-02
1.273321062326431274e-01 3.045722842216491699e-02
1.191975846886634827e-01 2.979445271193981171e-02
1.110905930399894714e-01 2.905555255711078644e-02
1.030297949910163879e-01 2.824229001998901367e-02
9.502780437469482422e-02 2.733613736927509308e-02
8.706478774547576904e-02 2.635155245661735535e-02
7.913342118263244629e-02 2.524626255035400391e-02
7.126445323228836060e-02 2.405129000544548035e-02
6.350123137235641479e-02 2.277579531073570251e-02
5.587656795978546143e-02 2.142992056906223297e-02
4.840511456131935120e-02 1.999764330685138702e-02
4.114515334367752075e-02 1.844587177038192749e-02
3.415398299694061279e-02 1.678143627941608429e-02
2.752804383635520935e-02 1.496905088424682617e-02
2.138617262244224548e-02 1.303440704941749573e-02
1.588515378534793854e-02 1.102028694003820419e-02
1.117377541959285736e-02 9.029979817569255829e-03
7.376581896096467972e-03 7.176121696829795837e-03
4.526173695921897888e-03 5.543612875044345856e-03
2.552419435232877731e-03 4.182935692369937897e-03
1.308242324739694595e-03 3.097773296758532524e-03
5.915632355026900768e-04 2.249294426292181015e-03
2.248506789328530431e-04 1.528914202935993671e-03
5.589536158367991447e-05 8.760170312598347664e-04
-8.943497050495352596e-06 2.725083031691610813e-04
-3.265953637310303748e-05 -3.212455485481768847e-04
8.481571285301470198e-07 -8.951676427386701107e-04
1.197978126583620906e-04 -1.467905472964048386e-03
3.781167033594101667e-04 -2.046354115009307861e-03
8.523234864696860313e-04 -2.660222351551055908e-03
1.659415313042700291e-03 -3.359709167852997780e-03
2.973921364173293114e-03 -4.211101215332746506e-03
4.963390063494443893e-03 -5.226542707532644272e-03
7.776827551424503326e-03 -6.351941265165805817e-03
1.150807924568653107e-02 -7.569439243525266647e-03
1.620291918516159058e-02 -8.809869177639484406e-03
2.181096374988555908e-02 -1.002333592623472214e-02
2.821930684149265289e-02 -1.117330603301525116e-02
3.525719046592712402e-02 -1.223999075591564178e-02
4.274283349514007568e-02 -1.321811228990554810e-02
5.054013803601264954e-02 -1.414112001657485962e-02
5.851878598332405090e-02 -1.501145213842391968e-02
6.660047918558120728e-02 -1.580454036593437195e-02
7.474325597286224365e-02 -1.651810668408870697e-02
8.293626457452774048e-02 -1.713243126869201660e-02
9.117104113101959229e-02 -1.764127612113952637e-02
9.944568574428558350e-02 -1.805450953543186188e-02
1.077460572123527527e-01 -1.839446462690830231e-02
1.160638108849525452e-01 -1.867365278303623199e-02
1.244082972407341003e-01 -1.893171295523643494e-02
1.327651292085647583e-01 -1.916643977165222168e-02
1.411281973123550415e-01 -1.938134804368019104e-02
1.495033502578735352e-01 -1.956767588853836060e-02
1.578936278820037842e-01 -1.972064748406410217e-02
1.662918329238891602e-01 -1.981895044445991516e-02
1.746997237205505371e-01 -1.986863277852535248e-02
1.831161379814147949e-01 -1.989281736314296722e-02
1.915504485368728638e-01 -1.989299245178699493e-02
2.000081986188888550e-01 -1.988014951348304749e-02
2.084797918796539307e-01 -1.985300891101360321e-02
2.169537991285324097e-01 -1.981385983526706696e-02
2.254393547773361206e-01 -1.975941658020019531e-02
2.339257299900054932e-01 -1.969225890934467316e-02
2.424144297838211060e-01 -1.960255950689315796e-02
2.509118914604187012e-01 -1.950033009052276611e-02
2.594212591648101807e-01 -1.937804371118545532e-02
2.679486274719238281e-01 -1.923939958214759827e-02
2.764815986156463623e-01 -1.907698996365070343e-02
2.850174605846405029e-01 -1.889667287468910217e-02
2.935418784618377686e-01 -1.869542896747589111e-02
3.020681142807006836e-01 -1.847620494663715363e-02
3.105883002281188965e-01 -1.825407519936561584e-02
3.191095292568206787e-01 -1.804774254560470581e-02
3.276318013668060303e-01 -1.785373128950595856e-02
3.361571729183197021e-01 -1.765930838882923126e-02
3.446778059005737305e-01 -1.747873984277248383e-02
3.531782925128936768e-01 -1.728388667106628418e-02
3.616734743118286133e-01 -1.707137934863567352e-02
3.701585829257965088e-01 -1.684038899838924408e-02
3.786669373512268066e-01 -1.657901704311370850e-02
3.871881663799285889e-01 -1.631247252225875854e-02
3.957253694534301758e-01 -1.604655198752880096e-02
4.042743742465972900e-01 -1.576442271471023560e-02
4.128351211547851562e-01 -1.547872833907604218e-02
4.213833212852478027e-01 -1.519855670630931854e-02
4.299103915691375732e-01 -1.490354631096124649e-02
4.384368360042572021e-01 -1.459509599953889847e-02
4.469518363475799561e-01 -1.429410744458436966e-02
4.554756581783294678e-01 -1.399216800928115845e-02
4.639928340911865234e-01 -1.371079217642545700e-02
4.725238382816314697e-01 -1.343156397342681885e-02
4.810631573200225830e-01 -1.313021592795848846e-02
4.896214306354522705e-01 -1.281938795000314713e-02
4.981850385665893555e-01 -1.249633636325597763e-02
5.067611336708068848e-01 -1.215044595301151276e-02
5.153541564941406250e-01 -1.178926881402730942e-02
5.239419341087341309e-01 -1.143792085349559784e-02
5.325310230255126953e-01 -1.109427120536565781e-02
5.411145091056823730e-01 -1.077197864651679993e-02
5.496983528137207031e-01 -1.046277023851871490e-02
5.582623481750488281e-01 -1.014698389917612076e-02
5.668222308158874512e-01 -9.824830107390880585e-03
5.753647089004516602e-01 -9.497923776507377625e-03
5.838953852653503418e-01 -9.163723327219486237e-03
5.924103260040283203e-01 -8.830463513731956482e-03
6.008989810943603516e-01 -8.503790944814682007e-03
6.093777418136596680e-01 -8.179307915270328522e-03
6.178520917892456055e-01 -7.872520945966243744e-03
6.263253092765808105e-01 -7.581446785479784012e-03
6.348007917404174805e-01 -7.290612906217575073e-03
6.432989239692687988e-01 -7.003855891525745392e-03
6.518116593360900879e-01 -6.730496883392333984e-03
6.603489518165588379e-01 -6.472170352935791016e-03
6.689035296440124512e-01 -6.214249413460493088e-03
6.774554848670959473e-01 -5.953726824373006821e-03
6.860046982765197754e-01 -5.672464147210121155e-03
6.945348381996154785e-01 -5.381283815950155258e-03
7.030437588691711426e-01 -5.058447364717721939e-03
7.115250825881958008e-01 -4.701070487499237061e-03
7.199864983558654785e-01 -4.325774032622575760e-03
7.284322977066040039e-01 -3.941928036510944366e-03
7.368927597999572754e-01 -3.558667609468102455e-03
7.453659772872924805e-01 -3.194174962118268013e-03
7.538595795631408691e-01 -2.866877010092139244e-03
7.623826265335083008e-01 -2.577286679297685623e-03
7.709318399429321289e-01 -2.342600841075181961e-03
7.795061469078063965e-01 -2.139537828043103218e-03
7.880955934524536133e-01 -1.967110903933644295e-03
7.966901063919067383e-01 -1.810820307582616806e-03
8.052827119827270508e-01 -1.656839041970670223e-03
8.138816356658935547e-01 -1.502276165410876274e-03
8.224512338638305664e-01 -1.367245800793170929e-03
8.309924006462097168e-01 -1.234358875080943108e-03
8.394985198974609375e-01 -1.105027622543275356e-03
8.479669690132141113e-01 -9.663484524935483932e-04
8.564001321792602539e-01 -8.048945455811917782e-04
8.648061752319335938e-01 -6.193422013893723488e-04
8.731882572174072266e-01 -3.884952748194336891e-04
8.815718889236450195e-01 -1.320731244049966335e-04
8.899694681167602539e-01 1.201832419610582292e-04
8.983826637268066406e-01 3.255850169807672501e-04
9.068468809127807617e-01 4.700913268607109785e-04
9.153565764427185059e-01 5.345477256923913956e-04
9.238944053649902344e-01 5.167927592992782593e-04
9.328349232673645020e-01 4.136929637752473354e-04
9.412593245506286621e-01 2.640558523125946522e-04
9.492810964584350586e-01 1.117797655751928687e-04
9.570170640945434570e-01 -2.558590495027601719e-05
9.645690917968750000e-01 -1.320060400757938623e-04
9.681826829910278320e-01 -1.717330014798790216e-04
9.754666090011596680e-01 -2.316976606380194426e-04
9.830103516578674316e-01 -2.649380185175687075e-04
9.910348057746887207e-01 -2.705679507926106453e-04
9.997608065605163574e-01 -2.477011294104158878e-04
