Airfoils1D_007
9.997049570083618164e-01 8.352166041731834412e-04
9.907354712486267090e-01 9.386588353663682938e-04
9.814242124557495117e-01 1.114467740990221500e-03
9.719004631042480469e-01 1.352481194771826267e-03
9.622936248779296875e-01 1.642537186853587627e-03
9.482023715972900391e-01 2.146897604689002037e-03
9.390214085578918457e-01 2.524939365684986115e-03
9.300265312194824219e-01 2.912829862907528877e-03
9.213401675224304199e-01 3.317128401249647141e-03
9.130764603614807129e-01 3.710963064804673195e-03
9.044414162635803223e-01 4.118647892028093338e-03
8.958210349082946777e-01 4.538451787084341049e-03
8.872151374816894531e-01 4.941553343087434769e-03
8.786438703536987305e-01 5.341326817870140076e-03
8.700917363166809082e-01 5.722489673644304276e-03
8.615667819976806641e-01 6.100844126194715500e-03
8.530395627021789551e-01 6.465285550802946091e-03
8.444978594779968262e-01 6.860939785838127136e-03
8.359116315841674805e-01 7.269112393260002136e-03
8.273379802703857422e-01 7.689998950809240341e-03
8.187643289566040039e-01 8.129396475851535797e-03
8.101986050605773926e-01 8.569153957068920135e-03
8.016738295555114746e-01 8.997003547847270966e-03
7.931703925132751465e-01 9.419099427759647369e-03
7.847087979316711426e-01 9.842411614954471588e-03
7.762382626533508301e-01 1.024773810058832169e-02
7.677627801895141602e-01 1.065283548086881638e-02
7.592771649360656738e-01 1.103790756314992905e-02
7.507663965225219727e-01 1.140699442476034164e-02
7.422234416007995605e-01 1.176514849066734314e-02
7.336125373840332031e-01 1.212838571518659592e-02
7.249839305877685547e-01 1.249830704182386398e-02
7.163468003273010254e-01 1.291144918650388718e-02
7.077386975288391113e-01 1.334654912352561951e-02
6.991121172904968262e-01 1.379775628447532654e-02
6.905143260955810547e-01 1.424953434616327286e-02
6.819424629211425781e-01 1.467057038098573685e-02
6.733674407005310059e-01 1.507437694817781448e-02
6.647883057594299316e-01 1.544427685439586639e-02
6.562147736549377441e-01 1.580128446221351624e-02
6.476830244064331055e-01 1.615915447473526001e-02
6.392030119895935059e-01 1.654109172523021698e-02
6.307571530342102051e-01 1.692515984177589417e-02
6.223000288009643555e-01 1.733354851603507996e-02
6.138516068458557129e-01 1.774761267006397247e-02
6.053907275199890137e-01 1.816732808947563171e-02
5.968903899192810059e-01 1.861273869872093201e-02
5.883474946022033691e-01 1.904050074517726898e-02
5.798131823539733887e-01 1.945132948458194733e-02
5.712721943855285645e-01 1.985063590109348297e-02
5.627492070198059082e-01 2.022846229374408722e-02
5.542179942131042480e-01 2.058300562202930450e-02
5.457159280776977539e-01 2.093246951699256897e-02
5.372313857078552246e-01 2.127064019441604614e-02
5.287757515907287598e-01 2.162116020917892456e-02
5.203325152397155762e-01 2.197278104722499847e-02
5.118897557258605957e-01 2.230052649974822998e-02
5.034741163253784180e-01 2.259926125407218933e-02
4.950367510318756104e-01 2.288252487778663635e-02
4.865784645080566406e-01 2.315852418541908264e-02
4.780935049057006836e-01 2.345559559762477875e-02
4.696390926837921143e-01 2.376952581107616425e-02
4.611717760562896729e-01 2.408720739185810089e-02
4.527359902858734131e-01 2.439923770725727081e-02
4.443017244338989258e-01 2.468127943575382233e-02
4.358629286289215088e-01 2.493424713611602783e-02
4.274446368217468262e-01 2.514558471739292145e-02
4.190123677253723145e-01 2.534474059939384460e-02
4.105505943298339844e-01 2.555842511355876923e-02
4.020831882953643799e-01 2.580191753804683685e-02
3.936452567577362061e-01 2.605454623699188232e-02
3.851825594902038574e-01 2.629001066088676453e-02
3.767196536064147949e-01 2.648864127695560455e-02
3.682322502136230469e-01 2.663658559322357178e-02
3.597466945648193359e-01 2.674911357462406158e-02
3.513120114803314209e-01 2.682081982493400574e-02
3.429073989391326904e-01 2.688349783420562744e-02
3.345333039760589600e-01 2.695292606949806213e-02
3.261913061141967773e-01 2.702583558857440948e-02
3.178679347038269043e-01 2.709138020873069763e-02
3.094892203807830811e-01 2.714315988123416901e-02
3.011051416397094727e-01 2.717301249504089355e-02
2.926875054836273193e-01 2.716663479804992676e-02
2.842774093151092529e-01 2.715334109961986542e-02
2.759073078632354736e-01 2.711203508079051971e-02
2.675280272960662842e-01 2.704914100468158722e-02
2.591605484485626221e-01 2.695905230939388275e-02
2.507749795913696289e-01 2.684091217815876007e-02
2.423777133226394653e-01 2.669828012585639954e-02
2.339504957199096680e-01 2.654943987727165222e-02
2.255644649267196655e-01 2.638540044426918030e-02
2.171904295682907104e-01 2.621378190815448761e-02
2.088639587163925171e-01 2.604472823441028595e-02
2.005802392959594727e-01 2.584245428442955017e-02
1.922882795333862305e-01 2.561495825648307800e-02
1.840137094259262085e-01 2.535116113722324371e-02
1.757382750511169434e-01 2.506270259618759155e-02
1.674932688474655151e-01 2.474020980298519135e-02
1.592398732900619507e-01 2.438766695559024811e-02
1.509906351566314697e-01 2.398763783276081085e-02
1.427435874938964844e-01 2.355515211820602417e-02
1.344995200634002686e-01 2.306860871613025665e-02
1.262667477130889893e-01 2.252808772027492523e-02
1.180479750037193298e-01 2.196789346635341644e-02
1.098923161625862122e-01 2.138243056833744049e-02
1.018078103661537170e-01 2.079721540212631226e-02
9.381163120269775391e-02 2.018487080931663513e-02
8.585754781961441040e-02 1.954002864658832550e-02
7.796322554349899292e-02 1.885022036731243134e-02
7.013606280088424683e-02 1.811241731047630310e-02
6.239289790391921997e-02 1.729439757764339447e-02
5.478170141577720642e-02 1.640737429261207581e-02
4.734979942440986633e-02 1.545704994350671768e-02
4.021868854761123657e-02 1.444423198699951172e-02
3.345949202775955200e-02 1.337684318423271179e-02
2.716682106256484985e-02 1.222620997577905655e-02
2.144327200949192047e-02 1.101439446210861206e-02
1.638547331094741821e-02 9.759102948009967804e-03
1.204020250588655472e-02 8.486954495310783386e-03
8.462203666567802429e-03 7.210907060652971268e-03
5.627557169646024704e-03 5.982623901218175888e-03
3.479089587926864624e-03 4.822001792490482330e-03
1.963868737220764160e-03 3.776609664782881737e-03
9.572211420163512230e-04 2.826000563800334930e-03
3.308004233986139297e-04 1.947339158505201340e-03
2.179884722863789648e-05 1.138467923738062382e-03
-9.376167872687801719e-05 3.810626512859016657e-04
-5.266670996206812561e-05 -3.424219030421227217e-04
1.489813148509711027e-04 -1.066533382982015610e-03
5.386553821153938770e-04 -1.806355314329266548e-03
1.224621548317372799e-03 -2.608600538223981857e-03
2.317702164873480797e-03 -3.476424841210246086e-03
3.960612230002880096e-03 -4.461962729692459106e-03
6.257139611989259720e-03 -5.575557239353656769e-03
9.335787035524845123e-03 -6.801122333854436874e-03
1.318769436329603195e-02 -8.109222166240215302e-03
1.785504072904586792e-02 -9.454139508306980133e-03
2.324457280337810516e-02 -1.079433783888816833e-02
2.928305417299270630e-02 -1.209667045623064041e-02
3.585915267467498779e-02 -1.334717031568288803e-02
4.283186420798301697e-02 -1.452056225389242172e-02
5.010278150439262390e-02 -1.562244724482297897e-02
5.757691338658332825e-02 -1.665510796010494232e-02
6.516980379819869995e-02 -1.761712878942489624e-02
7.281848788261413574e-02 -1.850863732397556305e-02
8.054322749376296997e-02 -1.932235993444919586e-02
8.831173181533813477e-02 -2.006783895194530487e-02
9.615807235240936279e-02 -2.075547911226749420e-02
1.040844768285751343e-01 -2.138427458703517914e-02
1.121052354574203491e-01 -2.196215279400348663e-02
1.202245652675628662e-01 -2.248477190732955933e-02
1.284487247467041016e-01 -2.296766638755798340e-02
1.366969794034957886e-01 -2.341647446155548096e-02
1.449773609638214111e-01 -2.382794581353664398e-02
1.532957106828689575e-01 -2.420779503881931305e-02
1.616106182336807251e-01 -2.457739226520061493e-02
1.699028611183166504e-01 -2.493583783507347107e-02
1.781633347272872925e-01 -2.527284435927867889e-02
1.864095330238342285e-01 -2.559548057615756989e-02
1.946484893560409546e-01 -2.589353919029235840e-02
2.028954774141311646e-01 -2.618136815726757050e-02
2.111357152462005615e-01 -2.645462751388549805e-02
2.194434851408004761e-01 -2.669903822243213654e-02
2.278048247098922729e-01 -2.692388556897640228e-02
2.361836433410644531e-01 -2.713487111032009125e-02
2.445664107799530029e-01 -2.732096798717975616e-02
2.529311776161193848e-01 -2.747345156967639923e-02
2.613170146942138672e-01 -2.758998796343803406e-02
2.697046995162963867e-01 -2.767938934266567230e-02
2.780994176864624023e-01 -2.774571813642978668e-02
2.865176498889923096e-01 -2.778837829828262329e-02
2.949697077274322510e-01 -2.781275101006031036e-02
3.033858537673950195e-01 -2.783263847231864929e-02
3.117809891700744629e-01 -2.783986553549766541e-02
3.201722204685211182e-01 -2.783424034714698792e-02
3.285570442676544189e-01 -2.780020609498023987e-02
3.369980752468109131e-01 -2.773347124457359314e-02
3.454627692699432373e-01 -2.765049971640110016e-02
3.539731800556182861e-01 -2.755376137793064117e-02
3.624998629093170166e-01 -2.744806930422782898e-02
3.710106909275054932e-01 -2.733882516622543335e-02
3.794515430927276611e-01 -2.721661701798439026e-02
3.878730535507202148e-01 -2.706495486199855804e-02
3.962742984294891357e-01 -2.689275890588760376e-02
4.046569168567657471e-01 -2.669159322977066040e-02
4.130501449108123779e-01 -2.646670117974281311e-02
4.214643836021423340e-01 -2.622890658676624298e-02
4.298999011516571045e-01 -2.599043399095535278e-02
4.383482635021209717e-01 -2.573951520025730133e-02
4.468163847923278809e-01 -2.546978555619716644e-02
4.552699625492095947e-01 -2.516808919608592987e-02
4.637446999549865723e-01 -2.482814155519008636e-02
4.722178280353546143e-01 -2.446994930505752563e-02
4.806624650955200195e-01 -2.409994788467884064e-02
4.890765249729156494e-01 -2.372043207287788391e-02
4.974652230739593506e-01 -2.333932183682918549e-02
5.058078765869140625e-01 -2.297485619783401489e-02
5.141687989234924316e-01 -2.260986715555191040e-02
5.225431919097900391e-01 -2.225326001644134521e-02
5.309190154075622559e-01 -2.188928984105587006e-02
5.393469333648681641e-01 -2.151256427168846130e-02
5.478201508522033691e-01 -2.112990245223045349e-02
5.563095808029174805e-01 -2.072788029909133911e-02
5.647999644279479980e-01 -2.029905281960964203e-02
5.732655525207519531e-01 -1.984857022762298584e-02
5.817163586616516113e-01 -1.938618160784244537e-02
5.901709198951721191e-01 -1.890249922871589661e-02
5.985954999923706055e-01 -1.840549521148204803e-02
6.070039868354797363e-01 -1.787859760224819183e-02
6.154510378837585449e-01 -1.733804307878017426e-02
6.239427924156188965e-01 -1.679374277591705322e-02
6.324793100357055664e-01 -1.624323427677154541e-02
6.410384774208068848e-01 -1.569944992661476135e-02
6.496042609214782715e-01 -1.517434790730476379e-02
6.581650972366333008e-01 -1.466644555330276489e-02
6.666836142539978027e-01 -1.415738370269536972e-02
6.751614212989807129e-01 -1.363711897283792496e-02
6.836283206939697266e-01 -1.310194842517375946e-02
6.921328306198120117e-01 -1.257861405611038208e-02
7.006731629371643066e-01 -1.206899806857109070e-02
7.092484831809997559e-01 -1.158028468489646912e-02
7.178350090980529785e-01 -1.112505700439214706e-02
7.264072299003601074e-01 -1.069725584238767624e-02
7.349421977996826172e-01 -1.027824822813272476e-02
7.434263825416564941e-01 -9.834680706262588501e-03
7.518877983093261719e-01 -9.367255493998527527e-03
7.603634595870971680e-01 -8.880014531314373016e-03
7.688840627670288086e-01 -8.394221775233745575e-03
7.774310111999511719e-01 -7.902706973254680634e-03
7.859988808631896973e-01 -7.420992944389581680e-03
7.945709228515625000e-01 -6.959286984056234360e-03
8.031465411186218262e-01 -6.511576473712921143e-03
8.117295503616333008e-01 -6.086188368499279022e-03
8.203048706054687500e-01 -5.661485251039266586e-03
8.288736343383789062e-01 -5.254004150629043579e-03
8.374537825584411621e-01 -4.866795148700475693e-03
8.460308313369750977e-01 -4.512397106736898422e-03
8.545811176300048828e-01 -4.172744695097208023e-03
8.630905151367187500e-01 -3.849541535601019859e-03
8.715533018112182617e-01 -3.540765726938843727e-03
8.800020813941955566e-01 -3.240769263356924057e-03
8.884515166282653809e-01 -2.948615932837128639e-03
8.968867063522338867e-01 -2.636721823364496231e-03
9.053185582160949707e-01 -2.323038643226027489e-03
9.137778878211975098e-01 -2.024526009336113930e-03
9.222695827484130859e-01 -1.740531064569950104e-03
9.311525225639343262e-01 -1.440457184799015522e-03
9.395186901092529297e-01 -1.150606665760278702e-03
9.474844336509704590e-01 -8.650936651974916458e-04
9.551670551300048828e-01 -5.870030145160853863e-04
9.626613259315490723e-01 -3.310043830424547195e-04
9.662272334098815918e-01 -2.212746185250580311e-04
9.733858704566955566e-01 -8.678103768033906817e-05
9.807571172714233398e-01 -1.049697675625793636e-04
9.885531067848205566e-01 -3.231140435673296452e-04
9.969859719276428223e-01 -7.884869701229035854e-04
