Airfoils2D_137
9.997659921646118164e-01 1.565807906445115805e-04
9.922628998756408691e-01 8.840266382321715355e-04
9.837669134140014648e-01 1.598770031705498695e-03
9.745558500289916992e-01 2.301015658304095268e-03
9.649076461791992188e-01 2.990968059748411179e-03
9.504858255386352539e-01 4.000462125986814499e-03
9.411218166351318359e-01 4.663452506065368652e-03
9.320518374443054199e-01 5.316011607646942139e-03
9.234064817428588867e-01 5.946190562099218369e-03
9.152804017066955566e-01 6.534017156809568405e-03
9.067617654800415039e-01 7.138449233025312424e-03
8.982289433479309082e-01 7.718401961028575897e-03
8.896825909614562988e-01 8.306629955768585205e-03
8.811372518539428711e-01 8.894712664186954498e-03
8.725888133049011230e-01 9.495983831584453583e-03
8.640508055686950684e-01 1.009928248822689056e-02
8.555291891098022461e-01 1.071195956319570541e-02
8.470281958580017090e-01 1.132739521563053131e-02
8.385027647018432617e-01 1.193316467106342316e-02
8.299613595008850098e-01 1.252456754446029663e-02
8.214122653007507324e-01 1.307012513279914856e-02
8.128567934036254883e-01 1.360215805470943451e-02
8.042961359024047852e-01 1.410274300724267960e-02
7.957294583320617676e-01 1.457603275775909424e-02
7.871675491333007812e-01 1.503671053797006607e-02
7.786117792129516602e-01 1.549181900918483734e-02
7.700682878494262695e-01 1.594684831798076630e-02
7.615157365798950195e-01 1.640455983579158783e-02
7.529642581939697266e-01 1.686409674584865570e-02
7.444297671318054199e-01 1.732145249843597412e-02
7.358957529067993164e-01 1.779042743146419525e-02
7.273566722869873047e-01 1.825379393994808197e-02
7.187983393669128418e-01 1.872111484408378601e-02
7.102356553077697754e-01 1.919642277061939240e-02
7.016694545745849609e-01 1.966873183846473694e-02
6.931253075599670410e-01 2.013226225972175598e-02
6.845983862876892090e-01 2.059287019073963165e-02
6.760949492454528809e-01 2.105216495692729950e-02
6.676087379455566406e-01 2.151498198509216309e-02
6.591185331344604492e-01 2.197364158928394318e-02
6.506029963493347168e-01 2.242976613342761993e-02
6.420531868934631348e-01 2.288959734141826630e-02
6.334993243217468262e-01 2.334456145763397217e-02
6.249552965164184570e-01 2.378259226679801941e-02
6.164396405220031738e-01 2.419235371053218842e-02
6.079395413398742676e-01 2.459353581070899963e-02
5.994524359703063965e-01 2.498938888311386108e-02
5.909568667411804199e-01 2.538022398948669434e-02
5.824515223503112793e-01 2.576041407883167267e-02
5.739109516143798828e-01 2.612556889653205872e-02
5.653471946716308594e-01 2.647341042757034302e-02
5.567870140075683594e-01 2.680793777108192444e-02
5.482327938079833984e-01 2.712702751159667969e-02
5.396891832351684570e-01 2.742931060492992401e-02
5.311325192451477051e-01 2.773544192314147949e-02
5.225558280944824219e-01 2.804597839713096619e-02
5.139636993408203125e-01 2.835744246840476990e-02
5.053619742393493652e-01 2.865996770560741425e-02
4.967409670352935791e-01 2.894913777709007263e-02
4.881292283535003662e-01 2.922840043902397156e-02
4.795388877391815186e-01 2.950078435242176056e-02
4.709662199020385742e-01 2.976423315703868866e-02
4.624160528182983398e-01 3.001865558326244354e-02
4.538657665252685547e-01 3.026493825018405914e-02
4.453261494636535645e-01 3.050111420452594757e-02
4.368185400962829590e-01 3.072322718799114227e-02
4.283261597156524658e-01 3.092554584145545959e-02
4.198425412178039551e-01 3.111863881349563599e-02
4.113804101943969727e-01 3.130477666854858398e-02
4.029172062873840332e-01 3.148264065384864807e-02
3.944391608238220215e-01 3.166330978274345398e-02
3.859502375125885010e-01 3.183468058705329895e-02
3.774271309375762939e-01 3.199240565299987793e-02
3.688970506191253662e-01 3.213652223348617554e-02
3.603734374046325684e-01 3.226698935031890869e-02
3.518510460853576660e-01 3.237801790237426758e-02
3.433279395103454590e-01 3.247190639376640320e-02
3.348135352134704590e-01 3.254305943846702576e-02
3.262978792190551758e-01 3.259967640042304993e-02
3.177869021892547607e-01 3.264516219496726990e-02
3.092894852161407471e-01 3.264933452010154724e-02
3.007933497428894043e-01 3.263626247644424438e-02
2.923253476619720459e-01 3.261053934693336487e-02
2.838769257068634033e-01 3.257394582033157349e-02
2.754560112953186035e-01 3.252238780260086060e-02
2.670473754405975342e-01 3.245605900883674622e-02
2.586410343647003174e-01 3.237369284033775330e-02
2.502376139163970947e-01 3.228039294481277466e-02
2.418423891067504883e-01 3.216393664479255676e-02
2.334590554237365723e-01 3.200143575668334961e-02
2.250903546810150146e-01 3.182223066687583923e-02
2.167396396398544312e-01 3.162423148751258850e-02
2.084013372659683228e-01 3.139603883028030396e-02
2.000871300697326660e-01 3.114137239754199982e-02
1.917791813611984253e-01 3.085011430084705353e-02
1.834556460380554199e-01 3.052520006895065308e-02
1.751255095005035400e-01 3.016514703631401062e-02
1.668050140142440796e-01 2.977785095572471619e-02
1.585052609443664551e-01 2.935788594186306000e-02
1.502367854118347168e-01 2.891719900071620941e-02
1.419988125562667847e-01 2.846501395106315613e-02
1.338020414113998413e-01 2.798329107463359833e-02
1.256476193666458130e-01 2.748850546777248383e-02
1.175242438912391663e-01 2.694575861096382141e-02
1.094325184822082520e-01 2.635243535041809082e-02
1.013837680220603943e-01 2.568507194519042969e-02
9.340587258338928223e-02 2.493758685886859894e-02
8.549833297729492188e-02 2.408777177333831787e-02
7.766921073198318481e-02 2.312952466309070587e-02
6.992680579423904419e-02 2.207547239959239960e-02
6.228230521082878113e-02 2.092067524790763855e-02
5.476161092519760132e-02 1.970158889889717102e-02
4.741765931248664856e-02 1.838849857449531555e-02
4.031397402286529541e-02 1.699054799973964691e-02
3.353013098239898682e-02 1.548269391059875488e-02
2.716742269694805145e-02 1.385363750159740448e-02
2.131752856075763702e-02 1.211647037416696548e-02
1.609980873763561249e-02 1.031509414315223694e-02
1.161526236683130264e-02 8.520819246768951416e-03
7.919391617178916931e-03 6.806081160902976990e-03
5.042992066591978073e-03 5.262276623398065567e-03
2.961601596325635910e-03 3.919471055269241333e-03
1.553704496473073959e-03 2.794910687953233719e-03
6.929827504791319370e-04 1.848666346631944180e-03
2.146195911336690187e-04 1.035615336149930954e-03
-9.129632417170796543e-06 3.138998581562191248e-04
-7.412002742057666183e-05 -3.509304369799792767e-04
-3.634773020166903734e-05 -9.830712806433439255e-04
8.971680654212832451e-05 -1.603797893039882183e-03
3.314675996080040932e-04 -2.230466809123754501e-03
7.657121750526130199e-04 -2.888876944780349731e-03
1.474463497288525105e-03 -3.621850395575165749e-03
2.614886267110705376e-03 -4.463460296392440796e-03
4.349071532487869263e-03 -5.441301967948675156e-03
6.845407187938690186e-03 -6.563842296600341797e-03
1.020361110568046570e-02 -7.803488522768020630e-03
1.449086982756853104e-02 -9.112684056162834167e-03
1.968467421829700470e-02 -1.043887063860893250e-02
2.566530182957649231e-02 -1.174315810203552246e-02
3.229174390435218811e-02 -1.297715678811073303e-02
3.939253836870193481e-02 -1.412251219153404236e-02
4.681412875652313232e-02 -1.516039483249187469e-02
5.445596948266029358e-02 -1.611055992543697357e-02
6.223355978727340698e-02 -1.698251068592071533e-02
7.009886205196380615e-02 -1.777610927820205688e-02
7.806010544300079346e-02 -1.848704181611537933e-02
8.610417693853378296e-02 -1.912137866020202637e-02
9.421358257532119751e-02 -1.968702860176563263e-02
1.023857593536376953e-01 -2.018418721854686737e-02
1.106071099638938904e-01 -2.061556652188301086e-02
1.188468113541603088e-01 -2.097358554601669312e-02
1.271112114191055298e-01 -2.127738669514656067e-02
1.353937387466430664e-01 -2.153638936579227448e-02
1.437068879604339600e-01 -2.175969071686267853e-02
1.520535647869110107e-01 -2.194757945835590363e-02
1.604280918836593628e-01 -2.210729196667671204e-02
1.688300818204879761e-01 -2.223764359951019287e-02
1.772531867027282715e-01 -2.234258316457271576e-02
1.856777220964431763e-01 -2.241958118975162506e-02
1.940964460372924805e-01 -2.246118709444999695e-02
2.025171369314193726e-01 -2.248169481754302979e-02
2.109442353248596191e-01 -2.248996496200561523e-02
2.193894982337951660e-01 -2.249809354543685913e-02
2.278367131948471069e-01 -2.250725775957107544e-02
2.362919002771377563e-01 -2.252375707030296326e-02
2.447585463523864746e-01 -2.253736741840839386e-02
2.532292306423187256e-01 -2.254929579794406891e-02
2.616974115371704102e-01 -2.254557795822620392e-02
2.701815068721771240e-01 -2.251386828720569611e-02
2.786856591701507568e-01 -2.245592698454856873e-02
2.872099280357360840e-01 -2.236560173332691193e-02
2.957474887371063232e-01 -2.224466763436794281e-02
3.042794466018676758e-01 -2.209417708218097687e-02
3.128188848495483398e-01 -2.192165330052375793e-02
3.213507533073425293e-01 -2.172890491783618927e-02
3.298588693141937256e-01 -2.152871340513229370e-02
3.383515775203704834e-01 -2.131722308695316315e-02
3.468395173549652100e-01 -2.109878696501255035e-02
3.553197979927062988e-01 -2.089188061654567719e-02
3.637971580028533936e-01 -2.069075778126716614e-02
3.722643554210662842e-01 -2.049611136317253113e-02
3.807279169559478760e-01 -2.031029388308525085e-02
3.892110288143157959e-01 -2.012681774795055389e-02
3.976964950561523438e-01 -1.993780396878719330e-02
4.061756432056427002e-01 -1.973556913435459137e-02
4.146672487258911133e-01 -1.950535178184509277e-02
4.231641292572021484e-01 -1.923866197466850281e-02
4.316679835319519043e-01 -1.894819177687168121e-02
4.401908814907073975e-01 -1.862362772226333618e-02
4.487261772155761719e-01 -1.827505975961685181e-02
4.572823643684387207e-01 -1.791701465845108032e-02
4.658603370189666748e-01 -1.755285635590553284e-02
4.744493663311004639e-01 -1.717955060303211212e-02
4.830292761325836182e-01 -1.681836321949958801e-02
4.916119575500488281e-01 -1.645428314805030823e-02
5.001860260963439941e-01 -1.609121449291706085e-02
5.087572336196899414e-01 -1.573896966874599457e-02
5.173184275627136230e-01 -1.538926549255847931e-02
5.258655548095703125e-01 -1.504217926412820816e-02
5.343995690345764160e-01 -1.469765789806842804e-02
5.429133176803588867e-01 -1.434559933841228485e-02
5.514257550239562988e-01 -1.397895999252796173e-02
5.599195361137390137e-01 -1.361848320811986923e-02
5.684121847152709961e-01 -1.323288958519697189e-02
5.769121050834655762e-01 -1.284494623541831970e-02
5.854238271713256836e-01 -1.245522312819957733e-02
5.939435958862304688e-01 -1.205521356314420700e-02
6.024761199951171875e-01 -1.164365559816360474e-02
6.110152602195739746e-01 -1.123074255883693695e-02
6.195602416992187500e-01 -1.081401202827692032e-02
6.281251311302185059e-01 -1.039866916835308075e-02
6.366792321205139160e-01 -9.982651099562644958e-03
6.452159285545349121e-01 -9.551824070513248444e-03
6.537289023399353027e-01 -9.126386605203151703e-03
6.622162461280822754e-01 -8.692946285009384155e-03
6.706875562667846680e-01 -8.239866234362125397e-03
6.791506409645080566e-01 -7.777632214128971100e-03
6.876180768013000488e-01 -7.311809342354536057e-03
6.961061954498291016e-01 -6.852689664810895920e-03
7.046212553977966309e-01 -6.401683203876018524e-03
7.131480574607849121e-01 -5.948964972048997879e-03
7.216707468032836914e-01 -5.502918269485235214e-03
7.301716804504394531e-01 -5.070474464446306229e-03
7.386490106582641602e-01 -4.643720574676990509e-03
7.470982670783996582e-01 -4.230930935591459274e-03
7.555263638496398926e-01 -3.841761732473969460e-03
7.639500498771667480e-01 -3.475126111879944801e-03
7.723861336708068848e-01 -3.148646093904972076e-03
7.808382511138916016e-01 -2.840429777279496193e-03
7.893202900886535645e-01 -2.546470379456877708e-03
7.978300452232360840e-01 -2.271157689392566681e-03
8.063662648200988770e-01 -2.010064665228128433e-03
8.149386048316955566e-01 -1.754428725689649582e-03
8.235273361206054688e-01 -1.509297522716224194e-03
8.321238756179809570e-01 -1.282632583752274513e-03
8.407031297683715820e-01 -1.070687430910766125e-03
8.492547869682312012e-01 -8.741532801650464535e-04
8.577564954757690430e-01 -6.765119615010917187e-04
8.662174344062805176e-01 -4.839727189391851425e-04
8.746398687362670898e-01 -2.976629766635596752e-04
8.830434679985046387e-01 -1.179857208626344800e-04
8.914587497711181641e-01 5.268949826131574810e-05
8.998857140541076660e-01 2.088842156808823347e-04
9.083251953125000000e-01 3.353054053150117397e-04
9.167461395263671875e-01 4.432395508047193289e-04
9.251602292060852051e-01 5.238146404735743999e-04
9.339219927787780762e-01 5.627986392937600613e-04
9.421486854553222656e-01 5.686688818968832493e-04
9.499738812446594238e-01 5.379126523621380329e-04
9.575352668762207031e-01 4.700926947407424450e-04
9.649664759635925293e-01 3.683589748106896877e-04
9.685403704643249512e-01 3.092575352638959885e-04
9.757795929908752441e-01 1.851262786658480763e-04
9.833267927169799805e-01 6.304626003839075565e-05
9.914055466651916504e-01 -4.503574382397346199e-05
1.000239372253417969e+00 -1.271729706786572933e-04
