Airfoils2D_010
9.999996423721313477e-01 2.628485963214188814e-04
9.921696186065673828e-01 9.979953756555914879e-04
9.842402338981628418e-01 1.710841897875070572e-03
9.762128591537475586e-01 2.404604572802782059e-03
9.680887460708618164e-01 3.082499373704195023e-03
9.557218551635742188e-01 4.076672717928886414e-03
9.473522305488586426e-01 4.729660227894783020e-03
9.388896226882934570e-01 5.378779489547014236e-03
9.303498268127441406e-01 6.026413757354021072e-03
9.217538237571716309e-01 6.673892494291067123e-03
9.131244421005249023e-01 7.321492768824100494e-03
9.044833183288574219e-01 7.968593388795852661e-03
8.958476781845092773e-01 8.613964542746543884e-03
8.872277736663818359e-01 9.256199002265930176e-03
8.786243796348571777e-01 9.894282557070255280e-03
8.700302839279174805e-01 1.052796281874179840e-02
8.614428043365478516e-01 1.115687564015388489e-02
8.528587222099304199e-01 1.178079377859830856e-02
8.442746996879577637e-01 1.239965949207544327e-02
8.356873989105224609e-01 1.301354914903640747e-02
8.270943164825439453e-01 1.362263876944780350e-02
8.184939622879028320e-01 1.422713231295347214e-02
8.098860383033752441e-01 1.482717506587505341e-02
8.012716174125671387e-01 1.542281918227672577e-02
7.926508188247680664e-01 1.601414568722248077e-02
7.840237617492675781e-01 1.660123839974403381e-02
7.753905057907104492e-01 1.718418672680854797e-02
7.667511701583862305e-01 1.776307821273803711e-02
7.581058144569396973e-01 1.833799667656421661e-02
7.494545578956604004e-01 1.890903152525424957e-02
7.407975792884826660e-01 1.947626285254955292e-02
7.321349978446960449e-01 2.003977261483669281e-02
7.234666347503662109e-01 2.059965953230857849e-02
7.147922515869140625e-01 2.115604653954505920e-02
7.061116695404052734e-01 2.170906960964202881e-02
6.974246501922607422e-01 2.225889079272747040e-02
6.887310147285461426e-01 2.280568331480026245e-02
6.800307631492614746e-01 2.334962785243988037e-02
6.713226437568664551e-01 2.389101870357990265e-02
6.626069545745849609e-01 2.443012222647666931e-02
6.538866758346557617e-01 2.496696822345256805e-02
6.451666951179504395e-01 2.550128661096096039e-02
6.364527940750122070e-01 2.603250183165073395e-02
6.277507543563842773e-01 2.655973844230175018e-02
6.190653443336486816e-01 2.708189375698566437e-02
6.103997826576232910e-01 2.759773656725883484e-02
6.017551422119140625e-01 2.810602448880672455e-02
5.931289792060852051e-01 2.860568650066852570e-02
5.845183134078979492e-01 2.909580431878566742e-02
5.759204626083374023e-01 2.957551181316375732e-02
5.673326849937438965e-01 3.004404343664646149e-02
5.587523579597473145e-01 3.050072863698005676e-02
5.501773953437805176e-01 3.094496950507164001e-02
5.416064262390136719e-01 3.137620911002159119e-02
5.330388545989990234e-01 3.179390728473663330e-02
5.244752764701843262e-01 3.219747170805931091e-02
5.159161090850830078e-01 3.258630260825157166e-02
5.073616504669189453e-01 3.295981884002685547e-02
4.988119304180145264e-01 3.331744298338890076e-02
4.902670681476593018e-01 3.365860134363174438e-02
4.817271828651428223e-01 3.398273885250091553e-02
4.731928408145904541e-01 3.428927809000015259e-02
4.646651148796081543e-01 3.457759693264961243e-02
4.561429619789123535e-01 3.484714403748512268e-02
4.476237297058105469e-01 3.509747609496116638e-02
4.391037821769714355e-01 3.532833978533744812e-02
4.305790960788726807e-01 3.553964197635650635e-02
4.220458567142486572e-01 3.573146089911460876e-02
4.135010242462158203e-01 3.590401634573936462e-02
4.049417078495025635e-01 3.605761006474494934e-02
3.963646888732910156e-01 3.619269654154777527e-02
3.877746760845184326e-01 3.630961105227470398e-02
3.791812658309936523e-01 3.640840202569961548e-02
3.705977797508239746e-01 3.648863732814788818e-02
3.620394766330718994e-01 3.654934465885162354e-02
3.535213768482208252e-01 3.658902272582054138e-02
3.450563848018646240e-01 3.660571575164794922e-02
3.366553187370300293e-01 3.659723699092864990e-02
3.283352553844451904e-01 3.656125441193580627e-02
3.200878500938415527e-01 3.649504855275154114e-02
3.118838071823120117e-01 3.639615699648857117e-02
3.036698102951049805e-01 3.626305609941482544e-02
2.953532040119171143e-01 3.609625995159149170e-02
2.868843972682952881e-01 3.590052202343940735e-02
2.782690823078155518e-01 3.568262234330177307e-02
2.695631384849548340e-01 3.544915467500686646e-02
2.608734965324401855e-01 3.520476073026657104e-02
2.523103356361389160e-01 3.494954481720924377e-02
2.439375519752502441e-01 3.467898070812225342e-02
2.357700020074844360e-01 3.438575565814971924e-02
2.277667671442031860e-01 3.406164795160293579e-02
2.198369503021240234e-01 3.370017930865287781e-02
2.119230329990386963e-01 3.329904004931449890e-02
2.039912343025207520e-01 3.285818919539451599e-02
1.960273534059524536e-01 3.237886354327201843e-02
1.880452930927276611e-01 3.186346590518951416e-02
1.800551712512969971e-01 3.131402656435966492e-02
1.720705181360244751e-01 3.073253296315670013e-02
1.641090065240859985e-01 3.012070991098880768e-02
1.561903059482574463e-01 2.947982959449291229e-02
1.483334451913833618e-01 2.881053090095520020e-02
1.405541747808456421e-01 2.811275050044059753e-02
1.328619271516799927e-01 2.738571912050247192e-02
1.252579689025878906e-01 2.662811800837516785e-02
1.177457422018051147e-01 2.583898417651653290e-02
1.103298366069793701e-01 2.501749806106090546e-02
1.030146181583404541e-01 2.416287921369075775e-02
9.580411761999130249e-02 2.327434159815311432e-02
8.870211988687515259e-02 2.235111594200134277e-02
8.171185851097106934e-02 2.139239385724067688e-02
7.482795417308807373e-02 2.039600163698196411e-02
6.805056333541870117e-02 1.936101727187633514e-02
6.139856949448585510e-02 1.828952506184577942e-02
5.490435287356376648e-02 1.718523539602756500e-02
4.860982671380043030e-02 1.605269685387611389e-02
4.256059974431991577e-02 1.489635556936264038e-02
3.679966554045677185e-02 1.371968630701303482e-02
3.135965019464492798e-02 1.252394262701272964e-02
2.623567171394824982e-02 1.130030211061239243e-02
2.143126353621482849e-02 1.004685461521148682e-02
1.698736101388931274e-02 8.775393478572368622e-03
1.296688709408044815e-02 7.504583802074193954e-03
9.422998875379562378e-03 6.246563512831926346e-03
6.417841184884309769e-03 5.024401471018791199e-03
4.005687311291694641e-03 3.872619708999991417e-03
2.202636096626520157e-03 2.823028247803449631e-03
9.753496851772069931e-04 1.888693775981664658e-03
2.440959215164184570e-04 1.057067071087658405e-03
-5.149946809979155660e-05 3.123072965536266565e-04
3.792894494836218655e-05 -3.605161036830395460e-04
4.536476335488259792e-04 -9.803603170439600945e-04
1.135681406594812870e-03 -1.572091598063707352e-03
2.068549161776900291e-03 -2.146471524611115456e-03
3.287202445790171623e-03 -2.705017570406198502e-03
5.047925282269716263e-03 -3.280422184616327286e-03
7.571292575448751450e-03 -3.902592463418841362e-03
1.098133064806461334e-02 -4.588739480823278427e-03
1.530902460217475891e-02 -5.340050440281629562e-03
2.048702538013458252e-02 -6.139053963124752045e-03
2.636316046118736267e-02 -6.955115124583244324e-03
3.272988647222518921e-02 -7.753029931336641312e-03
3.939327970147132874e-02 -8.503834716975688934e-03
4.625242576003074646e-02 -9.195515885949134827e-03
5.339367687702178955e-02 -9.848953224718570709e-03
6.081473827362060547e-02 -1.047241035848855972e-02
6.847272813320159912e-02 -1.106851827353239059e-02
7.631720602512359619e-02 -1.163860876113176346e-02
8.429691940546035767e-02 -1.218286529183387756e-02
9.236941486597061157e-02 -1.270099263638257980e-02
1.005105525255203247e-01 -1.319306530058383942e-02
1.087231189012527466e-01 -1.366097666323184967e-02
1.170124635100364685e-01 -1.410740613937377930e-02
1.253664791584014893e-01 -1.453378982841968536e-02
1.337694078683853149e-01 -1.494094729423522949e-02
1.422044038772583008e-01 -1.532910298556089401e-02
1.506557911634445190e-01 -1.569795422255992889e-02
1.591111421585083008e-01 -1.604683138430118561e-02
1.675629168748855591e-01 -1.637492701411247253e-02
1.760106384754180908e-01 -1.668162085115909576e-02
1.844580471515655518e-01 -1.696659624576568604e-02
1.929064393043518066e-01 -1.722952164709568024e-02
2.013575583696365356e-01 -1.747015304863452911e-02
2.098134011030197144e-01 -1.768836192786693573e-02
2.182757854461669922e-01 -1.788411661982536316e-02
2.267460227012634277e-01 -1.805745810270309448e-02
2.352245151996612549e-01 -1.820848323404788971e-02
2.437104731798171997e-01 -1.833726838231086731e-02
2.522024214267730713e-01 -1.844386011362075806e-02
2.606994807720184326e-01 -1.852830499410629272e-02
2.692008614540100098e-01 -1.859065704047679901e-02
2.777057290077209473e-01 -1.863096095621585846e-02
2.862132787704467773e-01 -1.864927448332309723e-02
2.947226464748382568e-01 -1.864564418792724609e-02
3.032329976558685303e-01 -1.862012036144733429e-02
3.117435276508331299e-01 -1.857276260852813721e-02
3.202534019947052002e-01 -1.850361563265323639e-02
3.287617564201354980e-01 -1.841273903846740723e-02
3.372677862644195557e-01 -1.830018498003482819e-02
3.457706272602081299e-01 -1.816600933670997620e-02
3.542694747447967529e-01 -1.801026239991188049e-02
3.627634346485137939e-01 -1.783300191164016724e-02
3.712517023086547852e-01 -1.763428561389446259e-02
3.797334432601928711e-01 -1.741417124867439270e-02
3.882077932357788086e-01 -1.717270910739898682e-02
3.966738879680633545e-01 -1.690996252000331879e-02
4.051309227943420410e-01 -1.662598736584186554e-02
4.135780036449432373e-01 -1.632084697484970093e-02
4.220143258571624756e-01 -1.599459536373615265e-02
4.304389357566833496e-01 -1.564729772508144379e-02
4.388478994369506836e-01 -1.527913752943277359e-02
4.472386837005615234e-01 -1.489007007330656052e-02
4.556162357330322266e-01 -1.447975356131792068e-02
4.639911651611328125e-01 -1.404788438230752945e-02
4.723780453205108643e-01 -1.359449792653322220e-02
4.807934165000915527e-01 -1.312018092721700668e-02
4.892564117908477783e-01 -1.262604817748069763e-02
4.977900683879852295e-01 -1.211359165608882904e-02
5.063951611518859863e-01 -1.158620417118072510e-02
5.150514841079711914e-01 -1.104892604053020477e-02
5.237351059913635254e-01 -1.050695963203907013e-02
5.324246287345886230e-01 -9.965096600353717804e-03
5.411015152931213379e-01 -9.427472949028015137e-03
5.497527122497558594e-01 -8.897250518202781677e-03
5.583739876747131348e-01 -8.376395329833030701e-03
5.669728517532348633e-01 -7.865541614592075348e-03
5.755645036697387695e-01 -7.364437915384769440e-03
5.841491818428039551e-01 -6.873663049191236496e-03
5.927253961563110352e-01 -6.394053809344768524e-03
6.012957096099853516e-01 -5.926191806793212891e-03
6.098634600639343262e-01 -5.470506381243467331e-03
6.184319257736206055e-01 -5.027285311371088028e-03
6.270043253898620605e-01 -4.596685059368610382e-03
6.355830430984497070e-01 -4.178774543106555939e-03
6.441693305969238281e-01 -3.773587057366967201e-03
6.527629494667053223e-01 -3.381190821528434753e-03
6.613626480102539062e-01 -3.001728560775518417e-03
6.699681878089904785e-01 -2.635322511196136475e-03
6.785790324211120605e-01 -2.282089320942759514e-03
6.871949434280395508e-01 -1.942146103829145432e-03
6.958156824111938477e-01 -1.615609624423086643e-03
7.044407129287719727e-01 -1.302597811445593834e-03
7.130692005157470703e-01 -1.003255136311054230e-03
7.217008471488952637e-01 -7.177233346737921238e-04
7.303364872932434082e-01 -4.460898635443300009e-04
7.389774918556213379e-01 -1.883611112134531140e-04
7.476256489753723145e-01 5.555113239097408950e-05
7.562830448150634766e-01 2.858305815607309341e-04
7.649513483047485352e-01 5.027442239224910736e-04
7.736318707466125488e-01 7.066192338243126869e-04
7.823274135589599609e-01 8.978819241747260094e-04
7.910374999046325684e-01 1.076982822269201279e-03
7.997574210166931152e-01 1.244187355041503906e-03
8.084794878959655762e-01 1.399453263729810715e-03
8.171940445899963379e-01 1.542344922199845314e-03
8.258911371231079102e-01 1.672015408985316753e-03
8.345615267753601074e-01 1.787247136235237122e-03
8.431984782218933105e-01 1.886551268398761749e-03
8.517972826957702637e-01 1.968303928151726723e-03
8.603590726852416992e-01 2.030907198786735535e-03
8.688881397247314453e-01 2.072942210361361504e-03
8.773899078369140625e-01 2.093181479722261429e-03
8.858711123466491699e-01 2.090669469907879829e-03
8.943387866020202637e-01 2.064754487946629524e-03
9.027992486953735352e-01 2.015079371631145477e-03
9.112569093704223633e-01 1.941534806974232197e-03
9.197133779525756836e-01 1.844172016717493534e-03
9.281666874885559082e-01 1.723079127259552479e-03
9.366143941879272461e-01 1.578275347128510475e-03
9.450554847717285156e-01 1.409763586707413197e-03
9.534888863563537598e-01 1.217547454871237278e-03
9.619135856628417969e-01 1.001630909740924835e-03
9.661223292350769043e-01 8.847865392453968525e-04
9.745321273803710938e-01 6.333295023068785667e-04
9.829306006431579590e-01 3.581854980438947678e-04
9.913167953491210938e-01 5.935959779890254140e-05
9.996896982192993164e-01 -2.631431270856410265e-04
