Airfoils2D_067
9.989772439002990723e-01 6.934098200872540474e-05
9.909307360649108887e-01 1.057186978869140148e-03
9.828419685363769531e-01 2.018007915467023849e-03
9.747117161750793457e-01 2.953667193651199341e-03
9.665405750274658203e-01 3.866028506308794022e-03
9.542087912559509277e-01 5.194931756705045700e-03
9.459385275840759277e-01 6.057131104171276093e-03
9.376297593116760254e-01 6.902567576617002487e-03
9.292832612991333008e-01 7.733193691819906235e-03
9.208999276161193848e-01 8.550998754799365997e-03
9.124805331230163574e-01 9.358014911413192749e-03
9.040256142616271973e-01 1.015634462237358093e-02
8.955325484275817871e-01 1.094842050224542618e-02
8.870055675506591797e-01 1.173618994653224945e-02
8.784526586532592773e-01 1.252149045467376709e-02
8.698784708976745605e-01 1.330634299665689468e-02
8.612892031669616699e-01 1.409209985285997391e-02
8.526930809020996094e-01 1.487917639315128326e-02
8.440983891487121582e-01 1.566707156598567963e-02
8.355122208595275879e-01 1.645454205572605133e-02
8.269385695457458496e-01 1.723987795412540436e-02
8.183794617652893066e-01 1.802103593945503235e-02
8.098402619361877441e-01 1.879548467695713043e-02
8.013205528259277344e-01 1.956155896186828613e-02
7.928116917610168457e-01 2.031875587999820709e-02
7.843053936958312988e-01 2.106702327728271484e-02
7.757940292358398438e-01 2.180682867765426636e-02
7.672708630561828613e-01 2.253910899162292480e-02
7.587311863899230957e-01 2.326511032879352570e-02
7.501716017723083496e-01 2.398626320064067841e-02
7.415937781333923340e-01 2.470373548567295074e-02
7.330015301704406738e-01 2.541828155517578125e-02
7.243993878364562988e-01 2.613034285604953766e-02
7.157926559448242188e-01 2.683992497622966766e-02
7.071868181228637695e-01 2.754661440849304199e-02
6.985867023468017578e-01 2.824964933097362518e-02
6.899957060813903809e-01 2.894803509116172791e-02
6.814152002334594727e-01 2.964073978364467621e-02
6.728438735008239746e-01 3.032694198191165924e-02
6.642806529998779297e-01 3.100588917732238770e-02
6.557251811027526855e-01 3.167679905891418457e-02
6.471771001815795898e-01 3.233889117836952209e-02
6.386362314224243164e-01 3.299139067530632019e-02
6.301021575927734375e-01 3.363353013992309570e-02
6.215745806694030762e-01 3.426454961299896240e-02
6.130535006523132324e-01 3.488365933299064636e-02
6.045385599136352539e-01 3.549009561538696289e-02
5.960289835929870605e-01 3.608313575387001038e-02
5.875237584114074707e-01 3.666213154792785645e-02
5.790216922760009766e-01 3.722651675343513489e-02
5.705216526985168457e-01 3.777579218149185181e-02
5.620227456092834473e-01 3.830952197313308716e-02
5.535243153572082520e-01 3.882731124758720398e-02
5.450261831283569336e-01 3.932878375053405762e-02
5.365287065505981445e-01 3.981351107358932495e-02
5.280320644378662109e-01 4.028107598423957825e-02
5.195362567901611328e-01 4.073107242584228516e-02
5.110414028167724609e-01 4.116307571530342102e-02
5.025475025177001953e-01 4.157667979598045349e-02
4.940547347068786621e-01 4.197147488594055176e-02
4.855630993843078613e-01 4.234705865383148193e-02
4.770727157592773438e-01 4.270301386713981628e-02
4.685835838317871094e-01 4.303893819451332092e-02
4.600957036018371582e-01 4.335442557930946350e-02
4.516089260578155518e-01 4.364909604191780090e-02
4.431231617927551270e-01 4.392258077859878540e-02
4.346384108066558838e-01 4.417453333735466003e-02
4.261547327041625977e-01 4.440461844205856323e-02
4.176723957061767578e-01 4.461251199245452881e-02
4.091917276382446289e-01 4.479789733886718750e-02
4.007132351398468018e-01 4.496045410633087158e-02
3.922373354434967041e-01 4.509986191987991333e-02
3.837644457817077637e-01 4.521580040454864502e-02
3.752949237823486328e-01 4.530794918537139893e-02
3.668291866779327393e-01 4.537599533796310425e-02
3.583676218986511230e-01 4.541962221264839172e-02
3.499106168746948242e-01 4.543851315975189209e-02
3.414581716060638428e-01 4.543237388134002686e-02
3.330107629299163818e-01 4.540090262889862061e-02
3.245693147182464600e-01 4.534380882978439331e-02
3.161353170871734619e-01 4.526073858141899109e-02
3.077104389667510986e-01 4.515127465128898621e-02
2.992964982986450195e-01 4.501491412520408630e-02
2.908952236175537109e-01 4.485107958316802979e-02
2.825080156326293945e-01 4.465911537408828735e-02
2.741358876228332520e-01 4.443833604454994202e-02
2.657790780067443848e-01 4.418804869055747986e-02
2.574381232261657715e-01 4.390759021043777466e-02
2.491135001182556152e-01 4.359629750251770020e-02
2.408057898283004761e-01 4.325351864099502563e-02
2.325155287981033325e-01 4.287861287593841553e-02
2.242432534694671631e-01 4.247093200683593750e-02
2.159892469644546509e-01 4.202982038259506226e-02
2.077516317367553711e-01 4.155454412102699280e-02
1.995311081409454346e-01 4.104464873671531677e-02
1.913323998451232910e-01 4.049980640411376953e-02
1.831633746623992920e-01 3.991958871483802795e-02
1.750340312719345093e-01 3.930324688553810120e-02
1.669553220272064209e-01 3.864963725209236145e-02
1.589379757642745972e-01 3.795712441205978394e-02
1.509910821914672852e-01 3.722367435693740845e-02
1.431206613779067993e-01 3.644686192274093628e-02
1.353284865617752075e-01 3.562409803271293640e-02
1.276171356439590454e-01 3.475307300686836243e-02
1.199896857142448425e-01 3.383161872625350952e-02
1.124489977955818176e-01 3.285764530301094055e-02
1.049977317452430725e-01 3.182912245392799377e-02
9.763823449611663818e-02 3.074407950043678284e-02
9.037127345800399780e-02 2.960032038390636444e-02
8.318952471017837524e-02 2.839424274861812592e-02
7.609678059816360474e-02 2.712482213973999023e-02
6.911178678274154663e-02 2.579355984926223755e-02
6.226555630564689636e-02 2.440353669226169586e-02
5.559680983424186707e-02 2.295836806297302246e-02
4.914683848619461060e-02 2.146129123866558075e-02
4.295441508293151855e-02 1.991452276706695557e-02
3.704357892274856567e-02 1.831601560115814209e-02
3.140534833073616028e-02 1.665401458740234375e-02
2.605960704386234283e-02 1.493278332054615021e-02
2.106528915464878082e-02 1.317301671952009201e-02
1.647953689098358154e-02 1.139086019247770309e-02
1.233779173344373703e-02 9.584005922079086304e-03
8.730820380151271820e-03 7.797758560627698898e-03
5.750139243900775909e-03 6.100781727582216263e-03
3.440863918513059616e-03 4.556473810225725174e-03
1.779833342880010605e-03 3.204587614163756371e-03
6.833517109043896198e-04 2.054859185591340065e-03
7.953827298479154706e-05 1.098871813155710697e-03
-1.147734801634214818e-04 3.036046982742846012e-04
-8.002984941413160414e-06 -3.945817879866808653e-04
3.024879551958292723e-04 -1.070422353222966194e-03
8.102881838567554951e-04 -1.744902692735195160e-03
1.565147773362696171e-03 -2.432612236589193344e-03
2.691368572413921356e-03 -3.154710866510868073e-03
4.317170940339565277e-03 -3.921328112483024597e-03
6.512387190014123917e-03 -4.724104888737201691e-03
9.313520044088363647e-03 -5.548489745706319809e-03
1.283793989568948746e-02 -6.380071397870779037e-03
1.717249862849712372e-02 -7.199743296951055527e-03
2.230517007410526276e-02 -7.982909679412841797e-03
2.815633453428745270e-02 -8.709284476935863495e-03
3.464307263493537903e-02 -9.375338442623615265e-03
4.168532043695449829e-02 -9.989603422582149506e-03
4.914391413331031799e-02 -1.055226661264896393e-02
5.683235079050064087e-02 -1.105387881398200989e-02
6.461076438426971436e-02 -1.148812752217054367e-02
7.247655838727951050e-02 -1.186116505414247513e-02
8.042877912521362305e-02 -1.217915210872888565e-02
8.844756335020065308e-02 -1.244486216455698013e-02
9.653122723102569580e-02 -1.266149710863828659e-02
1.046896055340766907e-01 -1.283340342342853546e-02
1.129205524921417236e-01 -1.296485867351293564e-02
1.212150007486343384e-01 -1.305966172367334366e-02
1.295614838600158691e-01 -1.312108151614665985e-02
1.379477679729461670e-01 -1.315173506736755371e-02
1.463625133037567139e-01 -1.315358653664588928e-02
1.547971516847610474e-01 -1.312805525958538055e-02
1.632480919361114502e-01 -1.307625137269496918e-02
1.717171072959899902e-01 -1.299935951828956604e-02
1.802038550376892090e-01 -1.289873383939266205e-02
1.887060552835464478e-01 -1.277567539364099503e-02
1.972211748361587524e-01 -1.263137347996234894e-02
2.057468146085739136e-01 -1.246688421815633774e-02
2.142809629440307617e-01 -1.228312030434608459e-02
2.228222191333770752e-01 -1.208087243139743805e-02
2.313701659440994263e-01 -1.186084561049938202e-02
2.399254292249679565e-01 -1.162371877580881119e-02
2.484884709119796753e-01 -1.137021649628877640e-02
2.570594847202301025e-01 -1.110107824206352234e-02
2.656385898590087891e-01 -1.081704907119274139e-02
2.742260098457336426e-01 -1.051888149231672287e-02
2.828218340873718262e-01 -1.020733080804347992e-02
2.914263010025024414e-01 -9.883160702884197235e-03
3.000394999980926514e-01 -9.547136723995208740e-03
3.086616098880767822e-01 -9.200037457048892975e-03
3.172928392887115479e-01 -8.842639625072479248e-03
3.259332776069641113e-01 -8.475730195641517639e-03
3.345831632614135742e-01 -8.100100792944431305e-03
3.432425558567047119e-01 -7.716553285717964172e-03
3.519116938114166260e-01 -7.325886748731136322e-03
3.605907261371612549e-01 -6.928915157914161682e-03
3.692798316478729248e-01 -6.526452954858541489e-03
3.779795169830322266e-01 -6.119308993220329285e-03
3.866911828517913818e-01 -5.708250217139720917e-03
3.954141438007354736e-01 -5.294158589094877243e-03
4.041455090045928955e-01 -4.878022242337465286e-03
4.128811061382293701e-01 -4.460897296667098999e-03
4.216160774230957031e-01 -4.043874330818653107e-03
4.303456544876098633e-01 -3.628041129559278488e-03
4.390659034252166748e-01 -3.214440774172544479e-03
4.477742612361907959e-01 -2.804043004289269447e-03
4.564702808856964111e-01 -2.397711854428052902e-03
4.651553928852081299e-01 -1.996219623833894730e-03
4.738298654556274414e-01 -1.600400195457041264e-03
4.824937880039215088e-01 -1.211098395287990570e-03
4.911473393440246582e-01 -8.291637059301137924e-04
4.997907876968383789e-01 -4.554452025331556797e-04
5.084234476089477539e-01 -9.084455086849629879e-05
5.170451998710632324e-01 2.636638528201729059e-04
5.256583094596862793e-01 6.072598625905811787e-04
5.342670679092407227e-01 9.394117514602839947e-04
5.428766012191772461e-01 1.259958487935364246e-03
5.514923930168151855e-01 1.569138141348958015e-03
5.601194500923156738e-01 1.867561950348317623e-03
5.687614679336547852e-01 2.156136557459831238e-03
5.774210095405578613e-01 2.435972448438405991e-03
5.860978960990905762e-01 2.708234824240207672e-03
5.947890281677246094e-01 2.973882248625159264e-03
6.034906506538391113e-01 3.233659546822309494e-03
6.121983528137207031e-01 3.488002577796578407e-03
6.209071874618530273e-01 3.737001912668347359e-03
6.296128034591674805e-01 3.980419132858514786e-03
6.383116245269775391e-01 4.217748064547777176e-03
6.470019221305847168e-01 4.448326770216226578e-03
6.556841731071472168e-01 4.671498201787471771e-03
6.643595099449157715e-01 4.886705428361892700e-03
6.730281114578247070e-01 5.093395244330167770e-03
6.816900372505187988e-01 5.291014444082975388e-03
6.903454661369323730e-01 5.479014478623867035e-03
6.989944577217102051e-01 5.656849127262830734e-03
7.076371908187866211e-01 5.823975894600152969e-03
7.162739634513854980e-01 5.979863461107015610e-03
7.249051332473754883e-01 6.124002393335103989e-03
7.335303425788879395e-01 6.255866028368473053e-03
7.421487569808959961e-01 6.374871823936700821e-03
7.507591247558593750e-01 6.480360869318246841e-03
7.593600749969482422e-01 6.571586243808269501e-03
7.679502964019775391e-01 6.647718138992786407e-03
7.765284776687622070e-01 6.707859225571155548e-03
7.850939035415649414e-01 6.751075387001037598e-03
7.936462759971618652e-01 6.776434835046529770e-03
8.021856546401977539e-01 6.783037446439266205e-03
8.107116222381591797e-01 6.769993808120489120e-03
8.192239999771118164e-01 6.736424751579761505e-03
8.277223706245422363e-01 6.681457627564668655e-03
8.362066149711608887e-01 6.604228634387254715e-03
8.446762561798095703e-01 6.503881420940160751e-03
8.531305789947509766e-01 6.379574071615934372e-03
8.615686893463134766e-01 6.230411119759082794e-03
8.699915409088134766e-01 6.055474746972322464e-03
8.784015774726867676e-01 5.853948183357715607e-03
8.868020176887512207e-01 5.625206045806407928e-03
8.951964974403381348e-01 5.368872545659542084e-03
9.035881757736206055e-01 5.084834992885589600e-03
9.119796156883239746e-01 4.773228894919157028e-03
9.203719496726989746e-01 4.434383008629083633e-03
9.287645220756530762e-01 4.068732261657714844e-03
9.371558427810668945e-01 3.676675725728273392e-03
9.455454945564270020e-01 3.258568467572331429e-03
9.539328813552856445e-01 2.814765321090817451e-03
9.623174667358398438e-01 2.345624146983027458e-03
9.665085673332214355e-01 2.101664198562502861e-03
9.748880863189697266e-01 1.595191424712538719e-03
9.832634925842285156e-01 1.064282376319169998e-03
9.916342496871948242e-01 5.092966021038591862e-04
9.999999403953552246e-01 -6.940591993043199182e-05
