Airfoils2D_135
9.999954757543322303e-01 4.041716477565380139e-04
9.915379422704916346e-01 8.256221964931605324e-04
9.830708598442547963e-01 1.234857429882781294e-03
9.745942943877030640e-01 1.633338291611051516e-03
9.661083123645661797e-01 2.022534856845243072e-03
9.576129405275481954e-01 2.403928190042706452e-03
9.491082127227387089e-01 2.779008222712232683e-03
9.405942679055556699e-01 3.149269672013639294e-03
9.320711740350368091e-01 3.516219904570223962e-03
9.235389868259024082e-01 3.881376308608172621e-03
9.150008086426810738e-01 4.246135619863611668e-03
9.064698778177153748e-01 4.611466679429554114e-03
8.979479705644138887e-01 4.978821515986857869e-03
8.894351549238117549e-01 5.349715589151214472e-03
8.809316038494601209e-01 5.725650192998444146e-03
8.724372854740500838e-01 6.108126140365658513e-03
8.639521919595378741e-01 6.498634094143230198e-03
8.554697136617597231e-01 6.898594330127911199e-03
8.469826011064833793e-01 7.307880564272794394e-03
8.384906795713005234e-01 7.725616410360991101e-03
8.299939206575946971e-01 8.150915202346772914e-03
8.214922591229172344e-01 8.582888720400271010e-03
8.129856269092164966e-01 9.020645562650680266e-03
8.044738944736884445e-01 9.463294200994728372e-03
7.959570620515995509e-01 9.909933015207378001e-03
7.874350638300596783e-01 1.035966038855089429e-02
7.789078338223558440e-01 1.081157132265334921e-02
7.703752703828109505e-01 1.126475930760138279e-02
7.618418972771737741e-01 1.171806883897810216e-02
7.533136239075739482e-01 1.217027038925974289e-02
7.447905184332018758e-01 1.262044782972114934e-02
7.362725667194032209e-01 1.306769285574276712e-02
7.277596517904459938e-01 1.351110598524724038e-02
7.192499652534126708e-01 1.394997181491649391e-02
7.107414533992839623e-01 1.438402319445360351e-02
7.022340871175708488e-01 1.481301442294809083e-02
6.937278690077404164e-01 1.523669842741189745e-02
6.852227905069752101e-01 1.565482893794086297e-02
6.767188530876453445e-01 1.606715942882729758e-02
6.682160605670574016e-01 1.647344351612857125e-02
6.597144283059220848e-01 1.687343453686329306e-02
6.512139415254045716e-01 1.726688750732811167e-02
6.427146017209026674e-01 1.765355691262422005e-02
6.342164103899751160e-01 1.803319748974183817e-02
6.257193822607426403e-01 1.840556365335671921e-02
6.172235106250976155e-01 1.877041102784971979e-02
6.087287918946316934e-01 1.912749533116703954e-02
6.002352275599299736e-01 1.947657230744408510e-02
5.917428237425559345e-01 1.981739776794177663e-02
5.832515906645138193e-01 2.014972763466600300e-02
5.747615163521492265e-01 2.047331895128335494e-02
5.662726022613784327e-01 2.078792846573288000e-02
5.577848498348475514e-01 2.109331317595967287e-02
5.492982733910650728e-01 2.138922988743824014e-02
5.408128662794408070e-01 2.167543640916162404e-02
5.323286249994942931e-01 2.195169066206601599e-02
5.238455509201579430e-01 2.221775064264516070e-02
5.153636475826091079e-01 2.247337453107841818e-02
5.068829293955469106e-01 2.271832045913766904e-02
4.984033823024633381e-01 2.295234764099349234e-02
4.899250075637812119e-01 2.317521506611956369e-02
4.814478064072553187e-01 2.338668197086006539e-02
4.729717878425183653e-01 2.358650765909780719e-02
4.644969545617239626e-01 2.377445185960633950e-02
4.560232944793065069e-01 2.395027485185872648e-02
4.475487940841972878e-01 2.411387626136943241e-02
4.390706126044321977e-01 2.426571351942259300e-02
4.305886583243853649e-01 2.440637347809620702e-02
4.221029540661801471e-01 2.453644241844414597e-02
4.136135142900039807e-01 2.465650829999479696e-02
4.051203423616481780e-01 2.476716074044715832e-02
3.966234348907972662e-01 2.486899090646566002e-02
3.881227648148118381e-01 2.496259166485281442e-02
3.796183728064063678e-01 2.504855660425215486e-02
3.711102625311140102e-01 2.512748126148392144e-02
3.625984377038454221e-01 2.519996266305193217e-02
3.540828684077232391e-01 2.526659958237741435e-02
3.455635796442058094e-01 2.532799183319367486e-02
3.370405873064487579e-01 2.538474084880369686e-02
3.285138952275361568e-01 2.543744966884744357e-02
3.199835080257247277e-01 2.548672284083827733e-02
3.114577962198145644e-01 2.553271771424564865e-02
3.029495083673893197e-01 2.557319940939935601e-02
2.944589908545092727e-01 2.560516400740929510e-02
2.859862407638879556e-01 2.562564569634698600e-02
2.775314526081841260e-01 2.563171564117884549e-02
2.690944211673042541e-01 2.562048216727537756e-02
2.606751429999952796e-01 2.558908881688526718e-02
2.522736160090688906e-01 2.553471448008619651e-02
2.438898367834337610e-01 2.545457288194922368e-02
2.355238689545300357e-01 2.534591308152128047e-02
2.271757119197062857e-01 2.520601784511750793e-02
2.188452680302335196e-01 2.503220126820588504e-02
2.105325206919155812e-01 2.482181100349281633e-02
2.022374477490311573e-01 2.457222667011119133e-02
1.939600204919119941e-01 2.428085917838082586e-02
1.857002026275630935e-01 2.394515000120853859e-02
1.774399364443585703e-01 2.356253133681035852e-02
1.691488688515435379e-01 2.313482265038030450e-02
1.608254255645603092e-01 2.266715076156239350e-02
1.524692648591765010e-01 2.216483347738520612e-02
1.440799370867533458e-01 2.163331715056321727e-02
1.356569819114402109e-01 2.107818528967810023e-02
1.271999247991718318e-01 2.050516231925651398e-02
1.187080087108940973e-01 1.992009915627548575e-02
1.102223877588441731e-01 1.932996605901958140e-02
1.018125601375214351e-01 1.873151187725061173e-02
9.348013444254282822e-02 1.811244623276092591e-02
8.522452609420021197e-02 1.746096592119300572e-02
7.704514183879773714e-02 1.676587876002558208e-02
6.894135799428290079e-02 1.601656397202177312e-02
6.091249619441780477e-02 1.520293339252976918e-02
5.295779779505904034e-02 1.431539261709347671e-02
4.501094445617601081e-02 1.333923370132739442e-02
3.692274958284540859e-02 1.226902617445754101e-02
2.867146374506050754e-02 1.112570357411344496e-02
2.033392565009868591e-02 9.947152439995676082e-03
1.463473982281666801e-02 9.026191066421775447e-03
1.086349880656451578e-02 8.106957034451365077e-03
7.873596251814479058e-03 7.044778316025034071e-03
5.281826719742266536e-03 5.777453742297099758e-03
3.298066810691135855e-03 4.508635306531634697e-03
1.991992517992901765e-03 3.412385961087410595e-03
1.293135181839612105e-03 2.641562434220947036e-03
7.638935357089860411e-04 1.862469591583085747e-03
4.777757765425475487e-04 1.272904085347653907e-03
2.809238853197977039e-04 6.575102921079601466e-04
1.829212657783398804e-04 1.175695932901588484e-05
1.961969806612120831e-04 -6.679612691122646011e-04
3.238695409132017204e-04 -1.367425518058996980e-03
6.053632883478293758e-04 -2.198599687953552932e-03
1.045064515688461180e-03 -3.066303102608990139e-03
1.641625704175626518e-03 -3.911368997551003743e-03
2.392871276794625822e-03 -4.694341714901981676e-03
3.434287484537756549e-03 -5.497675145225431118e-03
4.906442155730018732e-03 -6.330594021831778724e-03
7.761867305085592625e-03 -7.505753516125535964e-03
1.362572645168051017e-02 -9.521123907821659252e-03
1.980752493121842525e-02 -1.133981773060424580e-02
2.622891142740636783e-02 -1.294406412428843016e-02
3.292311362672496744e-02 -1.435844745517066319e-02
3.993275441065521209e-02 -1.561271130511414362e-02
4.729694982988851687e-02 -1.674194104676289888e-02
5.507158420593200043e-02 -1.779386959613091929e-02
6.330180715970697147e-02 -1.883018516682375895e-02
7.168373908836941921e-02 -1.986462333435152008e-02
8.002216520538545097e-02 -2.087298630118281789e-02
8.831746907658903634e-02 -2.184699568641358669e-02
9.656996758599058206e-02 -2.277866317155199244e-02
1.047799243927516055e-01 -2.366028067310406435e-02
1.129475642781182926e-01 -2.448441158132287285e-02
1.210730882422282467e-01 -2.524388266217264185e-02
1.291583271935189403e-01 -2.593192007136162908e-02
1.372496976047098971e-01 -2.654849243008789925e-02
1.453724661156902687e-01 -2.709872885739636819e-02
1.535265713423714373e-01 -2.758673827325719419e-02
1.617119275186893190e-01 -2.801671467481896272e-02
1.699284323085201998e-01 -2.839294077411457298e-02
1.781759622021442391e-01 -2.871979079937037743e-02
1.864543765945860243e-01 -2.900173368034020954e-02
1.947630836971514234e-01 -2.924332185317013791e-02
2.030898694913765845e-01 -2.944808039938092564e-02
2.114276808943530706e-01 -2.961774156895329371e-02
2.197765219821668781e-01 -2.975394560661826990e-02
2.281364202539543085e-01 -2.985834497981167124e-02
2.365072843958143101e-01 -2.993260312519567534e-02
2.448890885014451402e-01 -2.997839734016822730e-02
2.532818047837432363e-01 -2.999741769860972060e-02
2.616854038766583956e-01 -2.999136719333779164e-02
2.700998803152649397e-01 -2.996196174876237378e-02
2.785252651646917266e-01 -2.991092994858844667e-02
2.869614414726536777e-01 -2.984001454729868011e-02
2.954083763049703548e-01 -2.975097154107392283e-02
3.038660364429272009e-01 -2.964557046350554601e-02
3.123344030395580062e-01 -2.952559428292772167e-02
3.208135439884070017e-01 -2.939283823726877853e-02
3.293030983203948381e-01 -2.924911773828615599e-02
3.377958372842156942e-01 -2.909589448393790426e-02
3.462870626224224258e-01 -2.893326728593375793e-02
3.547767510035171323e-01 -2.876103110024076995e-02
3.632648870257313423e-01 -2.857898092325909800e-02
3.717514624716790061e-01 -2.838691176350615838e-02
3.802364617340552866e-01 -2.818461895401545153e-02
3.887198692366253816e-01 -2.797189800576870347e-02
3.972016561183777661e-01 -2.774854496657038275e-02
4.056818187078283233e-01 -2.751435541950461583e-02
4.141603430576809575e-01 -2.726912536917903626e-02
4.226372137329009182e-01 -2.701265103599792897e-02
4.311124120240251711e-01 -2.674472892360139561e-02
4.395859145849794203e-01 -2.646515588749556724e-02
4.480577174578710964e-01 -2.617372832512814343e-02
4.565278053762641397e-01 -2.587024315997427451e-02
4.649962232285776986e-01 -2.555449538265440815e-02
4.734653124064436835e-01 -2.522634747197140606e-02
4.819366967598959772e-01 -2.488612721552575791e-02
4.904103873131157032e-01 -2.453430139828166601e-02
4.988864069431828141e-01 -2.417133728117085503e-02
5.073647784863826171e-01 -2.379770305629562085e-02
5.158455532097044882e-01 -2.341386654484091390e-02
5.243287316123830255e-01 -2.302029876022914853e-02
5.328143305163062227e-01 -2.261747097343004206e-02
5.413023726765986421e-01 -2.220585513082438262e-02
5.497928913153550257e-01 -2.178592359923588531e-02
5.582859238216879572e-01 -2.135814944238858051e-02
5.667814681107374852e-01 -2.092300866517273969e-02
5.752795469741589507e-01 -2.048097700419583903e-02
5.837801832283835424e-01 -2.003253114746959829e-02
5.922834321891932152e-01 -1.957814699091962526e-02
6.007892885278289796e-01 -1.911830460664302317e-02
6.092977711481742942e-01 -1.865348376809378844e-02
6.178089030171319829e-01 -1.818416499480914744e-02
6.263227296004111322e-01 -1.771082851499844804e-02
6.348392667246453014e-01 -1.723395715513038537e-02
6.433585225459489410e-01 -1.675403516038050447e-02
6.518805202456378067e-01 -1.627154691483670423e-02
6.604052990671772649e-01 -1.578697686140329709e-02
6.689328889146450852e-01 -1.530081094271703267e-02
6.774632908021084310e-01 -1.481353773398005370e-02
6.859964677292150759e-01 -1.432564897443428832e-02
6.945293177539182405e-01 -1.383781254077732017e-02
7.030593324876275307e-01 -1.335066227738626599e-02
7.115865472875402276e-01 -1.286468564895633035e-02
7.201109855193222886e-01 -1.238036982593368994e-02
7.286326624175825106e-01 -1.189820146013309717e-02
7.371515795098704249e-01 -1.141866698710997628e-02
7.456677899985404423e-01 -1.094224895313287635e-02
7.541813170044069370e-01 -1.046943063965609030e-02
7.626921835935225324e-01 -1.000069436282340074e-02
7.712003761887378239e-01 -9.536523461621888159e-03
7.797059542675891519e-01 -9.077396301731365316e-03
7.882089410731750734e-01 -8.623792292267935464e-03
7.967093594880081397e-01 -8.176189902860673750e-03
8.052072086376032001e-01 -7.735067870164597480e-03
8.137025230376808693e-01 -7.300902103550045881e-03
8.221953377463446788e-01 -6.874167566618555499e-03
8.306856755396163638e-01 -6.455338915338931956e-03
8.391735518533605109e-01 -6.044890209465774399e-03
8.476589692789735508e-01 -5.643295133767546948e-03
8.561419783136334782e-01 -5.251024149771080056e-03
8.646226017278970666e-01 -4.868548133634288851e-03
8.731008623091117693e-01 -4.496337023451258720e-03
8.815767615279346270e-01 -4.134860717990030028e-03
8.900503312571468317e-01 -3.784586833615319074e-03
8.985216069449268872e-01 -3.445981960424112939e-03
9.069906115316496154e-01 -3.119512304195402007e-03
9.154573680181288253e-01 -2.805643145605849018e-03
9.239218696677293785e-01 -2.504839879051699077e-03
9.323841667779169118e-01 -2.217564899958893426e-03
9.408442855094716339e-01 -1.944280621963875421e-03
9.493022492089677744e-01 -1.685448652463864818e-03
9.577580800909180070e-01 -1.441529725226664950e-03
9.662117727046326543e-01 -1.212984385973079086e-03
9.746633813140560543e-01 -1.000270616902960508e-03
9.831129297890015550e-01 -8.038464125524126839e-04
9.915604421587430606e-01 -6.241688763955691036e-04
1.000005942624401012e+00 -4.616942258392436969e-04
