Airfoils2D_132
1.000000000000000000e+00 5.078663234598934650e-04
9.915733933448791504e-01 8.201400050893425941e-04
9.831403493881225586e-01 1.151244505308568478e-03
9.747006893157958984e-01 1.500158105045557022e-03
9.662543535232543945e-01 1.865859609097242355e-03
9.535720348358154297e-01 2.443659584969282150e-03
9.451083540916442871e-01 2.846873365342617035e-03
9.366376399993896484e-01 3.263297257944941521e-03
9.281595349311828613e-01 3.691895166411995888e-03
9.196740984916687012e-01 4.131623078137636185e-03
9.111811518669128418e-01 4.581431858241558075e-03
9.026805162429809570e-01 5.040266551077365875e-03
8.941720724105834961e-01 5.507064517587423325e-03
8.856552243232727051e-01 5.980773363262414932e-03
8.771285414695739746e-01 6.460226140916347504e-03
8.685929775238037109e-01 6.944084540009498596e-03
8.600520491600036621e-01 7.431187666952610016e-03
8.515106439590454102e-01 7.920843549072742462e-03
8.429744839668273926e-01 8.413002826273441315e-03
8.344489932060241699e-01 8.908336982131004333e-03
8.259390592575073242e-01 9.408214129507541656e-03
8.174481391906738281e-01 9.914546273648738861e-03
8.089788556098937988e-01 1.042965427041053772e-02
8.005288839340209961e-01 1.095614768564701080e-02
7.920936942100524902e-01 1.149630267173051834e-02
7.836663722991943359e-01 1.205179281532764435e-02
7.752389907836914062e-01 1.262342743575572968e-02
7.668031454086303711e-01 1.321098674088716507e-02
7.583507895469665527e-01 1.381327304989099503e-02
7.498745918273925781e-01 1.442828029394149780e-02
7.413761019706726074e-01 1.505285408347845078e-02
7.328623533248901367e-01 1.568340323865413666e-02
7.243394851684570312e-01 1.631673239171504974e-02
7.158129811286926270e-01 1.695006899535655975e-02
7.072875499725341797e-01 1.758121699094772339e-02
6.987662315368652344e-01 1.820868253707885742e-02
6.902499794960021973e-01 1.883168332278728485e-02
6.817367076873779297e-01 1.945012062788009644e-02
6.732228398323059082e-01 2.006425708532333374e-02
6.647092103958129883e-01 2.067402005195617676e-02
6.561961174011230469e-01 2.127924561500549316e-02
6.476836800575256348e-01 2.187978290021419525e-02
6.391718387603759766e-01 2.247548475861549377e-02
6.306605935096740723e-01 2.306620590388774872e-02
6.221498847007751465e-01 2.365179359912872314e-02
6.136397719383239746e-01 2.423210442066192627e-02
6.051301956176757812e-01 2.480698749423027039e-02
5.966211557388305664e-01 2.537629939615726471e-02
5.881127119064331055e-01 2.593988925218582153e-02
5.796047449111938477e-01 2.649760805070400238e-02
5.710973143577575684e-01 2.704931981861591339e-02
5.625903606414794922e-01 2.759486623108386993e-02
5.540838837623596191e-01 2.813409827649593353e-02
5.455779433250427246e-01 2.866688370704650879e-02
5.370724201202392578e-01 2.919306419789791107e-02
5.285673737525939941e-01 2.971249446272850037e-02
5.200627446174621582e-01 3.022503294050693512e-02
5.115585923194885254e-01 3.073052689433097839e-02
5.030548572540283203e-01 3.122883662581443787e-02
4.945515692234039307e-01 3.171981126070022583e-02
4.860486686229705811e-01 3.220331296324729919e-02
4.775460064411163330e-01 3.267919644713401794e-02
4.690432548522949219e-01 3.314739093184471130e-02
4.605408310890197754e-01 3.360776603221893311e-02
4.520395994186401367e-01 3.406008332967758179e-02
4.435408711433410645e-01 3.450394794344902039e-02
4.350460171699523926e-01 3.493877872824668884e-02
4.265564382076263428e-01 3.536381572484970093e-02
4.180732071399688721e-01 3.577816858887672424e-02
4.095969200134277344e-01 3.618084266781806946e-02
4.011276066303253174e-01 3.657084703445434570e-02
3.926648199558258057e-01 3.694723546504974365e-02
3.842085003852844238e-01 3.730909153819084167e-02
3.757585883140563965e-01 3.765548393130302429e-02
3.673150837421417236e-01 3.798549622297286987e-02
3.588778972625732422e-01 3.829821944236755371e-02
3.504469990730285645e-01 3.859273716807365417e-02
3.420222401618957520e-01 3.886815905570983887e-02
3.336030542850494385e-01 3.912362456321716309e-02
3.251895308494567871e-01 3.935831785202026367e-02
3.167827725410461426e-01 3.957131132483482361e-02
3.083844482898712158e-01 3.976150974631309509e-02
2.999966144561767578e-01 3.992757946252822876e-02
2.916214764118194580e-01 4.006795212626457214e-02
2.832609713077545166e-01 4.018085077404975891e-02
2.749165594577789307e-01 4.026434198021888733e-02
2.665889263153076172e-01 4.031641781330108643e-02
2.582777738571166992e-01 4.033514484763145447e-02
2.499831914901733398e-01 4.031864553689956665e-02
2.417053729295730591e-01 4.026507213711738586e-02
2.334444969892501831e-01 4.017259180545806885e-02
2.252007573843002319e-01 4.003939777612686157e-02
2.169743627309799194e-01 3.986369818449020386e-02
2.087654918432235718e-01 3.964372724294662476e-02
2.005738765001296997e-01 3.937773406505584717e-02
1.923994123935699463e-01 3.906402364373207092e-02
1.842428743839263916e-01 3.870095312595367432e-02
1.761058866977691650e-01 3.828683122992515564e-02
1.679907143115997314e-01 3.781985118985176086e-02
1.599000990390777588e-01 3.729807212948799133e-02
1.518370062112808228e-01 3.671940043568611145e-02
1.438042670488357544e-01 3.608162328600883484e-02
1.358022540807723999e-01 3.538224846124649048e-02
1.278306543827056885e-01 3.461904823780059814e-02
1.198947280645370483e-01 3.379046171903610229e-02
1.120044738054275513e-01 3.289490193128585815e-02
1.041725352406501770e-01 3.193020075559616089e-02
9.641245007514953613e-02 3.089329600334167480e-02
8.873713016510009766e-02 2.978008612990379333e-02
8.115698397159576416e-02 2.858546562492847443e-02
7.366605103015899658e-02 2.730073034763336182e-02
6.624788790941238403e-02 2.591685391962528229e-02
5.892955511808395386e-02 2.443508803844451904e-02
5.177245661616325378e-02 2.286174520850181580e-02
4.485367611050605774e-02 2.120352722704410553e-02
3.825179859995841980e-02 1.946491934359073639e-02
3.203301131725311279e-02 1.764602027833461761e-02
2.623023092746734619e-02 1.573529280722141266e-02
2.072544023394584656e-02 1.363450568169355392e-02
1.561870705336332321e-02 1.140178553760051727e-02
1.109421253204345703e-02 9.177530184388160706e-03
7.317779585719108582e-03 7.100409362465143204e-03
4.383838735520839691e-03 5.270862486213445663e-03
2.312411088496446609e-03 3.762015374377369881e-03
1.034302404150366783e-03 2.587603405117988586e-03
3.944434865843504667e-04 1.704944530501961708e-03
1.525037223473191261e-04 1.009237137623131275e-03
3.279549673607107252e-06 3.425090399105101824e-04
-4.356778299552388489e-05 -3.077783330809324980e-04
2.347883491893298924e-05 -9.113427950069308281e-04
2.298267500009387732e-04 -1.499823061749339104e-03
5.940975388512015343e-04 -2.101498655974864960e-03
1.131377648562192917e-03 -2.721734344959259033e-03
1.777354627847671509e-03 -3.353014355525374413e-03
2.743955003097653389e-03 -4.025292117148637772e-03
4.428778775036334991e-03 -4.784699995070695877e-03
7.084560580551624298e-03 -5.634982604533433914e-03
1.083942130208015442e-02 -6.567217409610748291e-03
1.567368954420089722e-02 -7.527613546699285507e-03
2.149349451065063477e-02 -8.486812934279441833e-03
2.808301337063312531e-02 -9.386309422552585602e-03
3.517245128750801086e-02 -1.016686484217643738e-02
4.251504316926002502e-02 -1.078918576240539551e-02
5.013636499643325806e-02 -1.129316911101341248e-02
5.810536444187164307e-02 -1.173563860356807709e-02
6.631691753864288330e-02 -1.213872432708740234e-02
7.462393492460250854e-02 -1.251121703535318375e-02
8.290759474039077759e-02 -1.284960750490427017e-02
9.109675139188766479e-02 -1.314209122210741043e-02
9.920534491539001465e-02 -1.337489858269691467e-02
1.072997748851776123e-01 -1.354219298809766769e-02
1.154709458351135254e-01 -1.365460548549890518e-02
1.237562820315361023e-01 -1.373100373893976212e-02
1.321589797735214233e-01 -1.379178930073976517e-02
1.406516730785369873e-01 -1.385407801717519760e-02
1.491830796003341675e-01 -1.392710674554109573e-02
1.577246785163879395e-01 -1.401302870362997055e-02
1.662644445896148682e-01 -1.410865783691406250e-02
1.748110949993133545e-01 -1.420762296766042709e-02
1.833517104387283325e-01 -1.430379971861839294e-02
1.918741166591644287e-01 -1.439284346997737885e-02
2.003752887248992920e-01 -1.447137258946895599e-02
2.088586986064910889e-01 -1.453714352101087570e-02
2.173350900411605835e-01 -1.458915229886770248e-02
2.258148491382598877e-01 -1.462745945900678635e-02
2.343033105134963989e-01 -1.465290598571300507e-02
2.428021430969238281e-01 -1.466674730181694031e-02
2.513091564178466797e-01 -1.467015407979488373e-02
2.598237693309783936e-01 -1.466408744454383850e-02
2.683459520339965820e-01 -1.464950200170278549e-02
2.768757343292236328e-01 -1.462736260145902634e-02
2.854131162166595459e-01 -1.459863409399986267e-02
2.939581871032714844e-01 -1.456428971141576767e-02
3.025114536285400391e-01 -1.452530641108751297e-02
3.110729157924652100e-01 -1.448272075504064560e-02
3.196426630020141602e-01 -1.443770527839660645e-02
3.282189369201660156e-01 -1.439131516963243484e-02
3.367985486984252930e-01 -1.434426568448543549e-02
3.453774154186248779e-01 -1.429677661508321762e-02
3.539511859416961670e-01 -1.424848940223455429e-02
3.625160157680511475e-01 -1.419848669320344925e-02
3.710690438747406006e-01 -1.414537988603115082e-02
3.796082139015197754e-01 -1.408746279776096344e-02
3.881327509880065918e-01 -1.402285229414701462e-02
3.966451287269592285e-01 -1.394986733794212341e-02
4.051487445831298828e-01 -1.386715751141309738e-02
4.136477708816528320e-01 -1.377384550869464874e-02
4.221467673778533936e-01 -1.366960909217596054e-02
4.306499063968658447e-01 -1.355468295514583588e-02
4.391607046127319336e-01 -1.342980191111564636e-02
4.476811587810516357e-01 -1.329608540982007980e-02
4.562104642391204834e-01 -1.315477397292852402e-02
4.647465646266937256e-01 -1.300689857453107834e-02
4.732881188392639160e-01 -1.285329181700944901e-02
4.818335175514221191e-01 -1.269459445029497147e-02
4.903812706470489502e-01 -1.253125350922346115e-02
4.989300966262817383e-01 -1.236352790147066116e-02
5.074793696403503418e-01 -1.219154801219701767e-02
5.160291194915771484e-01 -1.201538089662790298e-02
5.245796442031860352e-01 -1.183512713760137558e-02
5.331310629844665527e-01 -1.165091991424560547e-02
5.416833162307739258e-01 -1.146288868039846420e-02
5.502364635467529297e-01 -1.127116288989782333e-02
5.587905049324035645e-01 -1.107587572187185287e-02
5.673453807830810547e-01 -1.087715756148099899e-02
5.759012103080749512e-01 -1.067513879388570786e-02
5.844578742980957031e-01 -1.046995073556900024e-02
5.930154919624328613e-01 -1.026172656565904617e-02
6.015740036964416504e-01 -1.005059573799371719e-02
6.101334095001220703e-01 -9.836690500378608704e-03
6.186937689781188965e-01 -9.620141237974166870e-03
6.272550821304321289e-01 -9.401081129908561707e-03
6.358172893524169922e-01 -9.179641492664813995e-03
6.443803906440734863e-01 -8.955955505371093750e-03
6.529444456100463867e-01 -8.730152621865272522e-03
6.615095138549804688e-01 -8.502366021275520325e-03
6.700754761695861816e-01 -8.272728882730007172e-03
6.786423921585083008e-01 -8.041373454034328461e-03
6.872102618217468262e-01 -7.808430120348930359e-03
6.957791447639465332e-01 -7.574032526463270187e-03
7.043489813804626465e-01 -7.338313851505517960e-03
7.129197716712951660e-01 -7.101403083652257919e-03
7.214914560317993164e-01 -6.863410118967294693e-03
7.300647497177124023e-01 -6.624455563724040985e-03
7.386395931243896484e-01 -6.384703796356916428e-03
7.472155690193176270e-01 -6.144379265606403351e-03
7.557920217514038086e-01 -5.903767887502908707e-03
7.643679976463317871e-01 -5.663214251399040222e-03
7.729426026344299316e-01 -5.423102993518114090e-03
7.815148830413818359e-01 -5.183843895792961121e-03
7.900841236114501953e-01 -4.945838823914527893e-03
7.986501455307006836e-01 -4.709459841251373291e-03
8.072134256362915039e-01 -4.475065506994724274e-03
8.157738447189331055e-01 -4.243019968271255493e-03
8.243315815925598145e-01 -4.013690166175365448e-03
8.328866362571716309e-01 -3.787439549341797829e-03
8.414388895034790039e-01 -3.564633196219801903e-03
8.499885201454162598e-01 -3.345633624121546745e-03
8.585354685783386230e-01 -3.130804281681776047e-03
8.670797348022460938e-01 -2.920506289228796959e-03
8.756213188171386719e-01 -2.715100999921560287e-03
8.841603398323059082e-01 -2.514949301257729530e-03
8.926967382431030273e-01 -2.320410683751106262e-03
9.012305140495300293e-01 -2.131843706592917442e-03
9.097617268562316895e-01 -1.949607511050999165e-03
9.182903766632080078e-01 -1.774059375748038292e-03
9.268164038658142090e-01 -1.605555764399468899e-03
9.353399872779846191e-01 -1.444453257136046886e-03
9.438610076904296875e-01 -1.291107153519988060e-03
9.523795247077941895e-01 -1.145872403867542744e-03
9.608955383300781250e-01 -1.009102910757064819e-03
9.651526808738708496e-01 -9.440029971301555634e-04
9.736649990081787109e-01 -8.205927442759275436e-04
9.821749329566955566e-01 -7.065296522341668606e-04
9.906824827194213867e-01 -6.021665176376700401e-04
9.991875886917114258e-01 -5.078564863651990891e-04
