Airfoils2D_047F
9.999994601847085329e-01 7.800480631111847993e-05
9.915321228344675664e-01 6.562905796970040697e-04
9.830595807989150892e-01 1.217891605456232484e-03
9.745818644465314984e-01 1.763526518120388893e-03
9.660990045625341693e-01 2.293916127255483939e-03
9.576110054647597458e-01 2.809785041346274034e-03
9.491178967457397642e-01 3.311858445445969596e-03
9.406197384657554172e-01 3.800862031897810252e-03
9.321165628094550959e-01 4.277525459204217957e-03
9.236083930536588271e-01 4.742581123060263422e-03
9.150952223971846600e-01 5.196765224633086329e-03
9.065771319413220564e-01 5.640811528275951545e-03
8.980541548836447063e-01 6.075458735976681235e-03
8.895263246234048626e-01 6.501447834259481418e-03
8.809936145978704003e-01 6.919525024204645387e-03
8.724561180611433153e-01 7.330432902894354341e-03
8.639138689640988300e-01 7.734919382004570160e-03
8.553669013509738184e-01 8.133734699135088467e-03
8.468151876433271941e-01 8.527634252358881270e-03
8.382588225493784462e-01 8.917370129356644304e-03
8.296978411920128416e-01 9.303699576316416808e-03
8.211322708093238276e-01 9.687382557842306660e-03
8.125620957106185482e-01 1.006918331509560824e-02
8.039874074958177630e-01 1.044986369556485245e-02
7.954086932701700530e-01 1.083017044120933997e-02
7.868320638170928083e-01 1.121060287846910655e-02
7.782599945535682018e-01 1.159182059554644817e-02
7.696924776762752440e-01 1.197459090929303520e-02
7.611295478296182804e-01 1.235967686816880767e-02
7.525712736864318408e-01 1.274783759168510860e-02
7.440176841551802145e-01 1.313983159225005221e-02
7.354687844184870649e-01 1.353641612475593552e-02
7.269246087183637295e-01 1.393834478051297898e-02
7.183643949207563217e-01 1.434618276552497053e-02
7.098085173913663004e-01 1.475341673540338065e-02
7.012921793432981277e-01 1.515149453431140908e-02
6.928145164958523505e-01 1.553376423986704662e-02
6.843748341579508621e-01 1.589375133314239325e-02
6.759723767481716772e-01 1.622516396149864537e-02
6.676060356439709187e-01 1.652189618346380784e-02
6.592747252767601207e-01 1.677800279047046011e-02
6.508698174079483589e-01 1.699573669655073810e-02
6.423517116881106714e-01 1.720446866796075669e-02
6.340394261448614177e-01 1.743496795819575798e-02
6.259404596727760062e-01 1.772113374868222388e-02
6.179222742902407139e-01 1.809297339144409419e-02
6.097808148765979652e-01 1.855198275991485832e-02
6.015015748001278917e-01 1.907878655033704712e-02
5.930769509097334469e-01 1.965143128673104561e-02
5.845729218631239288e-01 2.024474129719331522e-02
5.760574241021927389e-01 2.084841922091980326e-02
5.675310779062244793e-01 2.146057986928779845e-02
5.589938830384486579e-01 2.207936616369338134e-02
5.504457401875281208e-01 2.270291360275379297e-02
5.418865319179557716e-01 2.332934452524313557e-02
5.333253778093827169e-01 2.395609105287966126e-02
5.247747080603291092e-01 2.458034108573084811e-02
5.162346403181670151e-01 2.520019709364251445e-02
5.077050781663013934e-01 2.581379172846485007e-02
4.991860127284190041e-01 2.641926588028450582e-02
4.906771991287958157e-01 2.701479155407737753e-02
4.821785242645394431e-01 2.759854530818692600e-02
4.736898760230627836e-01 2.816871758563711456e-02
4.652112648362410896e-01 2.872350475285741569e-02
4.567423727662758282e-01 2.926113839063916242e-02
4.482771630640383642e-01 2.978056460531511990e-02
4.398102219328076656e-01 3.028197081991286163e-02
4.313414932685429859e-01 3.076550336349034506e-02
4.228709779083064113e-01 3.123130505108624722e-02
4.143986878711545807e-01 3.167951815995230513e-02
4.059246280866536383e-01 3.211028545577591237e-02
3.974488035523562335e-01 3.252374977741105677e-02
3.889712117731545238e-01 3.292005438362852199e-02
3.804918623180125747e-01 3.329934202297213375e-02
3.720107634525791074e-01 3.366175561331353344e-02
3.635279204367762862e-01 3.400743829614557429e-02
3.550433369730093824e-01 3.433653335212888402e-02
3.465570108708761476e-01 3.464918434174984324e-02
3.380689567218739255e-01 3.494553427932968470e-02
3.295791800296071772e-01 3.522572662334347987e-02
3.210877662487870432e-01 3.548990250113433914e-02
3.126057553888453855e-01 3.573724874223793008e-02
3.041436909443301917e-01 3.596459508414828060e-02
2.957015643724660303e-01 3.616856384937310043e-02
2.872794214660013279e-01 3.634582498346450308e-02
2.788773082654205093e-01 3.649309690877806933e-02
2.704953459225812873e-01 3.660714490838785917e-02
2.621336047425456561e-01 3.668478296755705442e-02
2.537920081104914627e-01 3.672287230468131158e-02
2.454705898061197711e-01 3.671831770142278129e-02
2.371693767693007493e-01 3.666806844423949746e-02
2.288883874630202042e-01 3.656911738819408619e-02
2.206276301798472672e-01 3.641849993555441867e-02
2.123871013020969534e-01 3.621329291352457652e-02
2.041668329691035955e-01 3.595061509628293128e-02
1.959667819718816928e-01 3.562762299394246074e-02
1.877866399031762612e-01 3.524149749475771060e-02
1.796052764730585449e-01 3.478945080215117142e-02
1.714027451415078007e-01 3.427294028411110444e-02
1.631794476140548678e-01 3.369552822312310569e-02
1.549359531971731263e-01 3.306085238742389326e-02
1.466728383066102093e-01 3.237261861931602092e-02
1.383906830136814314e-01 3.163460136258232358e-02
1.300900677134295136e-01 3.085064413141089951e-02
1.217717281877336022e-01 3.002467603251421369e-02
1.134918589997059579e-01 2.916332856094256548e-02
1.053023495820323979e-01 2.826147948335607993e-02
9.720137293339675688e-02 2.730646154457200617e-02
8.918685372811913092e-02 2.628631066705777383e-02
8.125660547201130068e-02 2.518971585919461270e-02
7.340830382425730938e-02 2.400595138232613016e-02
6.563946151433275311e-02 2.272480709451185979e-02
5.794691008685006611e-02 2.133642279735296909e-02
5.026481668721587137e-02 1.982239940161754574e-02
4.254139103638544112e-02 1.817941554074546662e-02
3.479917364393625423e-02 1.642208237217654410e-02
2.708342402981747318e-02 1.457142166601602465e-02
2.048790065646150654e-02 1.285881063046886465e-02
1.514892667316653473e-02 1.119840217052777386e-02
1.050368853229461698e-02 9.405137820258670928e-03
6.271883194277677945e-03 7.378828865233309081e-03
3.693806470456122842e-03 5.860738082146565477e-03
2.317390791817265736e-03 4.782915395980647140e-03
1.520023409402831418e-03 3.950924387956383788e-03
9.151131705700524992e-04 3.098020079031858689e-03
5.168242240678578387e-04 2.298811566597275605e-03
2.524876275096619863e-04 1.486787152759265571e-03
1.339117130460134144e-04 8.148983990154309289e-04
1.111492534367784562e-04 1.516066847736692309e-04
1.901848375862837039e-04 -4.823802819896931787e-04
3.641831430849216435e-04 -1.079367816092611154e-03
6.251846680737249045e-04 -1.648658494167229167e-03
1.051976041829772975e-03 -2.309812864954238504e-03
1.678807391973080121e-03 -3.029809415437321324e-03
2.667885001978240970e-03 -3.888600211242050197e-03
4.223330446947483330e-03 -4.906766537708292727e-03
6.588238097985569044e-03 -6.062912859966967591e-03
9.365361587126076054e-03 -7.038044066208104348e-03
1.258965619055688913e-02 -7.774378881884298417e-03
1.666706168757509446e-02 -8.284038243592925857e-03
2.312279595069572855e-02 -8.647627478230737741e-03
3.087344571405416238e-02 -9.098164313283604518e-03
3.893211016854967316e-02 -9.675777150749267225e-03
4.733913466543993032e-02 -1.033413715031632901e-02
5.565960591604791202e-02 -1.097696664656593393e-02
6.382236663880225258e-02 -1.154833983378510988e-02
7.200808835449698520e-02 -1.205603403012465991e-02
8.021680494564473185e-02 -1.250310034556663397e-02
8.844853003012076442e-02 -1.289263355249176991e-02
9.670325906360296986e-02 -1.322777400820284929e-02
1.049809714331976923e-01 -1.351170940232797497e-02
1.132816325243540395e-01 -1.374767634725948366e-02
1.216051957445294096e-01 -1.393896183063972338e-02
1.299516925122285449e-01 -1.408890592278714063e-02
1.383210837196315879e-01 -1.420089940033928202e-02
1.467131991173455108e-01 -1.427838605771474499e-02
1.551279632090296623e-01 -1.432486695356154777e-02
1.635652975490982930e-01 -1.434389944239541741e-02
1.720251222268377456e-01 -1.433909821099283236e-02
1.805076053372782208e-01 -1.431413532356623497e-02
1.890123112199890432e-01 -1.427274399401346622e-02
1.975297049889772338e-01 -1.421821391634030089e-02
2.060512100602413521e-01 -1.415181342627288771e-02
2.145768163250791893e-01 -1.407429543181674264e-02
2.231065694971193780e-01 -1.398641493391174044e-02
2.316404911475576922e-01 -1.388892964061491479e-02
2.401786303184974825e-01 -1.378259942673800385e-02
2.487210608414185953e-01 -1.366818623458028806e-02
2.572678443094057466e-01 -1.354645452742772073e-02
2.658189926203674558e-01 -1.341817194172969900e-02
2.743745545662199525e-01 -1.328410808098595512e-02
2.829346058725974444e-01 -1.314503455906497302e-02
2.914992062490546210e-01 -1.300172567905379453e-02
3.000683671508072026e-01 -1.285495905353054025e-02
3.086421373170138427e-01 -1.270551418540671190e-02
3.172206036802476814e-01 -1.255417239662386802e-02
3.258037498256342035e-01 -1.240171933927652036e-02
3.343879095061700890e-01 -1.224878804829821789e-02
3.429696868398539045e-01 -1.209518779326395482e-02
3.515489866294083665e-01 -1.194047871727921435e-02
3.601258045430114074e-01 -1.178422013452907861e-02
3.687001192936906202e-01 -1.162597244812293984e-02
3.772719023998438725e-01 -1.146529697828345060e-02
3.858410896198271600e-01 -1.130175652084671953e-02
3.944076893189969457e-01 -1.113491328677422045e-02
4.029716733112725380e-01 -1.096433094943030304e-02
4.115330088185154556e-01 -1.078957405848389277e-02
4.200916409537667207e-01 -1.061020842373812563e-02
4.286475730506685289e-01 -1.042579942811383380e-02
4.372007769559336232e-01 -1.023591386621070312e-02
4.457512185126216164e-01 -1.004011944796826677e-02
4.542988464816331007e-01 -9.837985086955538735e-03
4.628436969412569324e-01 -9.629078377481422105e-03
4.713879458376145082e-01 -9.413043663882795370e-03
4.799336803952069519e-01 -9.190018359898723121e-03
4.884809616031582924e-01 -8.960306692398714232e-03
4.970297860033952575e-01 -8.724214947357589178e-03
5.055801712829409711e-01 -8.482049254419962714e-03
5.141321392522080203e-01 -8.234116010159999235e-03
5.226857246626703812e-01 -7.980721602258166597e-03
5.312409240734778937e-01 -7.722173934245947675e-03
5.397977551484716141e-01 -7.458780694844261046e-03
5.483562415636711318e-01 -7.190849773879028593e-03
5.569164146859394426e-01 -6.918689195103961201e-03
5.654782725640017382e-01 -6.642608433527603072e-03
5.740418328650539470e-01 -6.362916747935638481e-03
5.826071226048229468e-01 -6.079923480185953598e-03
5.911741668889708423e-01 -5.793938418341703506e-03
5.997429667288084465e-01 -5.505272553949250476e-03
6.083135398149620565e-01 -5.214236726097894181e-03
6.168859179775560975e-01 -4.921141685163634566e-03
6.254601171645328694e-01 -4.626299115779000486e-03
6.340361428223713069e-01 -4.330021467620228867e-03
6.426140126785858664e-01 -4.032621169889053468e-03
6.511937648521083366e-01 -3.734410341069650460e-03
6.597754032176764705e-01 -3.435702688718892794e-03
6.683581923440966577e-01 -3.136838064137446522e-03
6.769395353591274311e-01 -2.838221326848638579e-03
6.855191414051333698e-01 -2.540176746491679127e-03
6.940970544711652090e-01 -2.243016533997648637e-03
7.026732923602397873e-01 -1.947053413035232340e-03
7.112478660438221745e-01 -1.652599942920119193e-03
7.198207805851259966e-01 -1.359968480225977067e-03
7.283920734004435404e-01 -1.069469877628857583e-03
7.369617329442275100e-01 -7.814162491704379184e-04
7.455264712722318166e-01 -4.964207578134472148e-04
7.540830815230866735e-01 -2.158340612743527866e-04
7.626316186762349680e-01 5.892992771075500244e-05
7.711720915173512214e-01 3.264639648016708822e-04
7.797044596574786990e-01 5.853674987992829593e-04
7.882287197721813410e-01 8.342493823159791285e-04
7.967449418247143367e-01 1.071728623829814285e-03
8.052531334055962331e-01 1.296430306847785787e-03
8.137532862909070408e-01 1.506987084827293407e-03
8.222453381315373289e-01 1.702038435051690538e-03
8.307293840058143086e-01 1.880235410778506979e-03
8.392054316821737636e-01 2.040234619124611098e-03
8.476734892488435591e-01 2.180700411770086604e-03
8.561335182820730694e-01 2.300304228206011790e-03
8.645855301258503767e-01 2.397726149863263490e-03
8.730295813132329386e-01 2.471654181251131070e-03
8.814656825426763209e-01 2.520783122427454857e-03
8.898938455268738945e-01 2.543815221784765084e-03
8.983140505627796868e-01 2.539460177015465982e-03
9.067262949532668426e-01 2.506435353200105881e-03
9.151306460030005363e-01 2.443464973846849742e-03
9.235271211553707227e-01 2.349280332509486990e-03
9.319157397174551161e-01 2.222619755032839532e-03
9.402965230438776745e-01 2.062228495262147417e-03
9.486694478922050866e-01 1.866859815432882468e-03
9.570345635969406128e-01 1.635272401557494619e-03
9.653919245364199764e-01 1.366231031853950336e-03
9.737415622191293307e-01 1.058507442468861011e-03
9.820835111733161593e-01 7.108796274436624376e-04
9.904178091465669631e-01 3.221316714649347839e-04
9.987444973058695608e-01 -1.089464301259107290e-04
