Airfoils1D_013
9.999447464942932129e-01 4.563315596897155046e-04
9.927256107330322266e-01 1.199574675410985947e-03
9.851595759391784668e-01 1.899232272990047932e-03
9.772944450378417969e-01 2.564056077972054482e-03
9.691778421401977539e-01 3.202798077836632729e-03
9.566404819488525391e-01 4.134975839406251907e-03
9.481063485145568848e-01 4.752871114760637283e-03
9.395016431808471680e-01 5.371193867176771164e-03
9.308714270591735840e-01 5.989762023091316223e-03
9.222491383552551270e-01 6.606264505535364151e-03
9.136533737182617188e-01 7.218240760266780853e-03
9.050768613815307617e-01 7.826713845133781433e-03
8.965066671371459961e-01 8.435394614934921265e-03
8.879311084747314453e-01 9.048040024936199188e-03
8.793530464172363281e-01 9.666277095675468445e-03
8.707859516143798828e-01 1.028874702751636505e-02
8.622336387634277344e-01 1.091249287128448486e-02
8.536877036094665527e-01 1.153420284390449524e-02
8.451477885246276855e-01 1.214983314275741577e-02
8.366203308105468750e-01 1.275574881583452225e-02
8.281066417694091797e-01 1.335043180733919144e-02
8.195914626121520996e-01 1.393488794565200806e-02
8.110613226890563965e-01 1.451078150421380997e-02
8.025166988372802734e-01 1.507904753088951111e-02
7.939617037773132324e-01 1.564009860157966614e-02
7.853966951370239258e-01 1.619449630379676819e-02
7.768217921257019043e-01 1.674281805753707886e-02
7.682372331619262695e-01 1.728564128279685974e-02
7.596430182456970215e-01 1.782354712486267090e-02
7.510394454002380371e-01 1.835712231695652008e-02
7.424265742301940918e-01 1.888695545494556427e-02
7.338036298751831055e-01 1.941372454166412354e-02
7.251703739166259766e-01 1.993815414607524872e-02
7.165288925170898438e-01 2.046077884733676910e-02
7.078827023506164551e-01 2.098182961344718933e-02
6.992363333702087402e-01 2.150118537247180939e-02
6.905943155288696289e-01 2.201835438609123230e-02
6.819608807563781738e-01 2.253252267837524414e-02
6.733390688896179199e-01 2.304265648126602173e-02
6.647302508354187012e-01 2.354762703180313110e-02
6.561334729194641113e-01 2.404641918838024139e-02
6.475476622581481934e-01 2.453811094164848328e-02
6.389725804328918457e-01 2.502176538109779358e-02
6.304079890251159668e-01 2.549645304679870605e-02
6.218535900115966797e-01 2.596125379204750061e-02
6.133091449737548828e-01 2.641525492072105408e-02
6.047743558883666992e-01 2.685754746198654175e-02
5.962491035461425781e-01 2.728723548352718353e-02
5.877349376678466797e-01 2.770330198109149933e-02
5.792318582534790039e-01 2.810467407107353210e-02
5.707361698150634766e-01 2.849056199193000793e-02
5.622417926788330078e-01 2.886063233017921448e-02
5.537409782409667969e-01 2.921511977910995483e-02
5.452257394790649414e-01 2.955484576523303986e-02
5.366891622543334961e-01 2.988117188215255737e-02
5.281259417533874512e-01 3.019585646688938141e-02
5.195327401161193848e-01 3.050093166530132294e-02
5.109094977378845215e-01 3.079851903021335602e-02
5.022603869438171387e-01 3.109047375619411469e-02
4.935917854309082031e-01 3.137825429439544678e-02
4.849122166633605957e-01 3.166272491216659546e-02
4.762308299541473389e-01 3.194406628608703613e-02
4.675562977790832520e-01 3.222178667783737183e-02
4.588955938816070557e-01 3.249486908316612244e-02
4.502530694007873535e-01 3.276188671588897705e-02
4.416279196739196777e-01 3.302142769098281860e-02
4.330161511898040771e-01 3.327235579490661621e-02
4.244153201580047607e-01 3.351370990276336670e-02
4.158229827880859375e-01 3.374470397830009460e-02
4.072368443012237549e-01 3.396470844745635986e-02
3.986549377441406250e-01 3.417325764894485474e-02
3.900761902332305908e-01 3.436999022960662842e-02
3.815004229545593262e-01 3.455458953976631165e-02
3.729285299777984619e-01 3.472671657800674438e-02
3.643610775470733643e-01 3.488599509000778198e-02
3.557986021041870117e-01 3.503203764557838440e-02
3.472414910793304443e-01 3.516444563865661621e-02
3.386901021003723145e-01 3.528279811143875122e-02
3.301446437835693359e-01 3.538665920495986938e-02
3.216051459312438965e-01 3.547557070851325989e-02
3.130710721015930176e-01 3.554907441139221191e-02
3.045409619808197021e-01 3.560678288340568542e-02
2.960155606269836426e-01 3.564832359552383423e-02
2.874975204467773438e-01 3.567317128181457520e-02
2.789908051490783691e-01 3.568057343363761902e-02
2.705000638961791992e-01 3.566946089267730713e-02
2.620300352573394775e-01 3.563850000500679016e-02
2.535849511623382568e-01 3.558606281876564026e-02
2.451677471399307251e-01 3.551036864519119263e-02
2.367794066667556763e-01 3.540955856442451477e-02
2.284194380044937134e-01 3.528188169002532959e-02
2.200883477926254272e-01 3.512564674019813538e-02
2.117867618799209595e-01 3.493921086192131042e-02
2.035152465105056763e-01 3.472094610333442688e-02
1.952743381261825562e-01 3.446926921606063843e-02
1.870645433664321899e-01 3.418261930346488953e-02
1.788855344057083130e-01 3.385940939188003540e-02
1.707329601049423218e-01 3.349802643060684204e-02
1.626092791557312012e-01 3.309740126132965088e-02
1.545248180627822876e-01 3.265658393502235413e-02
1.464952677488327026e-01 3.217425942420959473e-02
1.385398209095001221e-01 3.164849057793617249e-02
1.306782513856887817e-01 3.107652068138122559e-02
1.229282394051551819e-01 3.045478463172912598e-02
1.153031811118125916e-01 2.977906912565231323e-02
1.078096553683280945e-01 2.904471196234226227e-02
1.004429087042808533e-01 2.824655734002590179e-02
9.319948405027389526e-02 2.738006412982940674e-02
8.607651293277740479e-02 2.644119784235954285e-02
7.907228916883468628e-02 2.542663365602493286e-02
7.218735665082931519e-02 2.433385699987411499e-02
6.542506814002990723e-02 2.316124550998210907e-02
5.878816172480583191e-02 2.190706133842468262e-02
5.227885395288467407e-02 2.056958526372909546e-02
4.591637477278709412e-02 1.915152557194232941e-02
3.972619026899337769e-02 1.765681616961956024e-02
3.369381651282310486e-02 1.607367023825645447e-02
2.788019180297851562e-02 1.441662944853305817e-02
2.241436950862407684e-02 1.272384822368621826e-02
1.743738539516925812e-02 1.103882491588592529e-02
1.306208036839962006e-02 9.396452456712722778e-03
9.364664554595947266e-03 7.825819775462150574e-03
6.380995269864797592e-03 6.355231627821922302e-03
4.099129699170589447e-03 5.003404803574085236e-03
2.439444651827216148e-03 3.766048001125454903e-03
1.256844378076493740e-03 2.606914844363927841e-03
4.771822132170200348e-04 1.508171437308192253e-03
6.218193448148667812e-05 4.603588895406574011e-04
-2.636465978866908699e-05 -5.449429736472666264e-04
1.615429937373846769e-04 -1.508920220658183098e-03
5.818944191560149193e-04 -2.418845659121870995e-03
1.196939498186111450e-03 -3.251202171668410301e-03
1.972032245248556137e-03 -3.990918397903442383e-03
2.892121439799666405e-03 -4.638975020498037338e-03
4.098381847143173218e-03 -5.236049648374319077e-03
5.760174710303544998e-03 -5.822246894240379333e-03
8.019839413464069366e-03 -6.421185564249753952e-03
1.110976561903953552e-02 -7.047913502901792526e-03
1.519054733216762543e-02 -7.697519380599260330e-03
2.029212936758995056e-02 -8.349859155714511871e-03
2.635185047984123230e-02 -8.979527279734611511e-03
3.323408216238021851e-02 -9.568534791469573975e-03
4.074132815003395081e-02 -1.011090911924839020e-02
4.873646423220634460e-02 -1.062421407550573349e-02
5.702710896730422974e-02 -1.111501827836036682e-02
6.543543189764022827e-02 -1.158405654132366180e-02
7.392480224370956421e-02 -1.203868538141250610e-02
8.244416117668151855e-02 -1.248097047209739685e-02
9.094745665788650513e-02 -1.290864776819944382e-02
9.943881630897521973e-02 -1.332053821533918381e-02
1.079407855868339539e-01 -1.371789444237947464e-02
1.164534687995910645e-01 -1.410123333334922791e-02
1.249767020344734192e-01 -1.447105780243873596e-02
1.335102915763854980e-01 -1.482787169516086578e-02
1.420540660619735718e-01 -1.517218723893165588e-02
1.506080031394958496e-01 -1.550452038645744324e-02
1.591729819774627686e-01 -1.582546904683113098e-02
1.677483469247817993e-01 -1.613562554121017456e-02
1.763316988945007324e-01 -1.643541269004344940e-02
1.849195361137390137e-01 -1.672502607107162476e-02
1.935078054666519165e-01 -1.700436510145664215e-02
2.020924538373947144e-01 -1.727303862571716309e-02
2.106699496507644653e-01 -1.753040961921215057e-02
2.192379236221313477e-01 -1.777566038072109222e-02
2.277956157922744751e-01 -1.800791732966899872e-02
2.363439947366714478e-01 -1.822639442980289459e-02
2.448832988739013672e-01 -1.843033917248249054e-02
2.534134685993194580e-01 -1.861899904906749725e-02
2.619344592094421387e-01 -1.879163645207881927e-02
2.704462110996246338e-01 -1.894750632345676422e-02
2.789487242698669434e-01 -1.908587664365768433e-02
2.874418497085571289e-01 -1.920602098107337952e-02
2.959247529506683350e-01 -1.930718123912811279e-02
3.043977022171020508e-01 -1.938858255743980408e-02
3.128621578216552734e-01 -1.944951713085174561e-02
3.213204145431518555e-01 -1.948942616581916809e-02
3.297753036022186279e-01 -1.950793713331222534e-02
3.382295370101928711e-01 -1.950488425791263580e-02
3.466854691505432129e-01 -1.948029361665248871e-02
3.551446795463562012e-01 -1.943435147404670715e-02
3.636074662208557129e-01 -1.936731301248073578e-02
3.720728456974029541e-01 -1.927943713963031769e-02
3.805402815341949463e-01 -1.917093433439731598e-02
3.890095353126525879e-01 -1.904201507568359375e-02
3.974802494049072266e-01 -1.889289170503616333e-02
4.059522151947021484e-01 -1.872377097606658936e-02
4.144250750541687012e-01 -1.853486895561218262e-02
4.228979051113128662e-01 -1.832641102373600006e-02
4.313691258430480957e-01 -1.809853874146938324e-02
4.398399591445922852e-01 -1.785132102668285370e-02
4.483141005039215088e-01 -1.758493855595588684e-02
4.567966759204864502e-01 -1.729984395205974579e-02
4.652937054634094238e-01 -1.699688099324703217e-02
4.738111495971679688e-01 -1.667732931673526764e-02
4.823541939258575439e-01 -1.634288765490055084e-02
4.909271001815795898e-01 -1.599559187889099121e-02
4.995321631431579590e-01 -1.563779450953006744e-02
5.081675052642822266e-01 -1.527208462357521057e-02
5.168297290802001953e-01 -1.490092836320400238e-02
5.255128145217895508e-01 -1.452650316059589386e-02
5.342090725898742676e-01 -1.415048819035291672e-02
5.429105162620544434e-01 -1.377394236624240875e-02
5.516099333763122559e-01 -1.339726615697145462e-02
5.603023171424865723e-01 -1.302027422934770584e-02
5.689859390258789062e-01 -1.264234445989131927e-02
5.776616930961608887e-01 -1.226277183741331100e-02
5.863298177719116211e-01 -1.188101805746555328e-02
5.949901938438415527e-01 -1.149656064808368683e-02
6.036421656608581543e-01 -1.110886596143245697e-02
6.122851371765136719e-01 -1.071736589074134827e-02
6.209185123443603516e-01 -1.032145787030458450e-02
6.295417547225952148e-01 -9.920507669448852539e-03
6.381538510322570801e-01 -9.513874538242816925e-03
6.467510461807250977e-01 -9.100887924432754517e-03
6.553349494934082031e-01 -8.680500090122222900e-03
6.639170050621032715e-01 -8.251491934061050415e-03
6.725110411643981934e-01 -7.813241332769393921e-03
6.811219453811645508e-01 -7.366558071225881577e-03
6.897469162940979004e-01 -6.913702003657817841e-03
6.983769536018371582e-01 -6.458219140768051147e-03
7.069959640502929688e-01 -6.004811730235815048e-03
7.155857086181640625e-01 -5.558804143220186234e-03
7.241322398185729980e-01 -5.125032737851142883e-03
7.326354980468750000e-01 -4.706863313913345337e-03
7.411088943481445312e-01 -4.306173417717218399e-03
7.495684027671813965e-01 -3.923881798982620239e-03
7.580240964889526367e-01 -3.560428041964769363e-03
7.664832472801208496e-01 -3.215743461623787880e-03
7.749487757682800293e-01 -2.889561699703335762e-03
7.834176421165466309e-01 -2.581874839961528778e-03
7.918886542320251465e-01 -2.292820019647479057e-03
8.003640770912170410e-01 -2.022317145019769669e-03
8.088473081588745117e-01 -1.770028960891067982e-03
8.173422217369079590e-01 -1.535321818664669991e-03
8.258528709411621094e-01 -1.317261485382914543e-03
8.343824744224548340e-01 -1.114651327952742577e-03
8.429336547851562500e-01 -9.261071681976318359e-04
8.515103459358215332e-01 -7.499887142330408096e-04
8.601105809211730957e-01 -5.846294807270169258e-04
8.687273859977722168e-01 -4.287678457330912352e-04
8.773494362831115723e-01 -2.818733628373593092e-04
8.859634995460510254e-01 -1.443458604626357555e-04
8.945558667182922363e-01 -1.756673009367659688e-05
9.031145572662353516e-01 9.619442425901070237e-05
9.116312265396118164e-01 1.940138172358274460e-04
9.201029539108276367e-01 2.726858947426080704e-04
9.285333156585693359e-01 3.292121109552681446e-04
9.369240403175354004e-01 3.608719271142035723e-04
9.452753067016601562e-01 3.650210564956068993e-04
9.535875916481018066e-01 3.390902420505881310e-04
9.618611931800842285e-01 2.805820840876549482e-04
9.659836292266845703e-01 2.383611135883256793e-04
9.742001295089721680e-01 1.265409373445436358e-04
9.823791980743408203e-01 -2.378480894549284130e-05
9.905212521553039551e-01 -2.150176442228257656e-04
9.986268281936645508e-01 -4.495590983424335718e-04
