Airfoils2D_164
9.999992310565258835e-01 2.022487635156457869e-04
9.914687835024879048e-01 7.095914514904339910e-04
9.829373688193695502e-01 1.222832547452467559e-03
9.744049726345124229e-01 1.741746982806945598e-03
9.658715805722919434e-01 2.266109478443106406e-03
9.573371612059445868e-01 2.795695607346173304e-03
9.488017159518973287e-01 3.330278703545496485e-03
9.402652316131155930e-01 3.869632780019730250e-03
9.317276937926678437e-01 4.413531712057297725e-03
9.231890712488650674e-01 4.961750248433103097e-03
9.146493647452910158e-01 5.514060879208347067e-03
9.061085614677297784e-01 6.070236740083830712e-03
8.975666469843099904e-01 6.630050857405386452e-03
8.890235894439325603e-01 7.193277196093388580e-03
8.804793905074841387e-01 7.759687304771003061e-03
8.719340369505661492e-01 8.329053488988160184e-03
8.633875142953190140e-01 8.901147922882548039e-03
8.548397892861835379e-01 9.475743831289951818e-03
8.462908660398845706e-01 1.005261171669018933e-02
8.377407301288816166e-01 1.063152310545100593e-02
8.291893651743246219e-01 1.121224944175354746e-02
8.206367412603625677e-01 1.179456287868565351e-02
8.120828609868561143e-01 1.237823314124933058e-02
8.035277097767380416e-01 1.296303090375980349e-02
7.949712684644472116e-01 1.354872693903001399e-02
7.864135123175393094e-01 1.413509218643200019e-02
7.778544413550878556e-01 1.472189567222471560e-02
7.692943932832964071e-01 1.530888304833591743e-02
7.607353083027533769e-01 1.589568994673772051e-02
7.521775500031672168e-01 1.648206024314544799e-02
7.436210924165178593e-01 1.706776474197590696e-02
7.350659209346331879e-01 1.765257368494605600e-02
7.265120318615169159e-01 1.823625678593643329e-02
7.179594078860349615e-01 1.881858490753548357e-02
7.094080262297585149e-01 1.939932949832097117e-02
7.008578723457346005e-01 1.997826165993431269e-02
6.923089447273815811e-01 2.055515183068308202e-02
6.837612216576648416e-01 2.112977203358672867e-02
6.752146827520681960e-01 2.170189441078198070e-02
6.666693135197723219e-01 2.227129092030817603e-02
6.581251138510414433e-01 2.283773278341409002e-02
6.495820591912822017e-01 2.340099306386699690e-02
6.410401307546657046e-01 2.396084464811137210e-02
6.324993140987525964e-01 2.451706034723392935e-02
6.239596097178059519e-01 2.506941222273451064e-02
6.154209917800559371e-01 2.561767426180162899e-02
6.068834423033642178e-01 2.616162014518718867e-02
5.983469468832864901e-01 2.670102353375815654e-02
5.898115058247548337e-01 2.723565738327351354e-02
5.812770935716649046e-01 2.776529649326473642e-02
5.727436921506977585e-01 2.828971538592107982e-02
5.642112871824256359e-01 2.880868856858250643e-02
5.556798779886861217e-01 2.932198993984593341e-02
5.471494408342784110e-01 2.982939501061137103e-02
5.386199569600907955e-01 3.033067918661979182e-02
5.300914119961739335e-01 3.082561781818331931e-02
5.215638034874741091e-01 3.131398578772683766e-02
5.130371110565932202e-01 3.179555923047341914e-02
5.045113143647278475e-01 3.227011447064207644e-02
4.959863990333542305e-01 3.273742769763998695e-02
4.874623600375501131e-01 3.319727480893385624e-02
4.789391818846708282e-01 3.364943249474360021e-02
4.704168418639269600e-01 3.409367802330864200e-02
4.618953255676948033e-01 3.452978841866704424e-02
4.533746246104451982e-01 3.495754061255867962e-02
4.448587193119916128e-01 3.537634983486076523e-02
4.363565717887041284e-01 3.578398616245477559e-02
4.278685553358995142e-01 3.617795526163684189e-02
4.193945747459836282e-01 3.655580624213862484e-02
4.109346884565263092e-01 3.691510734017636880e-02
4.024886613574356065e-01 3.725346489626234214e-02
3.940563833886587264e-01 3.756850427400688225e-02
3.856377614100400253e-01 3.785787464274462805e-02
3.772227643584487589e-01 3.811994449523426615e-02
3.687844574221439964e-01 3.835736985331244381e-02
3.603209802474461876e-01 3.857417510609649491e-02
3.518322751052994080e-01 3.877442260209552904e-02
3.433182064544615386e-01 3.896224908842468165e-02
3.347785920276220573e-01 3.914186593675875181e-02
3.262132834445731766e-01 3.931755902331459523e-02
3.176468981793571511e-01 3.949317941518699221e-02
3.090904764426181117e-01 3.967229774183057833e-02
3.005211789284222279e-01 3.985325636203510685e-02
2.919819878724434492e-01 4.002953747725408046e-02
2.834752027641748162e-01 4.019554104923347970e-02
2.750005029912779286e-01 4.034584850846003462e-02
2.665575744711278228e-01 4.047516386472128913e-02
2.581462953547405403e-01 4.057830849474195617e-02
2.497662733673759461e-01 4.065022473323062768e-02
2.414164454128341908e-01 4.068599054163491574e-02
2.330946866254565153e-01 4.068104763655670114e-02
2.248007819417214836e-01 4.063109192061666042e-02
2.165347184256045665e-01 4.053190764575685667e-02
2.082964702917291244e-01 4.037936287471442787e-02
2.000859953489259879e-01 4.016940695302582964e-02
1.919032615658277929e-01 3.989806889196531592e-02
1.837482075273947357e-01 3.956145400982340188e-02
1.756171415754742005e-01 3.915567069206619261e-02
1.674994223991514430e-01 3.867787833774823797e-02
1.593953216354631330e-01 3.812669521068500628e-02
1.513062774096356478e-01 3.750082851255837069e-02
1.432337144430471387e-01 3.679900027371438287e-02
1.351790431643955237e-01 3.601994728014662472e-02
1.271436588026474135e-01 3.516242094065569201e-02
1.191289404649342187e-01 3.422518708909898233e-02
1.111459404436617865e-01 3.320798615101248907e-02
1.032306308688120261e-01 3.210997602950457080e-02
9.538736740287835636e-02 3.092377703299932154e-02
8.761610810807395067e-02 2.964173266976747809e-02
7.991664248898547318e-02 2.825647906252959363e-02
7.228904032717708983e-02 2.676100385597985146e-02
6.473229920752963940e-02 2.514835100014133074e-02
5.724559127124081298e-02 2.341180452974696985e-02
4.980184801362057961e-02 2.153879736865233624e-02
4.229643508557141829e-02 1.950797101152137655e-02
3.473077692117934601e-02 1.733489647912078019e-02
2.712459646611232317e-02 1.504186792675283983e-02
2.013343626444608417e-02 1.283218845071083108e-02
1.469328362517930558e-02 1.087655980151949753e-02
1.007221723166719374e-02 8.871618140282026832e-03
5.958949008495816740e-03 6.694380081512365209e-03
3.262043046541860270e-03 4.969632037324190482e-03
2.039282773757305958e-03 3.951463799673730556e-03
1.253005145177726138e-03 3.081719045124714420e-03
7.597606045351943142e-04 2.337733647642385292e-03
4.304999883599707833e-04 1.629614828913100418e-03
2.682081366966450288e-04 1.109532100411062374e-03
1.700307283952071839e-04 5.771802876804899441e-04
1.489659142215115717e-04 5.318729911461085114e-05
2.100929907437741237e-04 -4.163424070885967114e-04
3.443667051617504732e-04 -8.478082838232083420e-04
5.453640787424822662e-04 -1.253053076809927191e-03
8.061662074108630945e-04 -1.633355693303339615e-03
1.323072253289675265e-03 -2.186299710853913114e-03
1.984845138157495265e-03 -2.713711436905924361e-03
3.189300284593617283e-03 -3.436917143361986615e-03
5.214555731237460398e-03 -4.347912119254901744e-03
7.868676832216373734e-03 -5.197537007961586589e-03
1.104324280759738999e-02 -5.825965880596513033e-03
1.524754064114622158e-02 -6.228494519660599492e-03
2.222715098179914653e-02 -6.489441036030872169e-03
3.042222066430120414e-02 -6.815391337180010979e-03
3.874268533582715668e-02 -7.201153962291064609e-03
4.720287045859168640e-02 -7.624586917773640109e-03
5.572635476149567779e-02 -8.056787739886980826e-03
6.423304324937956222e-02 -8.478786308023036206e-03
7.273987088001721002e-02 -8.890452910011052701e-03
8.124679264475871687e-02 -9.291630688829381063e-03
8.975375680017612379e-02 -9.682162546174747156e-03
9.826070993407326482e-02 -1.006189140723254792e-02
1.067675924227386025e-01 -1.043066003757676247e-02
1.152743515614785413e-01 -1.078831162777720530e-02
1.237809394621586234e-01 -1.113468966456383422e-02
1.322873027344551311e-01 -1.146963749920235608e-02
1.407933860652127722e-01 -1.179299851818041076e-02
1.492991282401554820e-01 -1.210461601396836846e-02
1.578044856584183142e-01 -1.240433403932564987e-02
1.663094049678334463e-01 -1.269199637764473719e-02
1.748138328285384901e-01 -1.296744692112093700e-02
1.833177070209719151e-01 -1.323052940251026252e-02
1.918210828963859971e-01 -1.348109285365872365e-02
2.003250220378325896e-01 -1.371911302373123205e-02
2.088298533423961489e-01 -1.394469188978451901e-02
2.173355666084845206e-01 -1.415793387326445482e-02
2.258421516009349317e-01 -1.435894342508162863e-02
2.343495901659598535e-01 -1.454782485671722407e-02
2.428578693915665609e-01 -1.472468266064461823e-02
2.513669763449952743e-01 -1.488962137472409769e-02
2.598769054875398332e-01 -1.504274571063879580e-02
2.683876370022442170e-01 -1.518416015792070292e-02
2.768991573390076621e-01 -1.531396938127451042e-02
2.854114534861634245e-01 -1.543227810175998478e-02
2.939245168422820464e-01 -1.553919113916866351e-02
3.024383335319887345e-01 -1.563481328050159505e-02
3.109528868994798079e-01 -1.571924933811509606e-02
3.194681638615773367e-01 -1.579260421823703436e-02
3.279841529326330551e-01 -1.585498288437437939e-02
3.365008458417825810e-01 -1.590649035590129684e-02
3.450182230080893753e-01 -1.594723162766526273e-02
3.535362712840411925e-01 -1.597731179264674437e-02
3.620549775072217091e-01 -1.599683599065411521e-02
3.705743355895892432e-01 -1.600590941162577732e-02
3.790943262868821106e-01 -1.600463726809681422e-02
3.876149353679463894e-01 -1.599312483931928860e-02
3.961361496146575401e-01 -1.597147745335211408e-02
4.046579604606184155e-01 -1.593980046532957051e-02
4.131803534969884506e-01 -1.589819928779629896e-02
4.217033119776492645e-01 -1.584677940157762366e-02
4.302268226354015179e-01 -1.578564632384501717e-02
4.387508746081271171e-01 -1.571490559767731859e-02
4.472754579755200965e-01 -1.563466279329567971e-02
4.558005536604127217e-01 -1.554502361488746195e-02
4.643261380622833445e-01 -1.544609379834311486e-02
4.728519971547795464e-01 -1.533796578358249431e-02
4.813780308848491507e-01 -1.522069777289259199e-02
4.899042307046083122e-01 -1.509434273852907314e-02
4.984305920043168303e-01 -1.495895361640078337e-02
5.069571101687856407e-01 -1.481458335399177088e-02
5.154837838958764573e-01 -1.466128484899800397e-02
5.240106060580893566e-01 -1.449911111068366218e-02
5.325375712111063420e-01 -1.432811513568306439e-02
5.410646747186832473e-01 -1.414834991811526888e-02
5.495919143293839237e-01 -1.395986840976342312e-02
5.581192847645112254e-01 -1.376272363586027517e-02
5.666467796188149331e-01 -1.355696866365077927e-02
5.751743942364244688e-01 -1.334265653427136114e-02
5.837021254607303034e-01 -1.311984026060622650e-02
5.922299697771137295e-01 -1.288857287116659117e-02
6.007579198642657436e-01 -1.264890751054978911e-02
6.092859710480856839e-01 -1.240089726723460524e-02
6.178141193114906615e-01 -1.214459522136596484e-02
6.263423628180287972e-01 -1.188005439359642729e-02
6.348706933757264359e-01 -1.160732801175152692e-02
6.433991062936235128e-01 -1.132646921192371169e-02
6.519275968767832552e-01 -1.103753114212652729e-02
6.604561644676637533e-01 -1.074056681969733605e-02
6.689848004618201838e-01 -1.043562954655912443e-02
6.775135000153056364e-01 -1.012277251136156631e-02
6.860422584179886041e-01 -9.802048910001118567e-03
6.945710742521618020e-01 -9.473511821886231379e-03
7.030999403984816709e-01 -9.137214553722423221e-03
7.116288512441595326e-01 -8.793210371404467166e-03
7.201578020651666634e-01 -8.441552518876283689e-03
7.286867907288314683e-01 -8.082294141654242439e-03
7.372159029620563020e-01 -7.715484758107511547e-03
7.457499540186063314e-01 -7.341278186359407633e-03
7.542925106591437112e-01 -6.960827574966982172e-03
7.628437076842933262e-01 -6.575621814858404086e-03
7.714036137579725061e-01 -6.187161990054981624e-03
7.799719728716363321e-01 -5.796973360452277804e-03
7.885384889366159333e-01 -5.407046790767260254e-03
7.970961313690656524e-01 -5.019222903430113104e-03
8.056449822679810913e-01 -4.635009347900728022e-03
8.141851580080056161e-01 -4.255902929522020761e-03
8.227167291402393001e-01 -3.883393300880951405e-03
8.312396981931541307e-01 -3.518963820889093631e-03
8.397541567166777465e-01 -3.164084774752223047e-03
8.482602219899134655e-01 -2.820216436180215166e-03
8.567579630705270954e-01 -2.488812195062497807e-03
8.652474263728017201e-01 -2.171317366755226314e-03
8.737286211384392987e-01 -1.869169552852739235e-03
8.822017005281753699e-01 -1.583792379841946841e-03
8.906667335592699519e-01 -1.316603993817741600e-03
8.991237895372157229e-01 -1.069013904263967042e-03
9.075728975527015407e-01 -8.424240907024477601e-04
9.160141155134808866e-01 -6.382269516866032055e-04
9.244475697629050970e-01 -4.578049321375902828e-04
9.328733322309386011e-01 -3.025336930796621417e-04
9.412914759038651935e-01 -1.737806446063196902e-04
9.497020668705359325e-01 -7.290512094127039302e-05
9.581051141423624351e-01 -1.258673418262282314e-06
9.665007720717221362e-01 3.981653533285290259e-05
9.748891197309891288e-01 4.898512831938080269e-05
9.832702381935535252e-01 2.491944548814249260e-05
9.916442107382499316e-01 -3.370058850332557237e-05
1.000011123058016427e+00 -1.281876069758880465e-04
