Airfoils1D_016
9.996798038482666016e-01 1.415128936059772968e-03
9.918764233589172363e-01 1.436531543731689453e-03
9.832463264465332031e-01 1.822025980800390244e-03
9.740246534347534180e-01 2.488415688276290894e-03
9.644467234611511230e-01 3.352503757923841476e-03
9.501646161079406738e-01 4.785492084920406342e-03
9.408570528030395508e-01 5.732676945626735687e-03
9.317924380302429199e-01 6.631267257034778595e-03
9.231148958206176758e-01 7.465414237231016159e-03
9.149661660194396973e-01 8.228695020079612732e-03
9.064546823501586914e-01 9.027934633195400238e-03
8.979240655899047852e-01 9.822768159210681915e-03
8.893787264823913574e-01 1.059259194880723953e-02
8.808309435844421387e-01 1.133342459797859192e-02
8.722781538963317871e-01 1.205181423574686050e-02
8.637544512748718262e-01 1.275520306080579758e-02
8.552206158638000488e-01 1.345362514257431030e-02
8.466928005218505859e-01 1.416522916406393051e-02
8.381729722023010254e-01 1.489067077636718750e-02
8.296614289283752441e-01 1.563447155058383942e-02
8.211359381675720215e-01 1.638982258737087250e-02
8.126192688941955566e-01 1.713919825851917267e-02
8.040924072265625000e-01 1.788376271724700928e-02
7.955856919288635254e-01 1.860844716429710388e-02
7.870837450027465820e-01 1.930730044841766357e-02
7.785664796829223633e-01 1.998839527368545532e-02
7.700531482696533203e-01 2.064571529626846313e-02
7.615437507629394531e-01 2.127966843545436859e-02
7.530429363250732422e-01 2.190269716084003448e-02
7.445435523986816406e-01 2.251680381596088409e-02
7.360559105873107910e-01 2.312462218105792999e-02
7.275717258453369141e-01 2.374116145074367523e-02
7.191046476364135742e-01 2.436353825032711029e-02
7.106314301490783691e-01 2.499339729547500610e-02
7.021679282188415527e-01 2.563342079520225525e-02
6.937018632888793945e-01 2.626949548721313477e-02
6.852267384529113770e-01 2.689631283283233643e-02
6.767572760581970215e-01 2.751124836504459381e-02
6.682776212692260742e-01 2.810160815715789795e-02
6.597778201103210449e-01 2.867459505796432495e-02
6.512625217437744141e-01 2.923461236059665680e-02
6.427368521690368652e-01 2.978298068046569824e-02
6.342030763626098633e-01 3.032258898019790649e-02
6.256958246231079102e-01 3.086096793413162231e-02
6.172027587890625000e-01 3.139859810471534729e-02
6.087266802787780762e-01 3.192673623561859131e-02
6.002834439277648926e-01 3.245010226964950562e-02
5.918393731117248535e-01 3.295261040329933167e-02
5.833852887153625488e-01 3.342702239751815796e-02
5.749155879020690918e-01 3.387615829706192017e-02
5.664277672767639160e-01 3.430047631263732910e-02
5.579392313957214355e-01 3.470587357878684998e-02
5.494742393493652344e-01 3.510584682226181030e-02
5.410373210906982422e-01 3.551153093576431274e-02
5.326114296913146973e-01 3.591577336192131042e-02
5.242043137550354004e-01 3.632112964987754822e-02
5.157908797264099121e-01 3.671231120824813843e-02
5.073641538619995117e-01 3.708621114492416382e-02
4.989117681980133057e-01 3.744804859161376953e-02
4.904352128505706787e-01 3.778339177370071411e-02
4.819654524326324463e-01 3.809415549039840698e-02
4.735137522220611572e-01 3.838134557008743286e-02
4.650763571262359619e-01 3.864986822009086609e-02
4.566397070884704590e-01 3.888935968279838562e-02
4.482049047946929932e-01 3.909624367952346802e-02
4.397661089897155762e-01 3.927779942750930786e-02
4.313078224658966064e-01 3.945060074329376221e-02
4.228310286998748779e-01 3.960972651839256287e-02
4.143355786800384521e-01 3.975439071655273438e-02
4.058575630187988281e-01 3.988761454820632935e-02
3.973940014839172363e-01 4.000419750809669495e-02
3.889459073543548584e-01 4.010526090860366821e-02
3.805195689201354980e-01 4.017367959022521973e-02
3.721133470535278320e-01 4.021116346120834351e-02
3.637198507785797119e-01 4.022080078721046448e-02
3.553300499916076660e-01 4.021567106246948242e-02
3.469377458095550537e-01 4.018266126513481140e-02
3.385243713855743408e-01 4.014265537261962891e-02
3.301092088222503662e-01 4.009132087230682373e-02
3.216867446899414062e-01 4.002908244729042053e-02
3.132779598236083984e-01 3.994777426123619080e-02
3.048894703388214111e-01 3.982880711555480957e-02
2.965285778045654297e-01 3.968090564012527466e-02
2.881875634193420410e-01 3.948864340782165527e-02
2.798704504966735840e-01 3.926503285765647888e-02
2.715466022491455078e-01 3.900250047445297241e-02
2.631984055042266846e-01 3.872413933277130127e-02
2.548370361328125000e-01 3.843106701970100403e-02
2.464579641819000244e-01 3.812595084309577942e-02
2.380778342485427856e-01 3.779403120279312134e-02
2.297021597623825073e-01 3.743655979633331299e-02
2.213541865348815918e-01 3.706030175089836121e-02
2.130424678325653076e-01 3.665328025817871094e-02
2.047758400440216064e-01 3.622327372431755066e-02
1.965402811765670776e-01 3.575790300965309143e-02
1.883389949798583984e-01 3.526159748435020447e-02
1.801757514476776123e-01 3.472888842225074768e-02
1.720314770936965942e-01 3.413950279355049133e-02
1.638973057270050049e-01 3.348693996667861938e-02
1.557697504758834839e-01 3.279057145118713379e-02
1.476524919271469116e-01 3.206071257591247559e-02
1.395508795976638794e-01 3.130497783422470093e-02
1.314722895622253418e-01 3.053352050483226776e-02
1.234240457415580750e-01 2.973865903913974762e-02
1.154243052005767822e-01 2.892003208398818970e-02
1.074947267770767212e-01 2.805586345493793488e-02
9.965069591999053955e-02 2.711611799895763397e-02
9.190756827592849731e-02 2.610998228192329407e-02
8.427369594573974609e-02 2.504001557826995850e-02
7.673970609903335571e-02 2.390328235924243927e-02
6.930815428495407104e-02 2.269836328923702240e-02
6.198487058281898499e-02 2.142806351184844971e-02
5.478155612945556641e-02 2.008821815252304077e-02
4.771855846047401428e-02 1.867035403847694397e-02
4.085095971822738647e-02 1.715843379497528076e-02
3.423926606774330139e-02 1.554597355425357819e-02
2.798383869230747223e-02 1.386585179716348648e-02
2.216727659106254578e-02 1.212645694613456726e-02
1.689627580344676971e-02 1.035810168832540512e-02
1.228177081793546677e-02 8.598858490586280823e-03
8.416690863668918610e-03 6.903447676450014114e-03
5.357268732041120529e-03 5.327753722667694092e-03
3.078269073739647865e-03 3.913027234375476837e-03
1.527132699266076088e-03 2.696864306926727295e-03
5.755071761086583138e-04 1.691371900960803032e-03
9.291576861869543791e-05 8.937709499150514603e-04
-9.377218520967289805e-05 2.619975130073726177e-04
-8.517075184499844909e-05 -2.505101438146084547e-04
2.938736543001141399e-05 -7.145570125430822372e-04
2.198049041908234358e-04 -1.178056700155138969e-03
5.238041048869490623e-04 -1.686695031821727753e-03
1.024970784783363342e-03 -2.259470755234360695e-03
1.863017561845481396e-03 -2.897719852626323700e-03
3.167103976011276245e-03 -3.606243990361690521e-03
5.107694305479526520e-03 -4.389686509966850281e-03
7.822420448064804077e-03 -5.233329720795154572e-03
1.143437158316373825e-02 -6.124643608927726746e-03
1.595808938145637512e-02 -7.044819183647632599e-03
2.135547064244747162e-02 -7.968404330313205719e-03
2.754925191402435303e-02 -8.877071551978588104e-03
3.441850841045379639e-02 -9.722031652927398682e-03
4.179545864462852478e-02 -1.047823671251535416e-02
4.949810728430747986e-02 -1.113989762961864471e-02
5.740587785840034485e-02 -1.172087155282497406e-02
6.541014462709426880e-02 -1.222492847591638565e-02
7.346117496490478516e-02 -1.266891043633222580e-02
8.151493221521377563e-02 -1.305798068642616272e-02
8.958277106285095215e-02 -1.342455856502056122e-02
9.769440442323684692e-02 -1.377340871840715408e-02
1.058633103966712952e-01 -1.408933289349079132e-02
1.140949800610542297e-01 -1.437228266149759293e-02
1.223885565996170044e-01 -1.461623329669237137e-02
1.307444721460342407e-01 -1.482450310140848160e-02
1.391328126192092896e-01 -1.499830465763807297e-02
1.475452482700347900e-01 -1.514739543199539185e-02
1.559645235538482666e-01 -1.527588814496994019e-02
1.644079387187957764e-01 -1.539647672325372696e-02
1.728723645210266113e-01 -1.550349500030279160e-02
1.813547164201736450e-01 -1.559456437826156616e-02
1.898579150438308716e-01 -1.566800661385059357e-02
1.983814984560012817e-01 -1.571735553443431854e-02
2.069290280342102051e-01 -1.574839279055595398e-02
2.154708951711654663e-01 -1.576399430632591248e-02
2.239996492862701416e-01 -1.576975174248218536e-02
2.325053066015243530e-01 -1.576199010014533997e-02
2.409990131855010986e-01 -1.573209464550018311e-02
2.494791001081466675e-01 -1.568634435534477234e-02
2.579555213451385498e-01 -1.562325656414031982e-02
2.664349079132080078e-01 -1.555027533322572708e-02
2.749070823192596436e-01 -1.546682603657245636e-02
2.833902537822723389e-01 -1.538499817252159119e-02
2.918773889541625977e-01 -1.529854256659746170e-02
3.003861606121063232e-01 -1.520649529993534088e-02
3.089027106761932373e-01 -1.510927360504865646e-02
3.174304366111755371e-01 -1.499837823212146759e-02
3.259748220443725586e-01 -1.488370820879936218e-02
3.345427811145782471e-01 -1.476711407303810120e-02
3.431339263916015625e-01 -1.466018892824649811e-02
3.517078161239624023e-01 -1.454470213502645493e-02
3.602691888809204102e-01 -1.442946027964353561e-02
3.688102960586547852e-01 -1.429967302829027176e-02
3.773550093173980713e-01 -1.414489932358264923e-02
3.858717679977416992e-01 -1.397009100764989853e-02
3.943667411804199219e-01 -1.377032510936260223e-02
4.028590321540832520e-01 -1.355874352157115936e-02
4.113676249980926514e-01 -1.334583945572376251e-02
4.199132621288299561e-01 -1.313534099608659744e-02
4.284776747226715088e-01 -1.291476562619209290e-02
4.370658993721008301e-01 -1.270305179059505463e-02
4.456707537174224854e-01 -1.248727831989526749e-02
4.543055295944213867e-01 -1.225728634744882584e-02
4.629242420196533203e-01 -1.202624291181564331e-02
4.715177118778228760e-01 -1.179324276745319366e-02
4.800913035869598389e-01 -1.156461704522371292e-02
4.886448085308074951e-01 -1.133621949702501297e-02
4.971966445446014404e-01 -1.110468059778213501e-02
5.057404637336730957e-01 -1.086983550339937210e-02
5.142893195152282715e-01 -1.063636876642704010e-02
5.228503346443176270e-01 -1.039561256766319275e-02
5.314230918884277344e-01 -1.014229003340005875e-02
5.399962663650512695e-01 -9.883875027298927307e-03
5.485782623291015625e-01 -9.609300643205642700e-03
5.571626424789428711e-01 -9.321613237261772156e-03
5.657540559768676758e-01 -9.012805297970771790e-03
5.743529200553894043e-01 -8.692911826074123383e-03
5.829526782035827637e-01 -8.369260467588901520e-03
5.915741920471191406e-01 -8.043378591537475586e-03
6.002129912376403809e-01 -7.725256960839033127e-03
6.088522076606750488e-01 -7.412890437990427017e-03
6.174904704093933105e-01 -7.107066921889781952e-03
6.261236071586608887e-01 -6.795073859393596649e-03
6.347141265869140625e-01 -6.483637262135744095e-03
6.432809233665466309e-01 -6.165724247694015503e-03
6.518116593360900879e-01 -5.847597029060125351e-03
6.603236198425292969e-01 -5.533312447369098663e-03
6.688510775566101074e-01 -5.211297888308763504e-03
6.773944497108459473e-01 -4.891478922218084335e-03
6.859681010246276855e-01 -4.573372192680835724e-03
6.945813298225402832e-01 -4.258977714926004410e-03
7.032212615013122559e-01 -3.939890302717685699e-03
7.118576169013977051e-01 -3.619775874540209770e-03
7.204831242561340332e-01 -3.296605776995420456e-03
7.290787100791931152e-01 -2.968773944303393364e-03
7.376473546028137207e-01 -2.648832276463508606e-03
7.461888194084167480e-01 -2.320640953257679939e-03
7.547088265419006348e-01 -1.997474115341901779e-03
7.632322907447814941e-01 -1.692572492174804211e-03
7.717749476432800293e-01 -1.408331445418298244e-03
7.803263068199157715e-01 -1.149047631770372391e-03
7.888793349266052246e-01 -9.124713833443820477e-04
7.974174618721008301e-01 -6.968875532038509846e-04
8.059387803077697754e-01 -4.898039624094963074e-04
8.144399523735046387e-01 -2.982495061587542295e-04
8.229226469993591309e-01 -9.662813681643456221e-05
8.314008116722106934e-01 1.058837151504121721e-04
8.398912549018859863e-01 2.972937945742160082e-04
8.484048247337341309e-01 4.821082984562963247e-04
8.569395542144775391e-01 6.438769632950425148e-04
8.654782176017761230e-01 7.846051594242453575e-04
8.740031123161315918e-01 8.963123545981943607e-04
8.824987411499023438e-01 9.853711817413568497e-04
8.909541368484497070e-01 1.053098589181900024e-03
8.993818163871765137e-01 1.112307072617113590e-03
9.077811837196350098e-01 1.132365548983216286e-03
9.161681532859802246e-01 1.126927672885358334e-03
9.245774149894714355e-01 1.112536760047078133e-03
9.333841800689697266e-01 1.060987240634858608e-03
9.416816830635070801e-01 9.958859300240874290e-04
9.495855569839477539e-01 9.060263982973992825e-04
9.572049379348754883e-01 7.840983453206717968e-04
9.646563529968261719e-01 6.157983443699777126e-04
9.682301282882690430e-01 5.072205094620585442e-04
9.754786491394042969e-01 2.197708963649347425e-04
9.830658435821533203e-01 -1.817590964492410421e-04
9.912368059158325195e-01 -7.217954844236373901e-04
1.000236630439758301e+00 -1.424764283001422882e-03
