Airfoils2D_162
9.999934265185315141e-01 6.619116279488714482e-04
9.915615587526038777e-01 1.192268201211334720e-03
9.831153213204313346e-01 1.707609396002221155e-03
9.746548017966629729e-01 2.210153200245671030e-03
9.661800892312207845e-01 2.702138831078549491e-03
9.576912325284260286e-01 3.185829336200500430e-03
9.491882298719811484e-01 3.663512296116813206e-03
9.406713025044488585e-01 4.137484898859892200e-03
9.321408940186536318e-01 4.610054618049187931e-03
9.236124836058889898e-01 5.082716410479393675e-03
9.150980020931465120e-01 5.557159051391711083e-03
9.065974365256629364e-01 6.035711360972336251e-03
8.981108789906022682e-01 6.520674069945536951e-03
8.896384206189901223e-01 7.014325942168573268e-03
8.811802476756356306e-01 7.518918217005282970e-03
8.727364096624111722e-01 8.036688426264959259e-03
8.643067680959204413e-01 8.569865075755000658e-03
8.558795584325871175e-01 9.120748724336965110e-03
8.474426060168872565e-01 9.688977387908687469e-03
8.389954844544772472e-01 1.027274090428242394e-02
8.305380590694217968e-01 1.087019543397570349e-02
8.220702117039484502e-01 1.147948093796340337e-02
8.135917754491427401e-01 1.209872581470873565e-02
8.051025737886062794e-01 1.272604413562550621e-02
7.966023061927208770e-01 1.335954407631095506e-02
7.880909380231401196e-01 1.399729866438730562e-02
7.795692487078736965e-01 1.463730407749551030e-02
7.710521014787555805e-01 1.527648605767412300e-02
7.625462476804334422e-01 1.591238473263603334e-02
7.540513903667215301e-01 1.654308484109433611e-02
7.455673453705917719e-01 1.716667804756524113e-02
7.370939439944297344e-01 1.778127011712864886e-02
7.286310606860887384e-01 1.838497887558720664e-02
7.201730688263134894e-01 1.897661788928976453e-02
7.117138522359391928e-01 1.955634200063928463e-02
7.032533538661694950e-01 2.012423884226756735e-02
6.947915911305401204e-01 2.068039082827425809e-02
6.863285765862227050e-01 2.122488071134061988e-02
6.778643314265759834e-01 2.175779070913301527e-02
6.693988742346502763e-01 2.227920324864481050e-02
6.609322224907137056e-01 2.278920085834978959e-02
6.524643928705882168e-01 2.328786614329129631e-02
6.439953984968712630e-01 2.377528193606968931e-02
6.355252620988020018e-01 2.425153054216890730e-02
6.270540012187036938e-01 2.471669460598019397e-02
6.185816334136167161e-01 2.517085680105074150e-02
6.101081733204640756e-01 2.561409998177410774e-02
6.016336383302047786e-01 2.604650687877214585e-02
5.931580491654905307e-01 2.646816008827658148e-02
5.846814234397189614e-01 2.687914240133329469e-02
5.762037787796109312e-01 2.727953663849202667e-02
5.677251276039678718e-01 2.766942588671965700e-02
5.592454919123767132e-01 2.804889281462933509e-02
5.507648902386824696e-01 2.841802029130117632e-02
5.422833402604364528e-01 2.877689125601686632e-02
5.338008581092802407e-01 2.912558874093690645e-02
5.253174584832767113e-01 2.946419585745732941e-02
5.168331636515862693e-01 2.979279544442566680e-02
5.083479913382946691e-01 3.011147056061808103e-02
4.998619592784150911e-01 3.042030429474128217e-02
4.913750810642022460e-01 3.071937990945026314e-02
4.828873766124824884e-01 3.100878046678140487e-02
4.743988656783262314e-01 3.128858907436596337e-02
4.659095660380948578e-01 3.155888894110654014e-02
4.574194955482265845e-01 3.181976330385377638e-02
4.489295273337855496e-01 3.207122789440301075e-02
4.404408831124337897e-01 3.231305616716376866e-02
4.319535920622612490e-01 3.254497784242629810e-02
4.234676555803938980e-01 3.276672370985950211e-02
4.149830856820799219e-01 3.297802460752436576e-02
4.064998818972654915e-01 3.317861202066200305e-02
3.980180366216913290e-01 3.336821788700443381e-02
3.895375511281392589e-01 3.354657422204555817e-02
3.810584266514150942e-01 3.371341334590034072e-02
3.725806814488909491e-01 3.386846758259302870e-02
3.641043016355858808e-01 3.401147017578383391e-02
3.556292862017703671e-01 3.414215439701009241e-02
3.471556361986268269e-01 3.426025377949027534e-02
3.386833555062563339e-01 3.436550212379416852e-02
3.302124580808254994e-01 3.445763344631030956e-02
3.217429288173792035e-01 3.453638239256759390e-02
3.132784225269226175e-01 3.460128515241309849e-02
3.048249101999986888e-01 3.465081180889920121e-02
2.963826604645394824e-01 3.468308857706568771e-02
2.879517804078631782e-01 3.469625778366994956e-02
2.795322233957173164e-01 3.468847702526988569e-02
2.711240359888233420e-01 3.465791825195344011e-02
2.627272637460441040e-01 3.460276808406449051e-02
2.543419509250399169e-01 3.452122766559031358e-02
2.459682012530474415e-01 3.441151341868591701e-02
2.376060319908583907e-01 3.427185530976827738e-02
2.292554400554220884e-01 3.410049664626557675e-02
2.209164611361960906e-01 3.389569505007637013e-02
2.125891278740674739e-01 3.365572178542434317e-02
2.042734694724814559e-01 3.337886154144755618e-02
1.959695112975262110e-01 3.306341219595029801e-02
1.876773201756783971e-01 3.270768663459379388e-02
1.793986653905702833e-01 3.231002031395210916e-02
1.711372386316596106e-01 3.186836552626371583e-02
1.628939556058599802e-01 3.138036463807109683e-02
1.546696147301035995e-01 3.084368277266382255e-02
1.464650057154452956e-01 3.025601340417376911e-02
1.382809082771785658e-01 2.961507807077407017e-02
1.301180908138999948e-01 2.891862603084650873e-02
1.219773090596784765e-01 2.816443385186289880e-02
1.138631893399366934e-01 2.735053140292381668e-02
1.057830325010548356e-01 2.647414584769331586e-02
9.773679566904631966e-02 2.553137519329362962e-02
8.972404049824646288e-02 2.451834779454853050e-02
8.174428758034980869e-02 2.343125383785033683e-02
7.379701363197092856e-02 2.226633965747557703e-02
6.588164891405753898e-02 2.101990161019676520e-02
5.799757493777147471e-02 1.968827950668228244e-02
5.014619256640943934e-02 1.826821669662892153e-02
4.234420638231779083e-02 1.675927153821235235e-02
3.461532083184253039e-02 1.516253157263705922e-02
2.698424553958440886e-02 1.347969734606770456e-02
2.029442825467930520e-02 1.187230391812878379e-02
1.497981556788396777e-02 1.032971967673137342e-02
1.036196421649493091e-02 8.644301617560849749e-03
6.264942482312373107e-03 6.774367932741655503e-03
3.726057692110818810e-03 5.344405548518992369e-03
2.442550128523816085e-03 4.389917407682932676e-03
1.588510639653841188e-03 3.544300736046634460e-03
1.050982636568813288e-03 2.827670415670413030e-03
6.465382676744646203e-04 2.073565356208750734e-03
3.995571604195709476e-04 1.373839653144872785e-03
2.556271612914822020e-04 6.406033895615002513e-04
2.239496062524883491e-04 -8.225385672523174562e-05
3.014784265574581268e-04 -7.854811701008695708e-04
4.824161106568073906e-04 -1.465448449019152643e-03
7.752554870278981301e-04 -2.131242859236143379e-03
1.169308020818733869e-03 -2.736758736783473367e-03
1.707879776024201534e-03 -3.330961059951620395e-03
2.496695508300541579e-03 -3.969860299672559739e-03
3.701256695291699639e-03 -4.686253915904480330e-03
6.107157452712368671e-03 -5.734036387328173522e-03
1.033439837882795843e-02 -7.186053261474744172e-03
1.513369896511001546e-02 -8.430699899237064851e-03
2.062457476333497824e-02 -9.470117827122918885e-03
2.744130635986286731e-02 -1.043395415098236426e-02
3.531401888836595976e-02 -1.140274339804060386e-02
4.331960860210967712e-02 -1.230307740812306740e-02
5.142824580372657578e-02 -1.314225061432896732e-02
5.962270941051964201e-02 -1.393008810251149601e-02
6.784284674755666766e-02 -1.466893380302652927e-02
7.606855957364939969e-02 -1.535824017157758417e-02
8.430012328010655365e-02 -1.599873841739673369e-02
9.253781038965916417e-02 -1.659116006069272578e-02
1.007819056149147630e-01 -1.713623806506824748e-02
1.090326753173777724e-01 -1.763470482848093768e-02
1.172903704467018471e-01 -1.808729295244297999e-02
1.255556860103159977e-01 -1.849476024902002233e-02
1.338364316192646730e-01 -1.885874653998405315e-02
1.421363749748055239e-01 -1.918189805235769388e-02
1.504552850213008719e-01 -1.946685741416398843e-02
1.587929247247792386e-01 -1.971630061732566191e-02
1.671491161207001308e-01 -1.993293910030861579e-02
1.755236471908695473e-01 -2.011951721391421269e-02
1.839161806199559046e-01 -2.027881179836294248e-02
1.923260533387157190e-01 -2.041362829132727791e-02
2.007458555963773650e-01 -2.052616340201614958e-02
2.091719595461246639e-01 -2.061753605426432795e-02
2.176044263904651777e-01 -2.068877847787712471e-02
2.260432426486198576e-01 -2.074092673825459268e-02
2.344884001001872331e-01 -2.077502184405340471e-02
2.429399103909848090e-01 -2.079210970761509111e-02
2.513977847418488731e-01 -2.079324098233553339e-02
2.598620803290273007e-01 -2.077947098035603027e-02
2.683327905749030018e-01 -2.075185978254402708e-02
2.768098978939448895e-01 -2.071147249599899348e-02
2.852934124321009346e-01 -2.065937906885757097e-02
2.937833442056646538e-01 -2.059665433957172387e-02
3.022797767167366700e-01 -2.052437740044018785e-02
3.107826543006007580e-01 -2.044363340027263720e-02
3.192919801146137937e-01 -2.035551209309254678e-02
3.278076000253447031e-01 -2.026110897275557043e-02
3.363244998489992033e-01 -2.016122162216551009e-02
3.448398002314147504e-01 -2.005575087196908093e-02
3.533534910351813774e-01 -1.994443422812494301e-02
3.618655568008709023e-01 -1.982700954487002717e-02
3.703759789517069856e-01 -1.970321501027309796e-02
3.788847285526644182e-01 -1.957278927230242729e-02
3.873918068810482396e-01 -1.943547081066546861e-02
3.958971985319638676e-01 -1.929099862768970247e-02
4.044008881183868698e-01 -1.913911201142702231e-02
4.129028458009771918e-01 -1.897955081360040014e-02
4.214030657658442980e-01 -1.881205474157866472e-02
4.299015377014974715e-01 -1.863636384820298308e-02
4.383982463113411665e-01 -1.845221856222524839e-02
4.468931713283041396e-01 -1.825935971224120630e-02
4.553862883727389232e-01 -1.805752853235777222e-02
4.638776663696049241e-01 -1.784646449490119927e-02
4.723694963282620285e-01 -1.762600423980260553e-02
4.808631735294445764e-01 -1.739640372741397753e-02
4.893587297525069379e-01 -1.715801905850769873e-02
4.978561651520627129e-01 -1.691120772859530316e-02
5.063554849206060027e-01 -1.665632766686746605e-02
5.148567013490927824e-01 -1.639373714545796709e-02
5.233598343037645373e-01 -1.612379473250864434e-02
5.318649080927079220e-01 -1.584685936647016458e-02
5.403719154926562851e-01 -1.556329155624119019e-02
5.488808687651020035e-01 -1.527345174339140785e-02
5.573917801722441112e-01 -1.497770091354660819e-02
5.659046874750701672e-01 -1.467639968712767043e-02
5.744195798377341733e-01 -1.436991093473999337e-02
5.829364672916768075e-01 -1.405859736206204955e-02
5.914553621287419460e-01 -1.374282214368786198e-02
5.999762948642304305e-01 -1.342294831530011466e-02
6.084992698144188195e-01 -1.309934043311337601e-02
6.170242892503277066e-01 -1.277236369974991438e-02
6.255513655289676178e-01 -1.244238349373283370e-02
6.340805239867505216e-01 -1.210976523889236572e-02
6.426117800581232498e-01 -1.177487529091878100e-02
6.511451303119494272e-01 -1.143808130807217292e-02
6.596805871950932598e-01 -1.109975088789539807e-02
6.682181729325681330e-01 -1.076025179586123995e-02
6.767579100099413436e-01 -1.041995234287322776e-02
6.852997418818913555e-01 -1.007922455381327076e-02
6.938413156323466335e-01 -9.738532569294839833e-03
7.023807522584064600e-01 -9.398321571608520344e-03
7.109180366453201616e-01 -9.058961854364817531e-03
7.194532027166158361e-01 -8.720821197790057031e-03
7.279862629401875340e-01 -8.384267679445552707e-03
7.365172250098541706e-01 -8.049669006455522496e-03
7.450460820521825900e-01 -7.717392889855483572e-03
7.535728706449100756e-01 -7.387804786830507418e-03
7.620976031622235247e-01 -7.061270552605729972e-03
7.706202919580255051e-01 -6.738155490092565501e-03
7.791409216995495157e-01 -6.418825381313378840e-03
7.876595319235213388e-01 -6.103643385674624791e-03
7.961761355206052881e-01 -5.792973129081484956e-03
8.046907447805535796e-01 -5.487177710988181724e-03
8.132033522174478835e-01 -5.186620374710874601e-03
8.217139820464753885e-01 -4.891662675498275117e-03
8.302226544906348149e-01 -4.602665785733196097e-03
8.387293818114005539e-01 -4.319990616372886005e-03
8.472341664281772822e-01 -4.043997849847589567e-03
8.557370132354809034e-01 -3.775047515307047592e-03
8.642379518537464111e-01 -3.513498321773135796e-03
8.727369945625966796e-01 -3.259709007239556134e-03
8.812341536544543441e-01 -3.014037769798650832e-03
8.897294170057267193e-01 -2.776842938428178333e-03
8.982228194326749016e-01 -2.548480964657310298e-03
9.067143753769144610e-01 -2.329308371174179052e-03
9.152040972213286718e-01 -2.119681204644242086e-03
9.236919873988885810e-01 -1.919955206588214516e-03
9.321780524889053954e-01 -1.730485447598330284e-03
9.406623209884917847e-01 -1.551625987273198577e-03
9.491448054400510870e-01 -1.383730741149908055e-03
9.576255184372775009e-01 -1.227153096276157110e-03
9.661044537607504923e-01 -1.082246222045981461e-03
9.745816367184154672e-01 -9.493621836699240321e-04
9.830570865156836868e-01 -8.288526756638373103e-04
9.915308160051984343e-01 -7.210689851575031572e-04
1.000002838117328929e+00 -6.263618795686338309e-04
