Airfoils2D_152
1.000002463837764255e+00 3.384449895451065822e-04
9.914978802365714827e-01 9.608494856508110723e-04
9.829933484897893647e-01 1.579548403614576286e-03
9.744888681100000172e-01 2.194484939578610679e-03
9.659844386100154834e-01 2.805602303046484097e-03
9.574800625551551647e-01 3.412843499639918454e-03
9.489757376749744511e-01 4.016151895963567149e-03
9.404714622114295208e-01 4.615470832759031861e-03
9.319672356778091471e-01 5.210743573068500958e-03
9.234630593071287974e-01 5.801913274171520245e-03
9.149589334829020260e-01 6.388923168525055367e-03
9.064548551257413100e-01 6.971716740203111676e-03
8.979508237486628630e-01 7.550237305798361900e-03
8.894468392016057212e-01 8.124428172596089709e-03
8.809429046212512437e-01 8.694232442560572913e-03
8.724390155561057014e-01 9.259593741119856447e-03
8.639351715181251556e-01 9.820455438421714367e-03
8.554313720188739811e-01 1.037676091798162697e-02
8.469276197608084367e-01 1.092845337051246909e-02
8.384239121560644881e-01 1.147547634596000031e-02
8.299202476192113487e-01 1.201777333939182783e-02
8.214166256597078553e-01 1.255528778787051367e-02
8.129130474835793985e-01 1.308796303599238202e-02
8.044095134769705391e-01 1.361574249624965781e-02
7.959060205691745882e-01 1.413856980809863328e-02
7.874025682666621062e-01 1.465638846212844251e-02
7.788991562282365777e-01 1.516914195309151253e-02
7.703957879127731889e-01 1.567677356370595493e-02
7.618924587136267634e-01 1.617922707377949729e-02
7.533891681333548807e-01 1.667644602739195084e-02
7.448859156734001230e-01 1.716837398196763981e-02
7.363827036421517480e-01 1.765495434847081865e-02
7.278795301680097696e-01 1.813613079350589324e-02
7.193763933081724904e-01 1.861184699747249829e-02
7.108732925589570373e-01 1.908204657121502848e-02
7.023702285680215596e-01 1.954667307629142509e-02
6.938672027564428690e-01 2.000567004907254781e-02
6.853642115324525275e-01 2.045898130994296474e-02
6.768612543862280173e-01 2.090655052308646941e-02
6.683583308062642780e-01 2.134832136598612332e-02
6.598554439479529243e-01 2.178423734260824529e-02
6.513525901760686132e-01 2.221424232139953062e-02
6.428497684217451269e-01 2.263828004825978873e-02
6.343469781660134865e-01 2.305629425387566850e-02
6.258442207901221410e-01 2.346822859072004996e-02
6.173414961704282167e-01 2.387402680120866497e-02
6.088388014763957967e-01 2.427363276836815020e-02
6.003361361804848695e-01 2.466699027594805582e-02
5.918334998401778568e-01 2.505404311697580905e-02
5.833308959389289505e-01 2.543473492354238197e-02
5.748283198352421852e-01 2.580900970757534635e-02
5.663257709918626537e-01 2.617681130571460763e-02
5.578232488689465196e-01 2.653808356777213190e-02
5.493207553248984354e-01 2.689277025749805400e-02
5.408182891848398732e-01 2.724081528218358361e-02
5.323158481252323604e-01 2.758216260590187069e-02
5.238134315950354614e-01 2.791675613108986903e-02
5.153110395170736879e-01 2.824453975509252229e-02
5.068086745381048530e-01 2.856545728806195172e-02
4.983063324128408356e-01 2.887945281530085798e-02
4.898040125778141962e-01 2.918647029161456491e-02
4.813017144662847246e-01 2.948645368483666582e-02
4.727994401567844895e-01 2.977934688567792504e-02
4.642971879159729087e-01 3.006509393316380077e-02
4.557949710923095421e-01 3.034363838765434529e-02
4.472944669635312009e-01 3.061477882672166903e-02
4.387975954634366071e-01 3.087789900510645724e-02
4.303044360800233337e-01 3.113233028765030608e-02
4.218149597588679578e-01 3.137740925706809791e-02
4.133291797183523131e-01 3.161247302511260154e-02
4.048471091882469564e-01 3.183686055615708721e-02
3.963687834267141108e-01 3.204991212385228244e-02
3.878942177491610521e-01 3.225097043004696712e-02
3.794234007166842337e-01 3.243938061142568469e-02
3.709563454269617644e-01 3.261448900255033839e-02
3.624930648951115719e-01 3.277564376536783175e-02
3.540335986086777798e-01 3.292219444686250024e-02
3.455779501623942873e-01 3.305349312762485142e-02
3.371261143477158329e-01 3.316889375037482268e-02
3.286781036220913221e-01 3.326775173678346575e-02
3.202339302434968893e-01 3.334942430531170898e-02
3.117936265816054764e-01 3.341327033209546410e-02
3.033572054675564567e-01 3.345865073817561042e-02
2.949246565398363495e-01 3.348492828210353212e-02
2.864959909844476682e-01 3.349146729805365513e-02
2.780712196497983624e-01 3.347763387483976977e-02
2.696503564764144434e-01 3.344279586426772422e-02
2.612334440775580524e-01 3.338632312057194379e-02
2.528204556143339166e-01 3.330758683124104835e-02
2.444114002687968468e-01 3.320595999649295083e-02
2.360062867286097099e-01 3.308081731037268436e-02
2.276051231539287512e-01 3.293153514575515584e-02
2.192079305323823002e-01 3.275749183587475105e-02
2.108147256880060494e-01 3.255806743364755146e-02
2.024254912324827682e-01 3.233264279327775076e-02
1.940402328590115077e-01 3.208060083237808391e-02
1.856590145893942667e-01 3.180132811876264232e-02
1.772961959492521111e-01 3.149398783684850822e-02
1.689689612350736558e-01 3.115454858711615149e-02
1.606782541834022304e-01 3.077758328609732016e-02
1.524243234372890665e-01 3.035777372699006993e-02
1.442076609037751811e-01 2.988994453054368353e-02
1.360287401154608722e-01 2.936904935901171049e-02
1.278880104108646720e-01 2.879016686607099515e-02
1.197857235760950434e-01 2.814848242239143677e-02
1.117018953685524202e-01 2.743849935493937464e-02
1.036106021057397741e-01 2.665878781880597417e-02
9.551066336708324833e-02 2.581139875693478844e-02
8.740148228193569957e-02 2.489845330575107124e-02
7.928247485438420783e-02 2.392209607925176867e-02
7.115306871653312437e-02 2.288449630932476789e-02
6.301270187685770185e-02 2.178784886732699003e-02
5.486334745628745208e-02 2.063474088360885486e-02
4.707749209784871380e-02 1.946308510672516146e-02
3.992707908446187920e-02 1.824092098762009062e-02
3.331009026663235562e-02 1.689828932642920695e-02
2.715371894451631268e-02 1.539148742830886117e-02
2.139695412490982482e-02 1.369064910327943453e-02
1.598157334421182463e-02 1.177089251157351080e-02
1.085265654183607126e-02 9.607031331182619774e-03
6.347287828881985686e-03 7.374567385667775768e-03
4.112753422559681932e-03 6.019058115795602147e-03
2.750081279804566809e-03 4.934188640384710479e-03
1.836837905789574441e-03 3.972877314553016105e-03
1.163556941252834624e-03 3.023338706564467938e-03
6.532538371903252178e-04 2.012909531128478230e-03
3.484932954187084969e-04 1.106409902745868331e-03
1.788393400949711467e-04 1.624265946047456961e-04
1.684563452340508887e-04 -7.166092161885800546e-04
3.093535849547957061e-04 -1.568983126846300747e-03
6.071601334914482903e-04 -2.445639377876482595e-03
1.059793662503304449e-03 -3.315148818282460854e-03
1.679437482726344995e-03 -4.170739800727984482e-03
2.478842616530190380e-03 -4.987818667773542824e-03
3.580416361944324666e-03 -5.823086581603309671e-03
5.123017931733813042e-03 -6.680875738335220401e-03
7.771729760434398400e-03 -7.744557030283539568e-03
1.225530006218334030e-02 -9.126522118149599239e-03
1.732836487854943000e-02 -1.029909408193344263e-02
2.313563601556867938e-02 -1.127475013519009181e-02
3.015143903135716896e-02 -1.215444658346361527e-02
3.821766444318321077e-02 -1.304173451050426140e-02
4.634749634340636082e-02 -1.387319966535527707e-02
5.451049416919626078e-02 -1.464824447396778813e-02
6.270002140350851294e-02 -1.536904342943142161e-02
7.090801466440753431e-02 -1.603753317386923116e-02
7.913159458871334151e-02 -1.665561387215537884e-02
8.737074656778960613e-02 -1.722535793015912697e-02
9.562544690736976549e-02 -1.774885672163691724e-02
1.038956635662185296e-01 -1.822822124039170585e-02
1.121813626536978525e-01 -1.866558298934805835e-02
1.204825885235621397e-01 -1.906309800762936990e-02
1.287991979031733736e-01 -1.942293454262777538e-02
1.371311325505359113e-01 -1.974728760322176299e-02
1.454783294104500246e-01 -2.003837438248524602e-02
1.538407212614052444e-01 -2.029843465761348512e-02
1.622182373353592555e-01 -2.052973116349532043e-02
1.706108325910107026e-01 -2.073455060112550791e-02
1.790185177897128110e-01 -2.091520416764407891e-02
1.874411056590430946e-01 -2.107402274957712734e-02
1.958783757833662265e-01 -2.121336212223738638e-02
2.043231468708376630e-01 -2.133506662710428145e-02
2.127694095297818777e-01 -2.143955251579908808e-02
2.212170939771290201e-01 -2.152701903531335087e-02
2.296661672862486403e-01 -2.159766624783833813e-02
2.381166030878021089e-01 -2.165169449504368571e-02
2.465683771792467616e-01 -2.168930431729242103e-02
2.550214652855547492e-01 -2.171069642889648238e-02
2.634758528121438625e-01 -2.171607171582750836e-02
2.719315095144697048e-01 -2.170563120050753025e-02
2.803884070364758285e-01 -2.167957611758171768e-02
2.888465208360104231e-01 -2.163810788419297942e-02
2.973058263104704779e-01 -2.158142809435446841e-02
3.057663081674676375e-01 -2.150973843179240438e-02
3.142279368236433057e-01 -2.142324085074313877e-02
3.226906830436955809e-01 -2.132213751312580716e-02
3.311545220051044236e-01 -2.120663072545193872e-02
3.396194288362891500e-01 -2.107692297302204629e-02
3.480853886435593680e-01 -2.093321674184047201e-02
3.565523704752861511e-01 -2.077571494323580265e-02
3.650203453227466310e-01 -2.060462066594580602e-02
3.734892881389549890e-01 -2.042013711379326094e-02
3.819591738385588187e-01 -2.022246767049561481e-02
3.904299890179598886e-01 -2.001181559952839445e-02
3.989016993300665836e-01 -1.978838484153101762e-02
4.073742770909419275e-01 -1.955237938169976028e-02
4.158476970814602991e-01 -1.930400332539679992e-02
4.243219341040262993e-01 -1.904346095678069450e-02
4.327969771786155384e-01 -1.877095627221329888e-02
4.412727866931826504e-01 -1.848669434903044487e-02
4.497493373260251781e-01 -1.819088001512333616e-02
4.582266037344731036e-01 -1.788371827878654230e-02
4.667045714158707392e-01 -1.756541391538766692e-02
4.751842533947760461e-01 -1.723619171092800884e-02
4.836665694483787692e-01 -1.689649681199140510e-02
4.921515525998018115e-01 -1.654685878883856848e-02
5.006392358435703960e-01 -1.618780840193196138e-02
5.091296757425878283e-01 -1.581987657182938253e-02
5.176228974785233028e-01 -1.544359673261869702e-02
5.261189185255458201e-01 -1.505950390734933121e-02
5.346177718554301350e-01 -1.466813366021520876e-02
5.431194947674417017e-01 -1.427002255981794400e-02
5.516241522244658135e-01 -1.386570705087718063e-02
5.601317413115417532e-01 -1.345572800835644414e-02
5.686422951029397321e-01 -1.304062585500388380e-02
5.771558467140910365e-01 -1.262094223456216961e-02
5.856724605974933384e-01 -1.219721845167843870e-02
5.941921494674076154e-01 -1.176999959929090137e-02
6.027149361111631132e-01 -1.133983153014836431e-02
6.112408538543618874e-01 -1.090726081174590856e-02
6.197699583131397461e-01 -1.047283411469456492e-02
6.283022817665024906e-01 -1.003710053700017021e-02
6.368378252178118482e-01 -9.600612032190378523e-03
6.453738040049844527e-01 -9.164064219178012088e-03
6.539066858120970993e-01 -8.728191070335952068e-03
6.624364317987980755e-01 -8.293546742322190427e-03
6.709631021629115510e-01 -7.860679081718986369e-03
6.794867303673042258e-01 -7.430136058143074936e-03
6.880073421328503080e-01 -7.002464788209910446e-03
6.965249443750159974e-01 -6.578212071731126195e-03
7.050396048029923257e-01 -6.157920435691010934e-03
7.135513566512363681e-01 -5.742132913685898260e-03
7.220602331069637669e-01 -5.331391315569687130e-03
7.305662325449859829e-01 -4.926237875016482859e-03
7.390693950204053619e-01 -4.527211565459282432e-03
7.475683422966956648e-01 -4.134999684314114368e-03
7.560617970372986996e-01 -3.750591143566918504e-03
7.645497250556197999e-01 -3.374984174210658629e-03
7.730321154392920668e-01 -3.009171673933765719e-03
7.815090195575006282e-01 -2.654139722781708854e-03
7.899804434348637328e-01 -2.310872308556645785e-03
7.984463930080599736e-01 -1.980349319116667291e-03
8.069068329940888296e-01 -1.663548066552788173e-03
8.153617854844542601e-01 -1.361439506381223507e-03
8.238112824183794203e-01 -1.074990316008122074e-03
8.322553298522504805e-01 -8.051641367567170934e-04
8.406939340061061472e-01 -5.529205976742841266e-04
8.491270699699320357e-01 -3.192161680751092650e-04
8.575547459574898168e-01 -1.050022532726322864e-04
8.659769999352268099e-01 8.877434042426827045e-05
8.743938394034793671e-01 2.611698452924624968e-04
8.828052723494294041e-01 4.112443981752129702e-04
8.912113073191690882e-01 5.380620145902588643e-04
8.996118993415092024e-01 6.406899790758378236e-04
9.080071114051706527e-01 7.182008816733998716e-04
9.163969563245983885e-01 7.696702357466397339e-04
9.247814456699142704e-01 7.941772776861937781e-04
9.331605919671512872e-01 7.908049577042350212e-04
9.415344087833616982e-01 7.586398985498399739e-04
9.499028677180318958e-01 6.967727476112118862e-04
9.582660218087980519e-01 6.042973362303543814e-04
9.666238954079542367e-01 4.803109857161555777e-04
9.749765071581359965e-01 3.239145271781652328e-04
9.833238771934267319e-01 1.342122011301220331e-04
9.916660272324830938e-01 -8.968840766375308217e-05
1.000002980672348718e+00 -3.486764401241667331e-04
