Airfoils2D_184F
1.000005498760937250e+00 1.350693203758730786e-04
9.915105659154049844e-01 5.059419587705287760e-04
9.830114414013866320e-01 8.854183810232985367e-04
9.745080899550775388e-01 1.272741148715792045e-03
9.660004762470655315e-01 1.667150407052492029e-03
9.574885268011860129e-01 2.067885680974402077e-03
9.489722224293539732e-01 2.474181540857392936e-03
9.404515486468222329e-01 2.885269828892653501e-03
9.319264697188290869e-01 3.300380923817934371e-03
9.233969214479392784e-01 3.718744138566104293e-03
9.148628622914105613e-01 4.139585216042056953e-03
9.063242893533604017e-01 4.562125487090357839e-03
8.977813025857384055e-01 4.985578666185513062e-03
8.892391913720252283e-01 5.408899008715137117e-03
8.807015981013691652e-01 5.831122806356873849e-03
8.721684636878610508e-01 6.251472233867043891e-03
8.636397519725911298e-01 6.669170821273508708e-03
8.551154481394006579e-01 7.083443548310593141e-03
8.465955341262066947e-01 7.493518066413335128e-03
8.380799345366283237e-01 7.898627254821957017e-03
8.295686137354029155e-01 8.298004506249722148e-03
8.210615425169355275e-01 8.690885363357825355e-03
8.125587306442150215e-01 9.076506075999548478e-03
8.040600906204424803e-01 9.454109771407133087e-03
7.955655871501039478e-01 9.822939561998454000e-03
7.870751849824008106e-01 1.018224096472208386e-02
7.785888868633724647e-01 1.053126035440260511e-02
7.701066365148463433e-01 1.086924900665084230e-02
7.616283811744857246e-01 1.119546034269239612e-02
7.531540855659518696e-01 1.150914942041138603e-02
7.446837172858656873e-01 1.180957355442336515e-02
7.362172875693466789e-01 1.209599098548483354e-02
7.277546677594740610e-01 1.236766698712328180e-02
7.192860370421717553e-01 1.262465138442173812e-02
7.107976902282493459e-01 1.286974327618781513e-02
7.022892157203741714e-01 1.310625060889813835e-02
6.937605582735922871e-01 1.333751717263989556e-02
6.852142228127559020e-01 1.356686540219290311e-02
6.766777150096549009e-01 1.379698400951650042e-02
6.681614091717940074e-01 1.403100258073444913e-02
6.596654514554756155e-01 1.427227805215638794e-02
6.511896572445154963e-01 1.452412983208971678e-02
6.427340419694154150e-01 1.478982600098318299e-02
6.342986200023520427e-01 1.507258952456684738e-02
6.258834848504373216e-01 1.537559599683067241e-02
6.174886767683203104e-01 1.570197849449771546e-02
6.091140809088790853e-01 1.605483335734560202e-02
6.007597003850919659e-01 1.643721070728638989e-02
5.924253300745621065e-01 1.685213005632778260e-02
5.840862785573921467e-01 1.730256364677540057e-02
5.757152570828538707e-01 1.778605292701419469e-02
5.673110882130442123e-01 1.829719130623118709e-02
5.588734054112604044e-01 1.883038925495663166e-02
5.504015742504424491e-01 1.937993146236044809e-02
5.418949450741012974e-01 1.993995849053774999e-02
5.333685362002126285e-01 2.050342778198700755e-02
5.248726312884716139e-01 2.106089800438441101e-02
5.163940384827061525e-01 2.160819458521134884e-02
5.079150090658959282e-01 2.214551026463621591e-02
4.994352281628990919e-01 2.267292021953680112e-02
4.909546192991640079e-01 2.319048408300374009e-02
4.824731129938369945e-01 2.369826106012372022e-02
4.739906361347200892e-01 2.419631058642231561e-02
4.655071156249532272e-01 2.468469209925397423e-02
4.570224906537684317e-01 2.516346435255796890e-02
4.485388982286226955e-01 2.563243885360957930e-02
4.400584296253978733e-01 2.609094715485336946e-02
4.315811184164230485e-01 2.653832035011678692e-02
4.231069913557597983e-01 2.697389180750879231e-02
4.146361147503938027e-01 2.739699483993064677e-02
4.061684672376523197e-01 2.780696907196128498e-02
3.977040729173475508e-01 2.820315362455622435e-02
3.892429558787379729e-01 2.858488947949643436e-02
3.807851546050766700e-01 2.895151886349463591e-02
3.723307098195298148e-01 2.930238587241397463e-02
3.638796138512883638e-01 2.963683845402572889e-02
3.554318905074859702e-01 2.995422500363260909e-02
3.469875634600737557e-01 3.025389575712819634e-02
3.385466714015724632e-01 3.053520229694286353e-02
3.301092506723026232e-01 3.079749823906962475e-02
3.216752957175574856e-01 3.104014030369139227e-02
3.132448293790566773e-01 3.126248604314546542e-02
3.048178742162431787e-01 3.146389482110028418e-02
2.963944575545204296e-01 3.164372770316581374e-02
2.879746322934428893e-01 3.180134715418039826e-02
2.795583833984207067e-01 3.193611875681966888e-02
2.711457319641934482e-01 3.204740904264624657e-02
2.627366986355784695e-01 3.213458630849649889e-02
2.543313035719377835e-01 3.219702060457885900e-02
2.459295895655985165e-01 3.223408365487361038e-02
2.375315677587181429e-01 3.224514919180763994e-02
2.291372408943569972e-01 3.222959254051024902e-02
2.207466268067753423e-01 3.218679062665559532e-02
2.123597426566454782e-01 3.211612205172169332e-02
2.039766048920283736e-01 3.201696707351529142e-02
1.955972549229247903e-01 3.188870802416454708e-02
1.872218608008155427e-01 3.173073185166374460e-02
1.788673446336293549e-01 3.154191276994632726e-02
1.705527112820659219e-01 3.131739729500097880e-02
1.622786202471125927e-01 3.105105685366374435e-02
1.540454072075943537e-01 3.073693099897838871e-02
1.458533922500431790e-01 3.036922827990283513e-02
1.377028721439760572e-01 2.994232042726310480e-02
1.295941123208199375e-01 2.945073626729093758e-02
1.215273386644342424e-01 2.888915521681754972e-02
1.134858139168661018e-01 2.825188772297245257e-02
1.054500436167236793e-01 2.753659883970066904e-02
9.741991640835680200e-02 2.674340400319393310e-02
8.939554422658257948e-02 2.587243230249200790e-02
8.137704041280791056e-02 2.492380994212818959e-02
7.336452125990887418e-02 2.389766050863068383e-02
6.535810437780946447e-02 2.279410487263673971e-02
5.735855945177125575e-02 2.161336047554879292e-02
4.959541223100343704e-02 2.038078546098464131e-02
4.231124730909145704e-02 1.908427314839087480e-02
3.545310235421832851e-02 1.767077363889881306e-02
2.898877173385950787e-02 1.610534658113696796e-02
2.287502362790530888e-02 1.435948340220851403e-02
1.707812366660726652e-02 1.241166867137321293e-02
1.156312941519888927e-02 1.024177445492212291e-02
6.497552622044270448e-03 7.927948331654083303e-03
3.918251538383369335e-03 6.551582023337244702e-03
2.672677783696738186e-03 5.666670888933951142e-03
1.769973934649303471e-03 4.799064098391154186e-03
1.116398863293881910e-03 3.931087453346420943e-03
6.070430748305087956e-04 2.960761124522019987e-03
2.558493123886075452e-04 1.941801025055084687e-03
7.943660681678109859e-05 1.014314412307233812e-03
4.428973497892763588e-05 2.220727496554526477e-04
1.311304268064861494e-04 -5.259293103455405655e-04
3.182031497928778383e-04 -1.167630880158076643e-03
5.972840826530830633e-04 -1.763165410738615126e-03
9.901319329792906097e-04 -2.358056217888510053e-03
1.617266777467161196e-03 -3.057669220795866238e-03
2.462155380322376616e-03 -3.768428261562922679e-03
3.877047864948983749e-03 -4.670907982734729715e-03
6.564026255224544339e-03 -5.950982777620912600e-03
1.003773919412723030e-02 -7.193960756355997042e-03
1.396818741353096638e-02 -8.183913734963617001e-03
1.875570850756317839e-02 -8.971689965832672226e-03
2.539079630094338499e-02 -9.675523522388061737e-03
3.353108060358719889e-02 -1.041426684776027012e-02
4.172495713332296380e-02 -1.110153045034271806e-02
4.996392682096394144e-02 -1.174163873416050712e-02
5.824283774805733005e-02 -1.233939208148377570e-02
6.654243157200330494e-02 -1.289773265791825836e-02
7.485184838614150626e-02 -1.341754082443579778e-02
8.317095956489885256e-02 -1.390000833174976844e-02
9.149963362013494028e-02 -1.434633334482719388e-02
9.983775853132746680e-02 -1.475772159754187504e-02
1.081852211228607336e-01 -1.513538514682485209e-02
1.165418387739739631e-01 -1.548053977479248514e-02
1.249074705143913833e-01 -1.579441030927481587e-02
1.332819734919614696e-01 -1.607822844955757169e-02
1.416652031552672608e-01 -1.633323283432338777e-02
1.500570214441669381e-01 -1.656066930796184708e-02
1.584573431398378085e-01 -1.676179188895208366e-02
1.668659511974603105e-01 -1.693785843978096173e-02
1.752826959899845827e-01 -1.709013595016373871e-02
1.837074270282251787e-01 -1.721989861581371337e-02
1.921399200177272004e-01 -1.732842682627219397e-02
2.005770989219426703e-01 -1.741678125487345144e-02
2.090168565410178703e-01 -1.748548395282109244e-02
2.174591823746353514e-01 -1.753498438064855780e-02
2.259040810165577062e-01 -1.756573303195618080e-02
2.343515568232849844e-01 -1.757818126071311604e-02
2.428016307491325243e-01 -1.757278125884133985e-02
2.512543043754415506e-01 -1.754998602429724136e-02
2.597095672015571344e-01 -1.751024952332751183e-02
2.681674227627714457e-01 -1.745402660961201807e-02
2.766278744225918462e-01 -1.738177302294332399e-02
2.850909451254234894e-01 -1.729394517079442181e-02
2.935566309112702110e-01 -1.719100056505123292e-02
3.020249222177830428e-01 -1.707339775033074949e-02
3.104958218373601864e-01 -1.694159605462444013e-02
3.189693324491950088e-01 -1.679605571070144285e-02
3.274454846512203088e-01 -1.663723731277457971e-02
3.359242584882828897e-01 -1.646560325863662827e-02
3.444056510146768502e-01 -1.628161661367799606e-02
3.528896645592586312e-01 -1.608574126331408297e-02
3.613763086072273034e-01 -1.587844183043756602e-02
3.698656054318166797e-01 -1.566018348435610497e-02
3.783575301534781166e-01 -1.543143352055947708e-02
3.868520849045735677e-01 -1.519265951692154795e-02
3.953492717900087272e-01 -1.494432997854777678e-02
4.038491181381262396e-01 -1.468691356234762442e-02
4.123516111571925435e-01 -1.442088103209756590e-02
4.208567427664270943e-01 -1.414670399354694269e-02
4.293645150357841556e-01 -1.386485468524470584e-02
4.378749422828519533e-01 -1.357580586183756814e-02
4.463880386430559843e-01 -1.328003118656803476e-02
4.549037821790559710e-01 -1.297800652606750232e-02
4.634221703095333655e-01 -1.267020804912892366e-02
4.719429887278952518e-01 -1.235710645780875583e-02
4.804661017275285162e-01 -1.203912536091898342e-02
4.889914904489156000e-01 -1.171667590905212629e-02
4.975191667384391003e-01 -1.139016883246951085e-02
5.060491424662940663e-01 -1.106001556078460395e-02
5.145814591034159058e-01 -1.072662706370318408e-02
5.231161023354535811e-01 -1.039041718463538586e-02
5.316530809599340213e-01 -1.005179958653807867e-02
5.401924069641167447e-01 -9.711188514209162168e-03
5.487341197409226767e-01 -9.368997819977895047e-03
5.572782101990542136e-01 -9.025644004595045899e-03
5.658246843832723805e-01 -8.681543681711288013e-03
5.743730608650492453e-01 -8.337133817325937876e-03
5.829197482773438299e-01 -7.992977145646885245e-03
5.914639852888164961e-01 -7.649521986801164491e-03
6.000057903186871711e-01 -7.307184537385696260e-03
6.085451753936984565e-01 -6.966380540982763242e-03
6.170821266150305906e-01 -6.627526057875781328e-03
6.256166748067322203e-01 -6.291034653967453143e-03
6.341488390985696721e-01 -5.957319662192305312e-03
6.426786313870120892e-01 -5.626793998499337625e-03
6.512060417801780465e-01 -5.299870705790228273e-03
6.597310933986340054e-01 -4.976960840326679660e-03
6.682538087151891348e-01 -4.658474799305796152e-03
6.767741995257161580e-01 -4.344822692101213933e-03
6.852922625652936306e-01 -4.036414470542843726e-03
6.938080081111906994e-01 -3.733658872172650883e-03
7.023214646125441885e-01 -3.436963303933427381e-03
7.108326438098767630e-01 -3.146735089022946463e-03
7.193415516877378346e-01 -2.863381047446648085e-03
7.278481805840567587e-01 -2.587307724990646571e-03
7.363525675576653162e-01 -2.318919514223661497e-03
7.448547243541396856e-01 -2.058620972885066066e-03
7.533546627312913690e-01 -1.806815971723622601e-03
7.618523703342765518e-01 -1.563908372723448381e-03
7.703478771684301174e-01 -1.330300105962119043e-03
7.788412011571953508e-01 -1.106392808524962572e-03
7.873323541594322572e-01 -8.925876139860451901e-04
7.958213389991968256e-01 -6.892851880878345713e-04
8.043081563924352473e-01 -4.968855189887002926e-04
8.127928388147287464e-01 -3.157872004287503556e-04
8.212753983188236795e-01 -1.463886553983990263e-04
8.297558470214415616e-01 1.091236514092085958e-05
8.382341769043923918e-01 1.557184502428452064e-04
8.467104121423987273e-01 2.876334561694474600e-04
8.551845735731222753e-01 4.062617895776587809e-04
8.636566736419776236e-01 5.112083688473418588e-04
8.721267248943169736e-01 6.020787727067245920e-04
8.805947126703133065e-01 6.784790148022735090e-04
8.890606767612202477e-01 7.400163040963707219e-04
8.975246305540751646e-01 7.862981909833462700e-04
9.059865870773797791e-01 8.169328693050814010e-04
9.144465559627391604e-01 8.315291750598008706e-04
9.229045307168968204e-01 8.296966328484269753e-04
9.313605483809417329e-01 8.110454256089333347e-04
9.398146226031183215e-01 7.751863062895001386e-04
9.482667672078256560e-01 7.217306566889601172e-04
9.567169925407579267e-01 6.502905178351622113e-04
9.651652942005988223e-01 5.604787578160867886e-04
9.736117091003272384e-01 4.519084525834144274e-04
9.820562518686013487e-01 3.241934530914796636e-04
9.904989373577903766e-01 1.769482135827467719e-04
9.989397806537795299e-01 9.787785650982301516e-06
