Airfoils2D_133
9.999942704334054966e-01 3.065809126937292235e-04
9.914706486800815011e-01 1.001628576677293225e-03
9.829462718130238530e-01 1.696809653669468241e-03
9.744227482397433970e-01 2.391796094396687368e-03
9.659002428818921349e-01 3.086377683526942469e-03
9.573787607895499763e-01 3.780357403450396170e-03
9.488582791726062338e-01 4.473540663191328051e-03
9.403387876052025085e-01 5.165732021003672896e-03
9.318202767432740563e-01 5.856736104250795036e-03
9.233027499719742570e-01 6.546356667832385449e-03
9.147861878651457612e-01 7.234399473833897330e-03
9.062705784831582845e-01 7.920669831822107695e-03
8.977559125418979047e-01 8.604972992783102917e-03
8.892421911865445727e-01 9.287113529917945948e-03
8.807293994978064866e-01 9.966897464950231697e-03
8.722175234441547076e-01 1.064413089987830893e-02
8.637065537972117291e-01 1.131861970731267569e-02
8.551964888861648406e-01 1.199016932071420016e-02
8.466873194381348000e-01 1.265858593625275239e-02
8.381790287509141013e-01 1.332367648592478956e-02
8.296716076460071143e-01 1.398524746222361975e-02
8.211650510593316854e-01 1.464310519572051446e-02
8.126593565011734910e-01 1.529705598247839068e-02
8.041545040189831406e-01 1.594690761721582334e-02
7.956504844766650875e-01 1.659246721076360412e-02
7.871472888382620159e-01 1.723354202124325815e-02
7.786449225313362144e-01 1.786993838310879310e-02
7.701433617724137148e-01 1.850146498036607870e-02
7.616425974587047731e-01 1.912792954075783966e-02
7.531426204941277236e-01 1.974913994580400345e-02
7.446434318801600227e-01 2.036490350286393122e-02
7.361450168955764317e-01 2.097502882375063341e-02
7.276473619687154892e-01 2.157932457856785724e-02
7.191504580232097599e-01 2.217759926399511319e-02
7.106543007809879020e-01 2.276966119765571825e-02
7.021588859821439321e-01 2.335531886387676170e-02
6.936641949137010155e-01 2.393438189547048359e-02
6.851702185063364148e-01 2.450665940275756349e-02
6.766769476903762293e-01 2.507196064898201474e-02
6.681843865822926221e-01 2.563009418914791518e-02
6.596925139529015159e-01 2.618087040962697315e-02
6.512013196569236273e-01 2.672409910331603397e-02
6.427107946137227135e-01 2.725959014485529464e-02
6.342209363492425922e-01 2.778715315344949116e-02
6.257317366192421959e-01 2.830659827582631891e-02
6.172431788264894914e-01 2.881773631336148611e-02
6.087552538632252652e-01 2.932037774983546619e-02
6.002679526123335663e-01 2.981433322068283848e-02
5.917812793417802641e-01 3.029941275422467356e-02
5.832952120024567089e-01 3.077542804905328278e-02
5.748097409159154125e-01 3.124219022558889780e-02
5.663248569156268397e-01 3.169951052475750847e-02
5.578405563708022097e-01 3.214720004836959383e-02
5.493568327090688763e-01 3.258507022373116624e-02
5.408736684952629714e-01 3.301293318199689797e-02
5.323910544939310929e-01 3.343060076577912543e-02
5.239089814493810282e-01 3.383788496720551570e-02
5.154274508136020838e-01 3.423459743251171250e-02
5.069464453539564985e-01 3.462055084891545176e-02
4.984659529033847458e-01 3.499555779061713084e-02
4.899859641109254316e-01 3.535943084526739499e-02
4.815064712406247338e-01 3.571198268110929719e-02
4.730274749654999056e-01 3.605302578911284694e-02
4.645489540789256022e-01 3.638237369689985290e-02
4.560709078035177777e-01 3.669983926201687841e-02
4.475947346773457847e-01 3.700510948971200836e-02
4.391221258162762986e-01 3.729752000212530061e-02
4.306531639289178370e-01 3.757637000259950871e-02
4.221878660416768514e-01 3.784096300696387916e-02
4.137262793041544540e-01 3.809060354675697369e-02
4.052684508051484502e-01 3.832459822903661051e-02
3.968144488327178254e-01 3.854225520512424841e-02
3.883643239588783214e-01 3.874288526708444258e-02
3.799180974609714934e-01 3.892580191123621441e-02
3.714758158937595534e-01 3.909032001067525020e-02
3.630375256004587659e-01 3.923575649005524996e-02
3.546032840140785902e-01 3.936143016434551223e-02
3.461731581132925228e-01 3.946666188871318648e-02
3.377471604150423801e-01 3.955077524251691956e-02
3.293253360680871711e-01 3.961309529872207580e-02
3.209077298328850691e-01 3.965294914572498747e-02
3.124943860435736576e-01 3.966966587788912230e-02
3.040853791513551951e-01 3.966257665502756491e-02
2.956807321830580149e-01 3.963101471556911698e-02
2.872804771757160869e-01 3.957431511667685448e-02
2.788846563472240914e-01 3.949181486651264644e-02
2.704933112847172083e-01 3.938285291542862471e-02
2.621064829015571918e-01 3.924677013946406556e-02
2.537242437168733544e-01 3.908291000882364863e-02
2.453466062098784151e-01 3.889061686420609842e-02
2.369736030452826714e-01 3.866923714100899828e-02
2.286052719803662314e-01 3.841811922433732013e-02
2.202416498730829786e-01 3.813661331790409170e-02
2.118827726357085939e-01 3.782407141728074546e-02
2.035286921464645737e-01 3.747984801269117761e-02
1.951794427904365581e-01 3.710329881904835675e-02
1.868351556611942410e-01 3.669378626351526423e-02
1.785084037532196355e-01 3.625069824821325337e-02
1.702148256133300952e-01 3.577067164824438567e-02
1.619554090904307408e-01 3.524882082584977760e-02
1.537308146905711492e-01 3.468035755045219271e-02
1.455416858215618503e-01 3.406060423731747250e-02
1.373886438374791741e-01 3.338499080749256220e-02
1.292723107280450423e-01 3.264905398418535554e-02
1.211932401189083075e-01 3.184842829060583608e-02
1.131472370149388396e-01 3.097855545529035193e-02
1.051286162378611000e-01 3.003581648956155092e-02
9.713737244137563009e-02 2.901754134635061225e-02
8.917357811345502649e-02 2.792110016058260702e-02
8.123727329250103601e-02 2.674388902343939611e-02
7.332846408497385726e-02 2.548332688999661866e-02
6.544713088909705212e-02 2.413685392996146872e-02
5.759323305349583338e-02 2.270192962050493479e-02
4.987111467553844574e-02 2.119163575150403642e-02
4.241320777098786521e-02 1.960568653654495494e-02
3.522677801107792356e-02 1.791920974552805787e-02
2.831838752367196385e-02 1.611265360629062643e-02
2.203497671219469337e-02 1.425705692937950450e-02
1.651174096559888949e-02 1.234297376428850242e-02
1.149408943250250330e-02 1.026623225652649636e-02
6.933503355989360968e-03 8.013300682613229073e-03
4.315118692324007750e-03 6.440243483387096853e-03
2.854385346192488387e-03 5.290703635073726145e-03
1.872454834353480578e-03 4.270955185836373090e-03
1.170134639153415715e-03 3.289161431604436300e-03
7.111286881757428440e-04 2.402056268184747049e-03
3.880848145391437281e-04 1.473546882232665235e-03
2.358103367027089342e-04 6.582658004984963743e-04
2.159056297422421453e-04 -1.429855571031125438e-04
3.304425983224509563e-04 -9.220278737492626801e-04
5.593448814061448239e-04 -1.654524949248156089e-03
8.903711705544693550e-04 -2.342039581696606868e-03
1.375986117136583252e-03 -3.049605892484260478e-03
1.975606355509250921e-03 -3.683584227786028918e-03
2.854583041720743126e-03 -4.368178298433732926e-03
4.026692827537483969e-03 -5.039480787729569769e-03
6.360460088949727864e-03 -5.994597353313146915e-03
1.061188254460169143e-02 -7.310439079260702341e-03
1.553755303010755442e-02 -8.444788767815892411e-03
2.113087495141891675e-02 -9.354344914828113117e-03
2.786433340705955775e-02 -1.012624928107551739e-02
3.569210668457722252e-02 -1.086136121253557414e-02
4.367531827445818304e-02 -1.151820599781951462e-02
5.177902654780680569e-02 -1.210698089851921892e-02
5.999526251430652851e-02 -1.264180169221036307e-02
6.826605212174956250e-02 -1.313183187495005171e-02
7.654928794653498292e-02 -1.357810467249082401e-02
8.484496050259687783e-02 -1.398238911670229498e-02
9.315305477558491476e-02 -1.434646813264995983e-02
1.014735506976647272e-01 -1.467213889225572193e-02
1.098064236143642819e-01 -1.496121313971277879e-02
1.181516850364728449e-01 -1.521551863716325177e-02
1.265093236536696253e-01 -1.543689720112367998e-02
1.348792465496620185e-01 -1.562720415987822395e-02
1.432614151541627412e-01 -1.578831234946562190e-02
1.516557884713790882e-01 -1.592211047377250707e-02
1.600623234633956060e-01 -1.603050331158646646e-02
1.684810094213954612e-01 -1.611541221025051054e-02
1.769118588270343073e-01 -1.617877479568027854e-02
1.853547364239526984e-01 -1.622254426029383356e-02
1.938094986117397944e-01 -1.624869139446578903e-02
2.022710785524791388e-01 -1.625889189205695362e-02
2.107351389273747488e-01 -1.625378332064250989e-02
2.192016585450138333e-01 -1.623378613666639006e-02
2.276706134255647163e-01 -1.619932172929641756e-02
2.361420045297113190e-01 -1.615081225262194123e-02
2.446158327052767034e-01 -1.608868062125344209e-02
2.530921069299152393e-01 -1.601335043364827612e-02
2.615708415944706933e-01 -1.592524594416775893e-02
2.700520154869018308e-01 -1.582479254543174910e-02
2.785356290886257802e-01 -1.571241622406197025e-02
2.870216828107792217e-01 -1.558854373962567305e-02
2.955101940900630164e-01 -1.545360234425961939e-02
3.040011602155250348e-01 -1.530802034022181284e-02
3.124945675461722749e-01 -1.515222703395601757e-02
3.209904162857685761e-01 -1.498665230086640085e-02
3.294887066040619317e-01 -1.481172679888809358e-02
3.379894691945641294e-01 -1.462788129401994958e-02
3.464926752035673019e-01 -1.443554859492823458e-02
3.549983233553289930e-01 -1.423516175056158475e-02
3.635064137451365363e-01 -1.402715456974072336e-02
3.720169622276061072e-01 -1.381196124690775226e-02
3.805299702583648247e-01 -1.359001710145665495e-02
3.890454210041114358e-01 -1.336175874411575995e-02
3.975633145724595252e-01 -1.312762315951938527e-02
4.060836550041324600e-01 -1.288804801749189599e-02
4.146064682631373510e-01 -1.264347114266354405e-02
4.231317249696333604e-01 -1.239433274028781638e-02
4.316594253122144620e-01 -1.214107299509679938e-02
4.401895695079254267e-01 -1.188413289447397270e-02
4.487221872777880094e-01 -1.162395332637338081e-02
4.572572546041834274e-01 -1.136097761447615526e-02
4.657947407610178447e-01 -1.109565013059361609e-02
4.743330542163266550e-01 -1.082836844581633838e-02
4.828707403341813142e-01 -1.055917398152167279e-02
4.914077943049042774e-01 -1.028798245163320066e-02
4.999442261796272491e-01 -1.001470913393485637e-02
5.084800439213478240e-01 -9.739269401066693796e-03
5.170152520537106833e-01 -9.461578767272276966e-03
5.255498588418587858e-01 -9.181552656585491648e-03
5.340838754149195289e-01 -8.899106426880897328e-03
5.426173097492559272e-01 -8.614155567338492234e-03
5.511501675854288962e-01 -8.326615671961721393e-03
5.596824548287425705e-01 -8.036402361099237099e-03
5.682141837932487283e-01 -7.743431065920262577e-03
5.767453624696109449e-01 -7.447617391655040123e-03
5.852759979222335041e-01 -7.148877005147387387e-03
5.938060934867360752e-01 -6.847125736141923373e-03
6.023357012234082930e-01 -6.542277699906865959e-03
6.108673954204209000e-01 -6.234306196631504704e-03
6.194036883422395778e-01 -5.923771631473452072e-03
6.279446954346022958e-01 -5.611465095342857250e-03
6.364903191668119797e-01 -5.298188058901258553e-03
6.450359840270800671e-01 -4.984908639530323364e-03
6.535771071654581377e-01 -4.672595227604970335e-03
6.621135928172882101e-01 -4.362049237628399384e-03
6.706455077774606810e-01 -4.054063520636999769e-03
6.791728837674396724e-01 -3.749429623094778768e-03
6.876957430337897748e-01 -3.448936852687158397e-03
6.962140704883474918e-01 -3.153373226533643520e-03
7.047279034130771169e-01 -2.863522328940008334e-03
7.132372863974080213e-01 -2.580164976707606528e-03
7.217422413258118841e-01 -2.304080236393743573e-03
7.302427780132593194e-01 -2.036045014355572502e-03
7.387389085378657239e-01 -1.776833572782681543e-03
7.472328264252124930e-01 -1.527033176552075816e-03
7.557266841276673031e-01 -1.286745736399470645e-03
7.642205109901110127e-01 -1.056013238665219059e-03
7.727143083409641067e-01 -8.348784935500139530e-04
7.812080804426543290e-01 -6.233842240844310713e-04
7.897018317726427483e-01 -4.215731458535895248e-04
7.981955656960221246e-01 -2.294879975519156985e-04
8.066892854032000626e-01 -4.717151506100821374e-05
8.151829915225028422e-01 1.253335224381062728e-04
8.236766903747917423e-01 2.879844606197213739e-04
8.321703853492230518e-01 4.407385868334271015e-04
8.406640798410643933e-01 5.835531948001623304e-04
8.491577758323501923e-01 7.163855631955018920e-04
8.576514764896814302e-01 8.391930000103662874e-04
8.661451868970944101e-01 9.519328448583256122e-04
8.746388280462427112e-01 1.054561469608962694e-03
8.831235632735440211e-01 1.146439047282419481e-03
8.915900222402034503e-01 1.224898482612549406e-03
9.000382584409437614e-01 1.286895812018811055e-03
9.084683200293516281e-01 1.329426284614955390e-03
9.168802165011190608e-01 1.349523652426187553e-03
9.252739580108554351e-01 1.344259978106059463e-03
9.336495085142397787e-01 1.310745325545399761e-03
9.420068240148221639e-01 1.246127730213380299e-03
9.503460369881646663e-01 1.147590404462360070e-03
9.586671689122212570e-01 1.012352662528366587e-03
9.669702466089089565e-01 8.376689771971512852e-04
9.752553033484343548e-01 6.208282498403878795e-04
9.835223799974616155e-01 3.591530244195007861e-04
9.917715262043471647e-01 4.999863601547042437e-05
1.000002801614161774e+00 -3.092477155106195192e-04
