Airfoils2D_016F
1.000002378864369712e+00 2.588271399930345737e-04
9.915156035057697270e-01 4.201816063670165964e-04
9.830288016093227110e-01 5.827276657918235890e-04
9.745419747134369537e-01 7.464607051339413680e-04
9.660551243565117518e-01 9.113761111695442563e-04
9.575682517779908753e-01 1.077469276455875723e-03
9.490813587532318518e-01 1.244735583025577104e-03
9.405944468826988869e-01 1.413170416172840598e-03
9.321075177047620786e-01 1.582769162312521209e-03
9.236205725206778627e-01 1.753527212556180506e-03
9.151336129822582599e-01 1.925439950929295520e-03
9.066466407516032833e-01 2.098502761094640356e-03
8.981596573670522776e-01 2.272711029106593613e-03
8.896726641912531264e-01 2.448060144571236225e-03
8.811856627533053432e-01 2.624545493626138058e-03
8.726986547765301916e-01 2.802162458245710010e-03
8.642116417992328214e-01 2.980906424124678700e-03
8.557246252450362300e-01 3.160772779306011710e-03
8.472376065211513207e-01 3.341756912154268330e-03
8.387505874117088256e-01 3.523854202900697855e-03
8.302635694549802547e-01 3.707060036881190679e-03
8.217765541351506053e-01 3.891369800520094215e-03
8.132895427383561859e-01 4.076778884519554474e-03
8.048025371091315217e-01 4.263282667314986438e-03
7.963155387857128176e-01 4.450876533884231406e-03
7.878285493063266198e-01 4.639555869115892170e-03
7.793415698551772186e-01 4.829316065747242884e-03
7.708546023184652540e-01 5.020152500776090682e-03
7.623676482405015165e-01 5.212060558686735894e-03
7.538807091594754706e-01 5.405035624010704962e-03
7.453937863194830538e-01 5.599073087932568762e-03
7.369068814869661477e-01 5.794168329654015605e-03
7.284199611628801030e-01 5.990317545410165159e-03
7.199298686487600740e-01 6.187316471260030995e-03
7.114464266422085847e-01 6.383446016549308884e-03
7.029736458534098231e-01 6.576793063945230236e-03
6.945113758547090121e-01 6.765554647033911705e-03
6.860595156250152149e-01 6.947940257965343203e-03
6.776179981193661828e-01 7.122172183642101057e-03
6.691867812045780850e-01 7.286485762215941936e-03
6.607653964345974185e-01 7.439137348989946497e-03
6.523229696130316002e-01 7.580530235868661662e-03
6.438447698315732382e-01 7.718532003786208497e-03
6.354152664294335784e-01 7.861758077878529954e-03
6.270442735882465479e-01 8.019751689662488886e-03
6.187307848815909450e-01 8.201838430161508334e-03
6.104740487788435921e-01 8.416964467599806834e-03
6.022733173307951438e-01 8.673718925059173759e-03
5.941278344785638765e-01 8.980351825368595650e-03
5.859873385503370224e-01 9.344601032287585055e-03
5.777894662653517699e-01 9.763451478578480044e-03
5.695314291190723965e-01 1.022771937451577920e-02
5.612114778233987522e-01 1.072774151450530712e-02
5.528281127447541854e-01 1.125337588657214678e-02
5.443807407110701213e-01 1.179393101541969038e-02
5.359371718341817692e-01 1.233386036221307408e-02
5.275584959164499876e-01 1.285807216310592624e-02
5.192132470265049538e-01 1.335921460972463136e-02
5.108563098162092198e-01 1.383914652578582295e-02
5.024865132118838673e-01 1.429992160083229727e-02
4.941038035772846726e-01 1.474354556349970202e-02
4.857081236402895352e-01 1.517204199840558806e-02
4.772992904213677057e-01 1.558745847638966751e-02
4.688773894408991283e-01 1.599184730123803105e-02
4.604423737452139065e-01 1.638728601433365323e-02
4.520002670758981322e-01 1.677530494649565398e-02
4.435607162528449332e-01 1.715553022740502753e-02
4.351240968968548839e-01 1.752735659091738188e-02
4.266904018133426679e-01 1.789019662261797511e-02
4.182596505969374823e-01 1.824346315851013006e-02
4.098318628870437630e-01 1.858657049896631983e-02
4.014070891568333188e-01 1.891893321088981145e-02
3.929853287428486941e-01 1.923996940299928238e-02
3.845665905419750064e-01 1.954909819203710930e-02
3.761508942382702503e-01 1.984573971483613933e-02
3.677382594889205270e-01 2.012931555839912734e-02
3.593287422621566640e-01 2.039924762015608850e-02
3.509223289226491849e-01 2.065496154641737955e-02
3.425190354338228937e-01 2.089588337863964446e-02
3.341188811750873122e-01 2.112144048012181557e-02
3.257218854108800965e-01 2.133106164801201743e-02
3.173281005936474108e-01 2.152417637619498045e-02
3.089375168322825993e-01 2.170021709943451699e-02
3.005501481128958208e-01 2.185861701332086904e-02
2.921660130353165297e-01 2.199881061443002828e-02
2.837851299806882777e-01 2.212023381053884741e-02
2.754075388395867408e-01 2.222232367544246801e-02
2.670332499949855665e-01 2.230451914327623297e-02
2.586622663997952265e-01 2.236626051950953847e-02
2.502946053235858281e-01 2.240698929958287455e-02
2.419302836991855110e-01 2.242614835631703135e-02
2.335693198583742025e-01 2.242318193438789381e-02
2.252117606620233359e-01 2.239753578610051074e-02
2.168575890377141546e-01 2.234865689829554358e-02
2.085068203060764236e-01 2.227599356430159938e-02
2.001594693205435704e-01 2.217899540448136503e-02
1.918155504401514444e-01 2.205711335374523074e-02
1.834786690842987178e-01 2.190971811986495987e-02
1.751574116441579620e-01 2.173505812672010470e-02
1.668523584253985281e-01 2.153065554580765525e-02
1.585637646011699986e-01 2.129405062951334263e-02
1.502918820504167419e-01 2.102281163768249597e-02
1.420369585216345598e-01 2.071453446332104792e-02
1.337992367586486042e-01 2.036684223426699775e-02
1.255789535915861344e-01 1.997738488388164230e-02
1.173763985517477793e-01 1.954384200069066505e-02
1.091917597183589828e-01 1.906391464223874607e-02
1.010252177667957663e-01 1.853532848076001535e-02
9.287697617956516827e-02 1.795583544419959710e-02
8.474722759647269898e-02 1.732321139186761977e-02
7.663615278937840891e-02 1.663525535074796349e-02
6.854391963604787585e-02 1.588978867221744681e-02
6.047068209983999520e-02 1.508465410302922173e-02
5.250781386823938357e-02 1.422439374627471054e-02
4.486304079981926624e-02 1.329979952174517414e-02
3.752645822736589559e-02 1.227169764829123821e-02
3.047881565969088463e-02 1.110845823737374206e-02
2.369481337742616184e-02 9.783638873209874950e-03
1.715725841907991475e-02 8.276535122461242330e-03
1.084180836170561303e-02 6.567601795729783448e-03
5.458211329271469604e-03 4.884958532856892299e-03
3.455574404557276453e-03 4.123293432233151277e-03
2.368537238597599563e-03 3.530314698397716069e-03
1.630020640830294248e-03 2.967778144307979971e-03
1.072376254721937438e-03 2.388607555619205215e-03
6.820198338651423716e-04 1.846733436528385413e-03
3.595045586715791782e-04 1.237607855182805156e-03
1.519773222208957973e-04 6.185129840413666107e-04
7.914302285365627516e-05 2.972699377990482318e-05
1.444995622959787133e-04 -5.519293388460158557e-04
3.277085575589540984e-04 -1.112645743975388237e-03
6.717936965006051937e-04 -1.765022836451906642e-03
1.093294196256265659e-03 -2.347649563757403871e-03
1.635979680757047600e-03 -2.919389120118681159e-03
2.456884894100375225e-03 -3.565800703049348819e-03
3.633407477762269806e-03 -4.239710053079978613e-03
5.913108836618601039e-03 -5.174683476363409022e-03
1.149508233811847614e-02 -7.085836289966226248e-03
1.776444786229712872e-02 -8.957536646261889807e-03
2.425591694027782325e-02 -1.062954609851259405e-02
3.099106292617739497e-02 -1.212104764630725015e-02
3.798493008787154346e-02 -1.345228212641802826e-02
4.526143666998785897e-02 -1.464929515309427478e-02
5.283979189557221068e-02 -1.574285913479333762e-02
6.071731685411723561e-02 -1.676854663266795498e-02
6.868635975032777452e-02 -1.772633949586480476e-02
7.668333146353294161e-02 -1.861294560678276866e-02
8.470818643431417272e-02 -1.943155796078705963e-02
9.276084836244459508e-02 -2.018541668436226594e-02
1.008412127267837438e-01 -2.087781202589956975e-02
1.089491493606780242e-01 -2.151208708053502922e-02
1.170845050536890447e-01 -2.209164026991236943e-02
1.252471061522269224e-01 -2.261992760005971173e-02
1.334368499501170369e-01 -2.310046967959692929e-02
1.416535074717216736e-01 -2.353684115977503974e-02
1.498968097164221636e-01 -2.393267942144836763e-02
1.581665265578998947e-01 -2.429168985329531461e-02
1.664624196269140488e-01 -2.461764435375863105e-02
1.747842444360997449e-01 -2.491438281485424192e-02
1.831317523562781546e-01 -2.518581457227185225e-02
1.915035568103876928e-01 -2.543586803775472333e-02
1.998829759526157268e-01 -2.566673152809145070e-02
2.082641463240429425e-01 -2.587867909017615292e-02
2.166470451086495719e-01 -2.607194419169546126e-02
2.250316493688312713e-01 -2.624676053097957720e-02
2.334179383702575383e-01 -2.640336207950059674e-02
2.418058998021195005e-01 -2.654198315480750525e-02
2.501954972765996765e-01 -2.666285789866110895e-02
2.585867074045094527e-01 -2.676622094851997466e-02
2.669795066936222483e-01 -2.685230717993189811e-02
2.753738715522661695e-01 -2.692135170776486369e-02
2.837697929115239326e-01 -2.697358996381479107e-02
2.921672336391077929e-01 -2.700925741535866245e-02
3.005661686627452700e-01 -2.702858989417073962e-02
3.089665740263968785e-01 -2.703182348422613832e-02
3.173684256921245339e-01 -2.701919451389857632e-02
3.257717124018753019e-01 -2.699093950170347936e-02
3.341764004293413803e-01 -2.694729525526507949e-02
3.425824622444506584e-01 -2.688849884980545543e-02
3.509898735135882908e-01 -2.681478759988122768e-02
3.593986098377875971e-01 -2.672639906791963310e-02
3.678086593135117544e-01 -2.662357090055606987e-02
3.762199887727191716e-01 -2.650654122202608307e-02
3.846325697825505596e-01 -2.637554838635840920e-02
3.930463777128349045e-01 -2.623083095344008742e-02
4.014613878834965011e-01 -2.607262773321613117e-02
4.098775892891999284e-01 -2.590117749581761011e-02
4.182949464591209088e-01 -2.571671973190956320e-02
4.267134316094316482e-01 -2.551949406274259952e-02
4.351330198887540246e-01 -2.530974030245787543e-02
4.435536864100753096e-01 -2.508769851646231244e-02
4.519754226035089251e-01 -2.485360855560029419e-02
4.603981794439988007e-01 -2.460771158372430586e-02
4.688217808114615859e-01 -2.435024106491117182e-02
4.772461452457508746e-01 -2.408140150170908628e-02
4.856712800543104280e-01 -2.380139135067304776e-02
4.940971989266801367e-01 -2.351040899828811537e-02
5.025238949190933280e-01 -2.320865370597113495e-02
5.109513726435255254e-01 -2.289632452752402361e-02
5.193796366868200787e-01 -2.257362068682172013e-02
5.278086983697699575e-01 -2.224074130727103984e-02
5.362385631788066931e-01 -2.189788589122428769e-02
5.446692279766948142e-01 -2.154525447345853953e-02
5.531006972641202557e-01 -2.118304696226408490e-02
5.615329755240687781e-01 -2.081146343752446337e-02
5.699660791467873189e-01 -2.043070360624481274e-02
5.784000034105837296e-01 -2.004096828344738290e-02
5.868347500466409850e-01 -1.964245818692762074e-02
5.952703234804029853e-01 -1.923537408625376061e-02
6.037067313934718626e-01 -1.881991676122826349e-02
6.121439864968356570e-01 -1.839628689671760076e-02
6.205820816557765518e-01 -1.796468634412971485e-02
6.290210212591106353e-01 -1.752531656592167322e-02
6.374608096896225984e-01 -1.707837919794609818e-02
6.459014615872837872e-01 -1.662407549289145886e-02
6.543429758496721593e-01 -1.616260770989555451e-02
6.627853521041475737e-01 -1.569417826013905920e-02
6.712285947204087444e-01 -1.521898947545270026e-02
6.796727111335406635e-01 -1.473724368566180741e-02
6.881177147936224925e-01 -1.424914303594553185e-02
6.965635979665736333e-01 -1.375489106768561232e-02
7.050103650257716348e-01 -1.325469081068290922e-02
7.134580203479008453e-01 -1.274874546925495664e-02
7.219065802129561726e-01 -1.223725769818237268e-02
7.303561550686665793e-01 -1.172042477543909327e-02
7.388121328117992492e-01 -1.119846859525048914e-02
7.472784430624890284e-01 -1.067274116734989731e-02
7.557544814520769094e-01 -1.014507744630467265e-02
7.642256758835580532e-01 -9.618192781303070218e-03
7.726864032177123143e-01 -9.094240684744264724e-03
7.811367948442433651e-01 -8.575003225345123950e-03
7.895769587146411750e-01 -8.062250555611631328e-03
7.980069411563196491e-01 -7.557743181762304439e-03
8.064269796684913061e-01 -7.063216974678073259e-03
8.148372020939653737e-01 -6.580401533579581172e-03
8.232377356554649861e-01 -6.111013636497891928e-03
8.316286624184228149e-01 -5.656759725317271441e-03
8.400100860344260623e-01 -5.219332150924811849e-03
8.483822034632659825e-01 -4.800405940122949751e-03
8.567451410012507651e-01 -4.401647633384084615e-03
8.650991920258039869e-01 -4.024704169641978892e-03
8.734550685341363474e-01 -3.670136934234868344e-03
8.818222454498391150e-01 -3.336358644833399556e-03
8.902006082332867276e-01 -3.021704698117869993e-03
8.985900601656162667e-01 -2.724497214869778857e-03
9.069905084803009387e-01 -2.443045602879933501e-03
9.154018596826885013e-01 -2.175646642306289149e-03
9.238241160415674447e-01 -1.920581521085530175e-03
9.322571165672066673e-01 -1.676123659208003137e-03
9.407007401122974288e-01 -1.440532026873102929e-03
9.491548918383354572e-01 -1.212051688224944279e-03
9.576195057130740818e-01 -9.889137521185101688e-04
9.660945683971613462e-01 -7.693346900639368635e-04
9.745798783138670540e-01 -5.515223620742870387e-04
9.830669382053194294e-01 -3.338841721121046284e-04
9.915430430381330096e-01 -1.149331529588479452e-04
