Airfoils2D_112
9.999913573265075684e-01 -2.317020553164184093e-04
9.927399158477783203e-01 4.529824072960764170e-04
9.850964546203613281e-01 1.059689209796488285e-03
9.771361351013183594e-01 1.607293728739023209e-03
9.689341187477111816e-01 2.114671049639582634e-03
9.563745856285095215e-01 2.846584422513842583e-03
9.479302167892456055e-01 3.347154939547181129e-03
9.394926428794860840e-01 3.869432490319013596e-03
9.310897588729858398e-01 4.415133967995643616e-03
9.227016568183898926e-01 4.982623737305402756e-03
9.142932295799255371e-01 5.570588633418083191e-03
9.058579206466674805e-01 6.176564842462539673e-03
8.973959088325500488e-01 6.796198431402444839e-03
8.889164924621582031e-01 7.423358038067817688e-03
8.804383873939514160e-01 8.050299249589443207e-03
8.719772100448608398e-01 8.669599890708923340e-03
8.635380864143371582e-01 9.275740012526512146e-03
8.551173210144042969e-01 9.865495376288890839e-03
8.467001318931579590e-01 1.043850369751453400e-02
8.382647633552551270e-01 1.099712029099464417e-02
8.298023343086242676e-01 1.154482830315828323e-02
8.213150501251220703e-01 1.208587083965539932e-02
8.128172159194946289e-01 1.262465491890907288e-02
8.043254017829895020e-01 1.316524948924779892e-02
7.958480715751647949e-01 1.371143385767936707e-02
7.873879671096801758e-01 1.426635310053825378e-02
7.789419293403625488e-01 1.483223307877779007e-02
7.705000638961791992e-01 1.541034132242202759e-02
7.620510458946228027e-01 1.600077562034130096e-02
7.535891532897949219e-01 1.660228520631790161e-02
7.451121807098388672e-01 1.721286028623580933e-02
7.366228103637695312e-01 1.783023774623870850e-02
7.281225919723510742e-01 1.845258288085460663e-02
7.196131348609924316e-01 1.907828077673912048e-02
7.110967040061950684e-01 1.970597542822360992e-02
7.025759816169738770e-01 2.033462747931480408e-02
6.940536499023437500e-01 2.096351422369480133e-02
6.855316162109375000e-01 2.159220352768898010e-02
6.770111322402954102e-01 2.222046256065368652e-02
6.684921383857727051e-01 2.284811809659004211e-02
6.599748730659484863e-01 2.347490563988685608e-02
6.514594554901123047e-01 2.410057373344898224e-02
6.429456472396850586e-01 2.472489699721336365e-02
6.344333291053771973e-01 2.534763328731060028e-02
6.259225010871887207e-01 2.596854418516159058e-02
6.174131631851196289e-01 2.658738940954208374e-02
6.089048981666564941e-01 2.720398269593715668e-02
6.003978252410888672e-01 2.781810238957405090e-02
5.918924808502197266e-01 2.842946164309978485e-02
5.833897590637207031e-01 2.903763577342033386e-02
5.748906135559082031e-01 2.964206226170063019e-02
5.663959383964538574e-01 3.024202771484851837e-02
5.579065680503845215e-01 3.083669394254684448e-02
5.494230389595031738e-01 3.142515569925308228e-02
5.409453511238098145e-01 3.200646862387657166e-02
5.324732661247253418e-01 3.257974982261657715e-02
5.240065455436706543e-01 3.314412385225296021e-02
5.155451893806457520e-01 3.369872644543647766e-02
5.070891380310058594e-01 3.424268215894699097e-02
4.986382424831390381e-01 3.477512672543525696e-02
4.901925027370452881e-01 3.529521450400352478e-02
4.817518591880798340e-01 3.580207005143165588e-02
4.733164310455322266e-01 3.629482910037040710e-02
4.648860394954681396e-01 3.677260503172874451e-02
4.564602673053741455e-01 3.723458573222160339e-02
4.480383992195129395e-01 3.768002986907958984e-02
4.396196603775024414e-01 3.810831531882286072e-02
4.312032759189605713e-01 3.851892054080963135e-02
4.227886199951171875e-01 3.891142457723617554e-02
4.143753051757812500e-01 3.928546234965324402e-02
4.059631824493408203e-01 3.964070975780487061e-02
3.975525200366973877e-01 3.997682034969329834e-02
3.891434073448181152e-01 4.029342159628868103e-02
3.807359337806701660e-01 4.059015959501266479e-02
3.723301291465759277e-01 4.086666926741600037e-02
3.639259934425354004e-01 4.112259298563003540e-02
3.555236458778381348e-01 4.135756194591522217e-02
3.471229374408721924e-01 4.157122597098350525e-02
3.387227654457092285e-01 4.176333174109458923e-02
3.303235471248626709e-01 4.193370416760444641e-02
3.219275474548339844e-01 4.208193346858024597e-02
3.135384619235992432e-01 4.220721498131752014e-02
3.051607310771942139e-01 4.230816662311553955e-02
2.967987954616546631e-01 4.238284006714820862e-02
2.884566187858581543e-01 4.242874681949615479e-02
2.801371514797210693e-01 4.244300350546836853e-02
2.718428969383239746e-01 4.242245852947235107e-02
2.635725736618041992e-01 4.236388951539993286e-02
2.553229928016662598e-01 4.226440191268920898e-02
2.470894902944564819e-01 4.212158918380737305e-02
2.388665229082107544e-01 4.193374142050743103e-02
2.306484133005142212e-01 4.169991984963417053e-02
2.224301993846893311e-01 4.141993820667266846e-02
2.142083942890167236e-01 4.109423235058784485e-02
2.059806436300277710e-01 4.072363302111625671e-02
1.977487653493881226e-01 4.030925408005714417e-02
1.895160973072052002e-01 3.985199704766273499e-02
1.812868565320968628e-01 3.935242071747779846e-02
1.730660945177078247e-01 3.881059214472770691e-02
1.648590415716171265e-01 3.822595626115798950e-02
1.566703468561172485e-01 3.759736195206642151e-02
1.485026180744171143e-01 3.692297637462615967e-02
1.403479725122451782e-01 3.620024025440216064e-02
1.322081536054611206e-01 3.542836382985115051e-02
1.241010650992393494e-01 3.460710123181343079e-02
1.160568669438362122e-01 3.373488411307334900e-02
1.081231087446212769e-01 3.280877694487571716e-02
1.003331020474433899e-01 3.181935101747512817e-02
9.269127249717712402e-02 3.075127489864826202e-02
8.517272770404815674e-02 2.958636917173862457e-02
7.769554108381271362e-02 2.830188535153865814e-02
7.019871473312377930e-02 2.689064294099807739e-02
6.268883496522903442e-02 2.536212839186191559e-02
5.522520095109939575e-02 2.373272180557250977e-02
4.789540916681289673e-02 2.201625704765319824e-02
4.082705453038215637e-02 2.022762410342693329e-02
3.414098173379898071e-02 1.837468519806861877e-02
2.787774987518787384e-02 1.642865687608718872e-02
2.202529460191726685e-02 1.434592250734567642e-02
1.668364927172660828e-02 1.217680145055055618e-02
1.200879551470279694e-02 1.002047676593065262e-02
8.100899867713451385e-03 7.931415922939777374e-03
5.057812202721834183e-03 6.044776178896427155e-03
2.858351450413465500e-03 4.415290895849466324e-03
1.434097648598253727e-03 3.104951465502381325e-03
6.345752044580876827e-04 2.107781590893864632e-03
2.239864988951012492e-04 1.344217802397906780e-03
5.660015176545130089e-06 7.123952382244169712e-04
-4.541745511232875288e-05 1.810382673284038901e-04
2.251266050734557211e-05 -2.777913759928196669e-04
1.830796682043001056e-04 -7.523351814597845078e-04
4.391218535602092743e-04 -1.210777903907001019e-03
7.482937071472406387e-04 -1.686509582214057446e-03
1.020895317196846008e-03 -2.128873951733112335e-03
1.736797625198960304e-03 -2.659932011738419533e-03
3.293072339147329330e-03 -3.355283522978425026e-03
5.944711621850728989e-03 -4.244385752826929092e-03
9.797791950404644012e-03 -5.304598249495029449e-03
1.480180490761995316e-02 -6.466703489422798157e-03
2.080294862389564514e-02 -7.664667442440986633e-03
2.749623544514179230e-02 -8.787186816334724426e-03
3.455854207277297974e-02 -9.745020419359207153e-03
4.170628637075424194e-02 -1.048092544078826904e-02
4.916664958000183105e-02 -1.109402440488338470e-02
5.691942945122718811e-02 -1.161570101976394653e-02
6.489950418472290039e-02 -1.206677034497261047e-02
7.303015142679214478e-02 -1.246200036257505417e-02
8.123622834682464600e-02 -1.280947215855121613e-02
8.946004509925842285e-02 -1.311142928898334503e-02
9.767752885818481445e-02 -1.336703915148973465e-02
1.059099361300468445e-01 -1.357771735638380051e-02
1.141649708151817322e-01 -1.374631375074386597e-02
1.224424690008163452e-01 -1.387544255703687668e-02
1.307422220706939697e-01 -1.396775245666503906e-02
1.390640288591384888e-01 -1.402593776583671570e-02
1.474077105522155762e-01 -1.405273471027612686e-02
1.557731330394744873e-01 -1.405091583728790283e-02
1.641611903905868530e-01 -1.402337010949850082e-02
1.725715249776840210e-01 -1.397314481437206268e-02
1.810019016265869141e-01 -1.390319969505071640e-02
1.894487738609313965e-01 -1.381616946309804916e-02
1.979079246520996094e-01 -1.371419616043567657e-02
2.063750624656677246e-01 -1.359885651618242264e-02
2.148463726043701172e-01 -1.347116846591234207e-02
2.233191877603530884e-01 -1.333167590200901031e-02
2.317925095558166504e-01 -1.318062655627727509e-02
2.402672916650772095e-01 -1.301823556423187256e-02
2.487441003322601318e-01 -1.284485496580600739e-02
2.572229802608489990e-01 -1.266086101531982422e-02
2.657040357589721680e-01 -1.246662717312574387e-02
2.741873264312744141e-01 -1.226253155618906021e-02
2.826729118824005127e-01 -1.204894948750734329e-02
2.911608517169952393e-01 -1.182626094669103622e-02
2.996511757373809814e-01 -1.159483939409255981e-02
3.081439137458801270e-01 -1.135505083948373795e-02
3.166392743587493896e-01 -1.110726967453956604e-02
3.251375854015350342e-01 -1.085188984870910645e-02
3.336391150951385498e-01 -1.058934535831212997e-02
3.421442508697509766e-01 -1.032011490315198898e-02
3.506532609462738037e-01 -1.004471629858016968e-02
3.591662943363189697e-01 -9.763711132109165192e-03
3.676834702491760254e-01 -9.477682411670684814e-03
3.762047290802001953e-01 -9.187227115035057068e-03
3.847300112247467041e-01 -8.892929181456565857e-03
3.932593166828155518e-01 -8.595371618866920471e-03
4.017931222915649414e-01 -8.295126259326934814e-03
4.103313982486724854e-01 -7.992779836058616638e-03
4.188733100891113281e-01 -7.688953541219234467e-03
4.274173676967620850e-01 -7.384288590401411057e-03
4.359616637229919434e-01 -7.079457864165306091e-03
4.445042908191680908e-01 -6.775151472538709641e-03
4.530439078807830811e-01 -6.472023669630289078e-03
4.615798890590667725e-01 -6.170636042952537537e-03
4.701123833656311035e-01 -5.871423985809087753e-03
4.786426424980163574e-01 -5.574677605181932449e-03
4.871715605258941650e-01 -5.280588287860155106e-03
4.956998229026794434e-01 -4.989267792552709579e-03
5.042276382446289062e-01 -4.700783640146255493e-03
5.127550363540649414e-01 -4.415207076817750931e-03
5.212820172309875488e-01 -4.132631700485944748e-03
5.298086404800415039e-01 -3.853140631690621376e-03
5.383350849151611328e-01 -3.576802322641015053e-03
5.468614697456359863e-01 -3.303667064756155014e-03
5.553880333900451660e-01 -3.033770248293876648e-03
5.639147162437438965e-01 -2.767132828012108803e-03
5.724417567253112793e-01 -2.503755968064069748e-03
5.809691548347473145e-01 -2.243616618216037750e-03
5.894966125488281250e-01 -1.986723393201828003e-03
5.980234742164611816e-01 -1.733158947899937630e-03
6.065490245819091797e-01 -1.483105239458382130e-03
6.150723695755004883e-01 -1.236857147887349129e-03
6.235929131507873535e-01 -9.948192164301872253e-04
6.321099400520324707e-01 -7.574854535050690174e-04
6.406233310699462891e-01 -5.254040588624775410e-04
6.491330265998840332e-01 -2.991265209857374430e-04
6.576392650604248047e-01 -7.917502080090343952e-05
6.661421060562133789e-01 1.339328300673514605e-04
6.746414899826049805e-01 3.396809042897075415e-04
6.831374764442443848e-01 5.375540349632501602e-04
6.916300058364868164e-01 7.270384230650961399e-04
7.001191973686218262e-01 9.076215792447328568e-04
7.086047530174255371e-01 1.078777364455163479e-03
7.170865535736083984e-01 1.239942270331084728e-03
7.255651354789733887e-01 1.390589051879942417e-03
7.340413331985473633e-01 1.530296285636723042e-03
7.425163984298706055e-01 1.658793538808822632e-03
7.509914636611938477e-01 1.775983138941228390e-03
7.594677209854125977e-01 1.881935866549611092e-03
7.679460048675537109e-01 1.976865576580166817e-03
7.764268517494201660e-01 2.061076462268829346e-03
7.849099636077880859e-01 2.134887734428048134e-03
7.933952212333679199e-01 2.198578324168920517e-03
8.018824458122253418e-01 2.252418780699372292e-03
8.103717565536499023e-01 2.296680584549903870e-03
8.188630938529968262e-01 2.331635449081659317e-03
8.273563981056213379e-01 2.357556018978357315e-03
8.358516693115234375e-01 2.374714240431785583e-03
8.443499803543090820e-01 2.383430721238255501e-03
8.528521656990051270e-01 2.384236780926585197e-03
8.613559603691101074e-01 2.377561060711741447e-03
8.698567748069763184e-01 2.363346284255385399e-03
8.783488869667053223e-01 2.340800361707806587e-03
8.868257999420166016e-01 2.308273920789361000e-03
8.952816724777221680e-01 2.263267291709780693e-03
9.037120342254638672e-01 2.202560892328619957e-03
9.121103286743164062e-01 2.122404985129833221e-03
9.204732775688171387e-01 2.018153201788663864e-03
9.288108944892883301e-01 1.885408768430352211e-03
9.371503591537475586e-01 1.721163978800177574e-03
9.455180764198303223e-01 1.525423955172300339e-03
9.539231657981872559e-01 1.302355551160871983e-03
9.581374526023864746e-01 1.182815991342067719e-03
9.665732383728027344e-01 9.376682573929429054e-04
9.750093221664428711e-01 6.926070200279355049e-04
9.834345579147338867e-01 4.574464401230216026e-04
9.918378591537475586e-01 2.420005475869402289e-04
