Airfoils2D_225
9.993513822555541992e-01 1.237933029187843204e-04
9.913825988769531250e-01 3.467884671408683062e-04
9.826726317405700684e-01 7.273887749761343002e-04
9.734305739402770996e-01 1.231444650329649448e-03
9.638656377792358398e-01 1.824806677177548409e-03
9.495930671691894531e-01 2.797672059386968613e-03
9.402312636375427246e-01 3.457541577517986298e-03
9.310848116874694824e-01 4.075469449162483215e-03
9.222939610481262207e-01 4.643723834306001663e-03
9.140127897262573242e-01 5.148308351635932922e-03
9.053697586059570312e-01 5.633622873574495316e-03
8.967556953430175781e-01 6.104540545493364334e-03
8.881915807723999023e-01 6.584960967302322388e-03
8.796579241752624512e-01 7.086585275828838348e-03
8.711503148078918457e-01 7.641110569238662720e-03
8.626404404640197754e-01 8.235460147261619568e-03
8.541375398635864258e-01 8.840379305183887482e-03
8.456164002418518066e-01 9.455950930714607239e-03
8.370563983917236328e-01 1.005172356963157654e-02
8.284505605697631836e-01 1.059738453477621078e-02
8.198038935661315918e-01 1.109252776950597763e-02
8.111434578895568848e-01 1.156266406178474426e-02
8.024879097938537598e-01 1.202745083719491959e-02
7.938591241836547852e-01 1.251596957445144653e-02
7.852395176887512207e-01 1.304430793970823288e-02
7.766600251197814941e-01 1.360493246465921402e-02
7.681073546409606934e-01 1.417837198823690414e-02
7.595627307891845703e-01 1.474921032786369324e-02
7.510075569152832031e-01 1.529346778988838196e-02
7.424482107162475586e-01 1.583228632807731628e-02
7.338714599609375000e-01 1.638514548540115356e-02
7.252829074859619141e-01 1.695922948420047760e-02
7.166881561279296875e-01 1.757054403424263000e-02
7.080805301666259766e-01 1.821653731167316437e-02
6.994892358779907227e-01 1.888447068631649017e-02
6.909101009368896484e-01 1.954890042543411255e-02
6.823437213897705078e-01 2.020145207643508911e-02
6.737828254699707031e-01 2.082436531782150269e-02
6.652415990829467773e-01 2.144396677613258362e-02
6.567058563232421875e-01 2.205362357199192047e-02
6.481815576553344727e-01 2.265640720725059509e-02
6.396468281745910645e-01 2.325965650379657745e-02
6.310988068580627441e-01 2.386450953781604767e-02
6.225400567054748535e-01 2.447316981852054596e-02
6.139634847640991211e-01 2.508190460503101349e-02
6.053610444068908691e-01 2.569272369146347046e-02
5.967380404472351074e-01 2.630153857171535492e-02
5.881193876266479492e-01 2.691743522882461548e-02
5.795152783393859863e-01 2.752102911472320557e-02
5.709313750267028809e-01 2.811314351856708527e-02
5.623489022254943848e-01 2.868950180709362030e-02
5.537875294685363770e-01 2.925181016325950623e-02
5.452370047569274902e-01 2.980530448257923126e-02
5.366991162300109863e-01 3.034633584320545197e-02
5.281494855880737305e-01 3.088962472975254059e-02
5.195975303649902344e-01 3.143307566642761230e-02
5.110455155372619629e-01 3.198127821087837219e-02
5.024904012680053711e-01 3.252058476209640503e-02
4.939338862895965576e-01 3.305519372224807739e-02
4.853715598583221436e-01 3.357623517513275146e-02
4.768180847167968750e-01 3.408949822187423706e-02
4.682756662368774414e-01 3.459728509187698364e-02
4.597608447074890137e-01 3.508424758911132812e-02
4.512590169906616211e-01 3.556858375668525696e-02
4.427828490734100342e-01 3.604634478688240051e-02
4.343185722827911377e-01 3.651416674256324768e-02
4.258576929569244385e-01 3.695702180266380310e-02
4.174044728279113770e-01 3.738186135888099670e-02
4.089439213275909424e-01 3.778451681137084961e-02
4.004748165607452393e-01 3.818660974502563477e-02
3.920075595378875732e-01 3.857906535267829895e-02
3.835373520851135254e-01 3.895656764507293701e-02
3.750609159469604492e-01 3.933393955230712891e-02
3.665820360183715820e-01 3.970728442072868347e-02
3.580967485904693604e-01 4.006174206733703613e-02
3.496206402778625488e-01 4.039265215396881104e-02
3.411705195903778076e-01 4.069795459508895874e-02
3.327339291572570801e-01 4.098014160990715027e-02
3.243282437324523926e-01 4.125380516052246094e-02
3.159520328044891357e-01 4.150861501693725586e-02
3.075898289680480957e-01 4.175108671188354492e-02
2.992380857467651367e-01 4.197470471262931824e-02
2.908822596073150635e-01 4.216679930686950684e-02
2.825266122817993164e-01 4.231643304228782654e-02
2.741816639900207520e-01 4.242820292711257935e-02
2.658394873142242432e-01 4.249379038810729980e-02
2.575087845325469971e-01 4.252200946211814880e-02
2.492020726203918457e-01 4.252331703901290894e-02
2.409096062183380127e-01 4.250782355666160583e-02
2.326256036758422852e-01 4.248306900262832642e-02
2.243488132953643799e-01 4.243689402937889099e-02
2.160746455192565918e-01 4.235936701297760010e-02
2.078212350606918335e-01 4.223517328500747681e-02
1.995724737644195557e-01 4.206329211592674255e-02
1.913308501243591309e-01 4.182681068778038025e-02
1.831375807523727417e-01 4.153060913085937500e-02
1.749785542488098145e-01 4.118333384394645691e-02
1.668608784675598145e-01 4.078991338610649109e-02
1.587738096714019775e-01 4.035617783665657043e-02
1.507198959589004517e-01 3.987755626440048218e-02
1.426953226327896118e-01 3.935015201568603516e-02
1.347136199474334717e-01 3.875517100095748901e-02
1.267527192831039429e-01 3.809370100498199463e-02
1.188440322875976562e-01 3.734766691923141479e-02
1.110279858112335205e-01 3.652797639369964600e-02
1.032974570989608765e-01 3.563424944877624512e-02
9.566911309957504272e-02 3.465768322348594666e-02
8.813015371561050415e-02 3.359710052609443665e-02
8.068474382162094116e-02 3.243199363350868225e-02
7.333837449550628662e-02 3.115355037152767181e-02
6.611295789480209351e-02 2.975347824394702911e-02
5.902586504817008972e-02 2.823329903185367584e-02
5.211643502116203308e-02 2.658696100115776062e-02
4.542344436049461365e-02 2.483075670897960663e-02
3.897329419851303101e-02 2.295679412782192230e-02
3.279503434896469116e-02 2.095961757004261017e-02
2.693672478199005127e-02 1.883729919791221619e-02
2.148028649389743805e-02 1.659405417740345001e-02
1.652347669005393982e-02 1.427897904068231583e-02
1.217868737876415253e-02 1.196309458464384079e-02
8.537764661014080048e-03 9.732879698276519775e-03
5.633288528770208359e-03 7.680618669837713242e-03
3.450998105108737946e-03 5.872381385415792465e-03
1.916198292747139931e-03 4.327606409788131714e-03
9.103759657591581345e-04 3.043054603040218353e-03
3.116448933724313974e-04 1.981670269742608070e-03
1.644286749069578946e-05 1.093106810003519058e-03
-6.590068369405344129e-05 3.400407149456441402e-04
1.895732202683575451e-05 -3.178078331984579563e-04
2.381625672569498420e-04 -9.103439515456557274e-04
5.779559724032878876e-04 -1.472301431931555271e-03
1.071357284672558308e-03 -2.057421253994107246e-03
1.788958092220127583e-03 -2.711117966100573540e-03
2.872525481507182121e-03 -3.452428150922060013e-03
4.503383301198482513e-03 -4.303496796637773514e-03
6.884126923978328705e-03 -5.254177376627922058e-03
1.017486955970525742e-02 -6.266614422202110291e-03
1.446626987308263779e-02 -7.291219662874937057e-03
1.974007673561573029e-02 -8.291290141642093658e-03
2.589038945734500885e-02 -9.232604876160621643e-03
3.273678198456764221e-02 -1.009008102118968964e-02
4.006993398070335388e-02 -1.084396149963140488e-02
4.774187877774238586e-02 -1.148002222180366516e-02
5.562086403369903564e-02 -1.201758813112974167e-02
6.362603604793548584e-02 -1.245880499482154846e-02
7.170990109443664551e-02 -1.281986106187105179e-02
7.984457165002822876e-02 -1.310415845364332199e-02
8.801399916410446167e-02 -1.334673538804054260e-02
9.621242433786392212e-02 -1.354311686009168625e-02
1.044294014573097229e-01 -1.369507424533367157e-02
1.126670911908149719e-01 -1.379405241459608078e-02
1.209587976336479187e-01 -1.384146418422460556e-02
1.292895823717117310e-01 -1.384339481592178345e-02
1.376528590917587280e-01 -1.380531676113605499e-02
1.460577696561813354e-01 -1.373050641268491745e-02
1.545117646455764771e-01 -1.362655311822891235e-02
1.629883199930191040e-01 -1.351404935121536255e-02
1.714818030595779419e-01 -1.338184624910354614e-02
1.799797117710113525e-01 -1.324641332030296326e-02
1.884792894124984741e-01 -1.310048997402191162e-02
1.969825029373168945e-01 -1.295601390302181244e-02
2.054645568132400513e-01 -1.280724816024303436e-02
2.139233201742172241e-01 -1.265694666653871536e-02
2.223980724811553955e-01 -1.248694211244583130e-02
2.309078127145767212e-01 -1.230684574693441391e-02
2.394274920225143433e-01 -1.211022213101387024e-02
2.479683905839920044e-01 -1.188854221254587173e-02
2.565166354179382324e-01 -1.166282407939434052e-02
2.650739550590515137e-01 -1.142870355397462845e-02
2.736287117004394531e-01 -1.120608299970626831e-02
2.821770906448364258e-01 -1.098335627466440201e-02
2.907228171825408936e-01 -1.076405867934226990e-02
2.992827594280242920e-01 -1.054634433239698410e-02
3.078596293926239014e-01 -1.033051218837499619e-02
3.164334297180175781e-01 -1.010795682668685913e-02
3.250000178813934326e-01 -9.879197925329208374e-03
3.335500657558441162e-01 -9.654890745878219604e-03
3.420879244804382324e-01 -9.436639957129955292e-03
3.506109416484832764e-01 -9.228067472577095032e-03
3.591349720954895020e-01 -9.012894704937934875e-03
3.676735460758209229e-01 -8.801257237792015076e-03
3.762223720550537109e-01 -8.598516695201396942e-03
3.847983181476593018e-01 -8.389000780880451202e-03
3.933817446231842041e-01 -8.166883140802383423e-03
4.019612669944763184e-01 -7.938997820019721985e-03
4.105341136455535889e-01 -7.712434977293014526e-03
4.190993607044219971e-01 -7.489773910492658615e-03
4.276522397994995117e-01 -7.271049544215202332e-03
4.362022578716278076e-01 -7.056712638586759567e-03
4.447570741176605225e-01 -6.861481349915266037e-03
4.533071815967559814e-01 -6.680380553007125854e-03
4.618786275386810303e-01 -6.497888360172510147e-03
4.704552888870239258e-01 -6.306160241365432739e-03
4.790411293506622314e-01 -6.111600901931524277e-03
4.876261949539184570e-01 -5.920541472733020782e-03
4.962251186370849609e-01 -5.721044261008501053e-03
5.048158168792724609e-01 -5.518076941370964050e-03
5.134007930755615234e-01 -5.306680221110582352e-03
5.219709873199462891e-01 -5.097136832773685455e-03
5.305208563804626465e-01 -4.883514251559972763e-03
5.390703082084655762e-01 -4.667379893362522125e-03
5.476071238517761230e-01 -4.444887861609458923e-03
5.561461448669433594e-01 -4.229588434100151062e-03
5.646751523017883301e-01 -4.029753617942333221e-03
5.732394456863403320e-01 -3.837251570075750351e-03
5.818110704421997070e-01 -3.649450605735182762e-03
5.903935432434082031e-01 -3.458419349044561386e-03
5.989726185798645020e-01 -3.266172250732779503e-03
6.075536012649536133e-01 -3.065774682909250259e-03
6.161369681358337402e-01 -2.862086752429604530e-03
6.247099637985229492e-01 -2.649069065228104591e-03
6.332826018333435059e-01 -2.438815310597419739e-03
6.418427228927612305e-01 -2.235688734799623489e-03
6.504277586936950684e-01 -2.044204855337738991e-03
6.590083837509155273e-01 -1.855539623647928238e-03
6.675800681114196777e-01 -1.668762415647506714e-03
6.761276721954345703e-01 -1.479605212807655334e-03
6.846714615821838379e-01 -1.284990692511200905e-03
6.931994557380676270e-01 -1.091707032173871994e-03
7.017165422439575195e-01 -8.941991254687309265e-04
7.102321982383728027e-01 -7.088544080033898354e-04
7.187420129776000977e-01 -5.282414495013654232e-04
7.272623777389526367e-01 -3.639815840870141983e-04
7.357776761054992676e-01 -1.999344676733016968e-04
7.442914843559265137e-01 -4.882355642621405423e-05
7.528123259544372559e-01 9.724690607981756330e-05
7.613529562950134277e-01 2.293533179908990860e-04
7.699137330055236816e-01 3.395450185053050518e-04
7.784993648529052734e-01 4.290965152904391289e-04
7.871101498603820801e-01 4.767464415635913610e-04
7.957304716110229492e-01 5.171751254238188267e-04
8.043422698974609375e-01 5.563865415751934052e-04
8.129367828369140625e-01 6.208021077327430248e-04
8.215121626853942871e-01 6.942448671907186508e-04
8.300840258598327637e-01 8.024336420930922031e-04
8.386454582214355469e-01 9.196178871206939220e-04
8.472105264663696289e-01 1.031173742376267910e-03
8.557711839675903320e-01 1.116961124353110790e-03
8.643349409103393555e-01 1.144774258136749268e-03
8.728795051574707031e-01 1.135923666879534721e-03
8.813847303390502930e-01 1.096041756682097912e-03
8.898457884788513184e-01 1.037547364830970764e-03
8.982641100883483887e-01 9.638236952014267445e-04
9.066734313964843750e-01 9.011481888592243195e-04
9.150876402854919434e-01 8.416181663051247597e-04
9.235102534294128418e-01 7.932694279588758945e-04
9.323412179946899414e-01 7.458508480340242386e-04
9.406853914260864258e-01 6.974422722123563290e-04
9.486641287803649902e-01 6.547478260472416878e-04
9.563966393470764160e-01 6.153717404231429100e-04
9.639968872070312500e-01 5.710576660931110382e-04
9.676530361175537109e-01 5.438259104266762733e-04
9.750717878341674805e-01 4.651113413274288177e-04
9.828264117240905762e-01 3.419120330363512039e-04
9.911495447158813477e-01 1.596481160959228873e-04
1.000273942947387695e+00 -9.626032988307997584e-05
