Airfoils2D_011
9.988126158714294434e-01 5.388031713664531708e-04
9.915555119514465332e-01 1.454679179005324841e-03
9.831590652465820312e-01 2.287147101014852524e-03
9.739246964454650879e-01 3.053468652069568634e-03
9.641540646553039551e-01 3.770905314013361931e-03
9.494228363037109375e-01 4.796236287802457809e-03
9.397764801979064941e-01 5.473384167999029160e-03
9.304123520851135254e-01 6.164215039461851120e-03
9.214959144592285156e-01 6.861269474029541016e-03
9.131938815116882324e-01 7.562831975519657135e-03
9.045617580413818359e-01 8.309226483106613159e-03
8.959934115409851074e-01 9.053745307028293610e-03
8.874992728233337402e-01 9.800964966416358948e-03
8.790580034255981445e-01 1.053602155297994614e-02
8.706223964691162109e-01 1.126046571880578995e-02
8.621649146080017090e-01 1.195934042334556580e-02
8.536991477012634277e-01 1.265567168593406677e-02
8.452155590057373047e-01 1.333299838006496429e-02
8.367125391960144043e-01 1.401410531252622604e-02
8.281677365303039551e-01 1.468401215970516205e-02
8.195798993110656738e-01 1.533446926623582840e-02
8.109526634216308594e-01 1.595855876803398132e-02
8.022671937942504883e-01 1.655035652220249176e-02
7.935068607330322266e-01 1.712866686284542084e-02
7.847071886062622070e-01 1.769307628273963928e-02
7.759238481521606445e-01 1.825742051005363464e-02
7.671931982040405273e-01 1.880783960223197937e-02
7.585216164588928223e-01 1.936537958681583405e-02
7.499086856842041016e-01 1.991695351898670197e-02
7.413358688354492188e-01 2.047106064856052399e-02
7.327898144721984863e-01 2.101997472345829010e-02
7.242236733436584473e-01 2.156318537890911102e-02
7.156203985214233398e-01 2.210928313434123993e-02
7.069894671440124512e-01 2.264527790248394012e-02
6.983507275581359863e-01 2.316864207386970520e-02
6.897136569023132324e-01 2.367397211492061615e-02
6.810726523399353027e-01 2.416381984949111938e-02
6.724320054054260254e-01 2.463867142796516418e-02
6.637843251228332520e-01 2.511069737374782562e-02
6.551312804222106934e-01 2.557615377008914948e-02
6.464673280715942383e-01 2.603947184979915619e-02
6.378008723258972168e-01 2.650431171059608459e-02
6.291388273239135742e-01 2.695805765688419342e-02
6.204946041107177734e-01 2.739987894892692566e-02
6.118784546852111816e-01 2.782379463315010071e-02
6.032810807228088379e-01 2.822871319949626923e-02
5.946790575981140137e-01 2.861826308071613312e-02
5.860710144042968750e-01 2.899316698312759399e-02
5.774567723274230957e-01 2.935308963060379028e-02
5.688430666923522949e-01 2.970688603818416595e-02
5.602183341979980469e-01 3.005857020616531372e-02
5.515851378440856934e-01 3.040217235684394836e-02
5.429549813270568848e-01 3.073807805776596069e-02
5.343373417854309082e-01 3.106926381587982178e-02
5.257244110107421875e-01 3.138450533151626587e-02
5.170873999595642090e-01 3.168018907308578491e-02
5.084443688392639160e-01 3.195207566022872925e-02
4.997978508472442627e-01 3.220580145716667175e-02
4.911611378192901611e-01 3.244045004248619080e-02
4.825239479541778564e-01 3.264903277158737183e-02
4.739040434360504150e-01 3.283857926726341248e-02
4.653064608573913574e-01 3.300629183650016785e-02
4.567254185676574707e-01 3.317047655582427979e-02
4.481623470783233643e-01 3.331187367439270020e-02
4.395873844623565674e-01 3.345134854316711426e-02
4.309998154640197754e-01 3.358498215675354004e-02
4.224034845829010010e-01 3.371957316994667053e-02
4.138070344924926758e-01 3.384196385741233826e-02
4.052082896232604980e-01 3.394225239753723145e-02
3.966196775436401367e-01 3.403150290250778198e-02
3.880406320095062256e-01 3.409801796078681946e-02
3.794599175453186035e-01 3.415118157863616943e-02
3.708846867084503174e-01 3.417601063847541809e-02
3.622997701168060303e-01 3.419204801321029663e-02
3.537034690380096436e-01 3.418951854109764099e-02
3.451197445392608643e-01 3.417351841926574707e-02
3.365511894226074219e-01 3.413018956780433655e-02
3.280029892921447754e-01 3.405478969216346741e-02
3.194674253463745117e-01 3.395478799939155579e-02
3.109434843063354492e-01 3.383249789476394653e-02
3.024064004421234131e-01 3.369151055812835693e-02
2.938609123229980469e-01 3.352651372551918030e-02
2.853050827980041504e-01 3.335117921233177185e-02
2.767435610294342041e-01 3.316783905029296875e-02
2.681953310966491699e-01 3.297691047191619873e-02
2.596645355224609375e-01 3.276135027408599854e-02
2.511552572250366211e-01 3.252224624156951904e-02
2.426589578390121460e-01 3.226253762841224670e-02
2.341850101947784424e-01 3.198517858982086182e-02
2.257234156131744385e-01 3.167956694960594177e-02
2.172856628894805908e-01 3.133610263466835022e-02
2.088758349418640137e-01 3.096644207835197449e-02
2.004910856485366821e-01 3.057805076241493225e-02
1.921267658472061157e-01 3.016448765993118286e-02
1.837897151708602905e-01 2.971655689179897308e-02
1.754702627658843994e-01 2.924918010830879211e-02
1.671641916036605835e-01 2.876016125082969666e-02
1.588931977748870850e-01 2.823589928448200226e-02
1.506573259830474854e-01 2.766962535679340363e-02
1.424650102853775024e-01 2.705789357423782349e-02
1.343257427215576172e-01 2.641500718891620636e-02
1.262269020080566406e-01 2.575775422155857086e-02
1.181511431932449341e-01 2.507419511675834656e-02
1.101304441690444946e-01 2.435642667114734650e-02
1.021610423922538757e-01 2.361180260777473450e-02
9.423580765724182129e-02 2.282093651592731476e-02
8.639074862003326416e-02 2.196030505001544952e-02
7.863933593034744263e-02 2.103593014180660248e-02
7.100827246904373169e-02 2.004625275731086731e-02
6.351884454488754272e-02 1.900993101298809052e-02
5.618169903755187988e-02 1.794204674661159515e-02
4.901503399014472961e-02 1.683435216546058655e-02
4.210133105516433716e-02 1.567443646490573883e-02
3.548465669155120850e-02 1.446016784757375717e-02
2.920050919055938721e-02 1.316659618169069290e-02
2.337331883609294891e-02 1.178315095603466034e-02
1.808885484933853149e-02 1.033461373299360275e-02
1.345936115831136703e-02 8.848202414810657501e-03
9.560438804328441620e-03 7.374387700110673904e-03
6.425148807466030121e-03 5.970767699182033539e-03
4.034092184156179428e-03 4.685444291681051254e-03
2.343466272577643394e-03 3.545303130522370338e-03
1.226857071742415428e-03 2.564028138294816017e-03
5.233333213254809380e-04 1.717914943583309650e-03
1.360315945930778980e-04 9.716351632960140705e-04
-5.918539318372495472e-05 3.015239490196108818e-04
-8.008477016119286418e-05 -3.371442144270986319e-04
5.194572440814226866e-05 -9.756207000464200974e-04
3.601041971705853939e-04 -1.632398692891001701e-03
9.050169028341770172e-04 -2.326888032257556915e-03
1.788326655514538288e-03 -3.066350240260362625e-03
3.116434672847390175e-03 -3.856207011267542839e-03
5.032319109886884689e-03 -4.700139164924621582e-03
7.686953525990247726e-03 -5.595117341727018356e-03
1.118907146155834198e-02 -6.518905982375144958e-03
1.562053523957729340e-02 -7.466606795787811279e-03
2.094520069658756256e-02 -8.414482697844505310e-03
2.708901092410087585e-02 -9.349834173917770386e-03
3.390567749738693237e-02 -1.025488041341304779e-02
4.122398793697357178e-02 -1.110776141285896301e-02
4.887191206216812134e-02 -1.190338656306266785e-02
5.674357712268829346e-02 -1.264067832380533218e-02
6.475940346717834473e-02 -1.331330835819244385e-02
7.286602258682250977e-02 -1.392321195453405380e-02
8.104771375656127930e-02 -1.447853166610002518e-02
8.928271383047103882e-02 -1.498473435640335083e-02
9.758216887712478638e-02 -1.545488461852073669e-02
1.059310957789421082e-01 -1.588549464941024780e-02
1.143255233764648438e-01 -1.627142541110515594e-02
1.227298006415367126e-01 -1.663875766098499298e-02
1.311748325824737549e-01 -1.700229011476039886e-02
1.396677941083908081e-01 -1.735484041273593903e-02
1.482099294662475586e-01 -1.769261620938777924e-02
1.568210721015930176e-01 -1.801199838519096375e-02
1.654799431562423706e-01 -1.831262744963169098e-02
1.741800010204315186e-01 -1.858715340495109558e-02
1.828924417495727539e-01 -1.882257126271724701e-02
1.915931701660156250e-01 -1.900728419423103333e-02
2.002274990081787109e-01 -1.917874254286289215e-02
2.088352888822555542e-01 -1.934038847684860229e-02
2.174148410558700562e-01 -1.948647201061248779e-02
2.259919047355651855e-01 -1.961767114698886871e-02
2.345993816852569580e-01 -1.974433474242687225e-02
2.432443499565124512e-01 -1.987363211810588837e-02
2.519282996654510498e-01 -2.000407874584197998e-02
2.606305181980133057e-01 -2.013157121837139130e-02
2.693345546722412109e-01 -2.024818770587444305e-02
2.780269980430603027e-01 -2.037192694842815399e-02
2.867186963558197021e-01 -2.048497274518013000e-02
2.953828275203704834e-01 -2.057803608477115631e-02
3.040436208248138428e-01 -2.065089344978332520e-02
3.127142786979675293e-01 -2.070340700447559357e-02
3.213944137096405029e-01 -2.074063196778297424e-02
3.300810158252716064e-01 -2.076602540910243988e-02
3.387622535228729248e-01 -2.078414335846900940e-02
3.474259972572326660e-01 -2.079609036445617676e-02
3.560736775398254395e-01 -2.080690488219261169e-02
3.647002577781677246e-01 -2.080864086747169495e-02
3.732931613922119141e-01 -2.079554088413715363e-02
3.818663954734802246e-01 -2.076937444508075714e-02
3.904380202293395996e-01 -2.073120325803756714e-02
3.990117311477661133e-01 -2.069436758756637573e-02
4.076156318187713623e-01 -2.066197432577610016e-02
4.162474870681762695e-01 -2.063519507646560669e-02
4.248869121074676514e-01 -2.060949802398681641e-02
4.335292577743530273e-01 -2.057474292814731598e-02
4.421777129173278809e-01 -2.052579820156097412e-02
4.507978558540344238e-01 -2.044735848903656006e-02
4.593674540519714355e-01 -2.033445239067077637e-02
4.679146409034729004e-01 -2.018877677619457245e-02
4.764138162136077881e-01 -2.000399306416511536e-02
4.848783910274505615e-01 -1.978522166609764099e-02
4.932733476161956787e-01 -1.954573206603527069e-02
5.016034245491027832e-01 -1.929353363811969757e-02
5.099167823791503906e-01 -1.902675442397594452e-02
5.182331204414367676e-01 -1.875143684446811676e-02
5.265699625015258789e-01 -1.846612058579921722e-02
5.349362492561340332e-01 -1.816458441317081451e-02
5.433675050735473633e-01 -1.784661598503589630e-02
5.518198013305664062e-01 -1.749386452138423920e-02
5.602927207946777344e-01 -1.712170429527759552e-02
5.687220096588134766e-01 -1.673790998756885529e-02
5.771279335021972656e-01 -1.634345017373561859e-02
5.855270624160766602e-01 -1.591965183615684509e-02
5.938820838928222656e-01 -1.546690240502357483e-02
6.022266149520874023e-01 -1.498948689550161362e-02
6.105313301086425781e-01 -1.448582392185926437e-02
6.188172101974487305e-01 -1.395151391625404358e-02
6.270999908447265625e-01 -1.340079121291637421e-02
6.354112029075622559e-01 -1.284049917012453079e-02
6.437377929687500000e-01 -1.226702425628900528e-02
6.520999073982238770e-01 -1.168463006615638733e-02
6.604900360107421875e-01 -1.108222827315330505e-02
6.688747406005859375e-01 -1.046557538211345673e-02
6.772755980491638184e-01 -9.835202246904373169e-03
6.856577396392822266e-01 -9.182788431644439697e-03
6.940238475799560547e-01 -8.489324711263179779e-03
7.024023532867431641e-01 -7.787625771015882492e-03
7.107756137847900391e-01 -7.069037761539220810e-03
7.191239595413208008e-01 -6.330777890980243683e-03
7.274498343467712402e-01 -5.598224699497222900e-03
7.357395887374877930e-01 -4.890529904514551163e-03
7.439910173416137695e-01 -4.216000437736511230e-03
7.522319555282592773e-01 -3.584067104384303093e-03
7.604700922966003418e-01 -2.984287682920694351e-03
7.687106132507324219e-01 -2.414104761555790901e-03
7.769916057586669922e-01 -1.878379844129085541e-03
7.852790951728820801e-01 -1.367662101984024048e-03
7.935413718223571777e-01 -8.589190547354519367e-04
8.017853498458862305e-01 -3.738744126167148352e-04
8.099579811096191406e-01 1.019971023197285831e-04
8.180752992630004883e-01 5.714740254916250706e-04
8.261623382568359375e-01 1.029341947287321091e-03
8.342124223709106445e-01 1.470934948883950710e-03
8.422517180442810059e-01 1.884065102785825729e-03
8.503446578979492188e-01 2.267796080559492111e-03
8.584681749343872070e-01 2.604152308776974678e-03
8.666193485260009766e-01 2.890232717618346214e-03
8.747937083244323730e-01 3.099119523540139198e-03
8.829498291015625000e-01 3.249214962124824524e-03
8.911032080650329590e-01 3.321187337860465050e-03
8.992226123809814453e-01 3.328118240460753441e-03
9.072645306587219238e-01 3.250722307711839676e-03
9.152488112449645996e-01 3.108469536527991295e-03
9.232067465782165527e-01 2.921125618740916252e-03
9.310821890830993652e-01 2.699384000152349472e-03
9.392544627189636230e-01 2.452805172652006149e-03
9.469088315963745117e-01 2.222055336460471153e-03
9.541810750961303711e-01 2.025076420977711678e-03
9.612020850181579590e-01 1.848431886173784733e-03
9.680702686309814453e-01 1.677794731222093105e-03
9.713622927665710449e-01 1.578428200446069241e-03
9.780074357986450195e-01 1.309320214204490185e-03
9.849036335945129395e-01 9.069826919585466385e-04
9.922541975975036621e-01 3.241397207602858543e-04
1.000262737274169922e+00 -4.864846123382449150e-04
