Airfoils2D_086
9.997421503067016602e-01 1.357674191240221262e-04
9.917952418327331543e-01 7.684567826800048351e-04
9.831098318099975586e-01 1.475858967751264572e-03
9.739009141921997070e-01 2.235527150332927704e-03
9.643835425376892090e-01 3.025014651939272881e-03
9.502311348915100098e-01 4.193993750959634781e-03
9.409977793693542480e-01 4.941962193697690964e-03
9.319930076599121094e-01 5.663492251187562943e-03
9.233406782150268555e-01 6.358317099511623383e-03
9.151862263679504395e-01 7.021209225058555603e-03
9.066563844680786133e-01 7.731265388429164886e-03
8.981397747993469238e-01 8.448611013591289520e-03
8.896451592445373535e-01 9.180817753076553345e-03
8.811790347099304199e-01 9.928281418979167938e-03
8.727033138275146484e-01 1.068775448948144913e-02
8.642354607582092285e-01 1.145478338003158569e-02
8.557525873184204102e-01 1.220979914069175720e-02
8.472459316253662109e-01 1.295387092977762222e-02
8.387235403060913086e-01 1.365451142191886902e-02
8.301852941513061523e-01 1.431206613779067993e-02
8.216423392295837402e-01 1.491568982601165771e-02
8.131157159805297852e-01 1.548631489276885986e-02
8.046022653579711914e-01 1.603758707642555237e-02
7.960979938507080078e-01 1.659081690013408661e-02
7.876242995262145996e-01 1.716300845146179199e-02
7.791427373886108398e-01 1.774520985782146454e-02
7.706497311592102051e-01 1.834751665592193604e-02
7.621389627456665039e-01 1.894243992865085602e-02
7.536183595657348633e-01 1.953821443021297455e-02
7.450913190841674805e-01 2.012227661907672882e-02
7.365745306015014648e-01 2.069161646068096161e-02
7.280556559562683105e-01 2.126494050025939941e-02
7.195582985877990723e-01 2.184765785932540894e-02
7.110765576362609863e-01 2.243462204933166504e-02
7.025889158248901367e-01 2.302126400172710419e-02
6.941022872924804688e-01 2.359244413673877716e-02
6.856176853179931641e-01 2.416204661130905151e-02
6.771339774131774902e-01 2.472788095474243164e-02
6.686326861381530762e-01 2.530025504529476166e-02
6.601083874702453613e-01 2.587414905428886414e-02
6.515512466430664062e-01 2.646740339696407318e-02
6.429851651191711426e-01 2.706786803901195526e-02
6.344041228294372559e-01 2.766313403844833374e-02
6.258144974708557129e-01 2.825188450515270233e-02
6.172322034835815430e-01 2.881874889135360718e-02
6.086756587028503418e-01 2.938304282724857330e-02
6.001292467117309570e-01 2.993672527372837067e-02
5.915815830230712891e-01 3.049283102154731750e-02
5.830372571945190430e-01 3.103579208254814148e-02
5.744976401329040527e-01 3.157259151339530945e-02
5.659661889076232910e-01 3.208856657147407532e-02
5.574463605880737305e-01 3.258943185210227966e-02
5.489287376403808594e-01 3.308552876114845276e-02
5.404179692268371582e-01 3.356383740901947021e-02
5.319243669509887695e-01 3.403194248676300049e-02
5.234246850013732910e-01 3.449812904000282288e-02
5.149216651916503906e-01 3.495267778635025024e-02
5.064247250556945801e-01 3.539673611521720886e-02
4.979351162910461426e-01 3.583346679806709290e-02
4.894460141658782959e-01 3.625938296318054199e-02
4.809619486331939697e-01 3.669092804193496704e-02
4.724774062633514404e-01 3.711473941802978516e-02
4.639946222305297852e-01 3.750767931342124939e-02
4.555044770240783691e-01 3.788917884230613708e-02
4.469988048076629639e-01 3.825305774807929993e-02
4.384903609752655029e-01 3.858342394232749939e-02
4.299846887588500977e-01 3.889622166752815247e-02
4.214868843555450439e-01 3.919804468750953674e-02
4.129908382892608643e-01 3.949774056673049927e-02
4.045168161392211914e-01 3.979336097836494446e-02
3.960691988468170166e-01 4.006377607583999634e-02
3.876415491104125977e-01 4.031142219901084900e-02
3.792156875133514404e-01 4.056500270962715149e-02
3.707941472530364990e-01 4.079812020063400269e-02
3.623709976673126221e-01 4.099580273032188416e-02
3.539535403251647949e-01 4.115859791636466980e-02
3.455364704132080078e-01 4.129328951239585876e-02
3.371185362339019775e-01 4.140038415789604187e-02
3.287076652050018311e-01 4.147199913859367371e-02
3.202989697456359863e-01 4.151144996285438538e-02
3.118948340415954590e-01 4.153104871511459351e-02
3.034739494323730469e-01 4.155385494232177734e-02
2.950504720211029053e-01 4.155385494232177734e-02
2.866196036338806152e-01 4.152712970972061157e-02
2.782036066055297852e-01 4.147725179791450500e-02
2.697992920875549316e-01 4.141165316104888916e-02
2.614110410213470459e-01 4.133366048336029053e-02
2.530339658260345459e-01 4.123315960168838501e-02
2.446772754192352295e-01 4.110998660326004028e-02
2.363490462303161621e-01 4.095961153507232666e-02
2.280262410640716553e-01 4.078243672847747803e-02
2.197360992431640625e-01 4.054705798625946045e-02
2.114647775888442993e-01 4.025290533900260925e-02
2.032051682472229004e-01 3.990553691983222961e-02
1.949525326490402222e-01 3.950948268175125122e-02
1.866919249296188354e-01 3.907059505581855774e-02
1.784252375364303589e-01 3.858465701341629028e-02
1.701602041721343994e-01 3.806973248720169067e-02
1.619216650724411011e-01 3.752652928233146667e-02
1.537293940782546997e-01 3.694404661655426025e-02
1.456109583377838135e-01 3.630939126014709473e-02
1.375631392002105713e-01 3.561904653906822205e-02
1.295776814222335815e-01 3.487331792712211609e-02
1.216497868299484253e-01 3.406094759702682495e-02
1.137613356113433838e-01 3.317921608686447144e-02
1.059151962399482727e-01 3.222043067216873169e-02
9.810984134674072266e-02 3.119227848947048187e-02
9.036380052566528320e-02 3.008641488850116730e-02
8.269674330949783325e-02 2.889140881597995758e-02
7.510531693696975708e-02 2.761149220168590546e-02
6.763193756341934204e-02 2.624286524951457977e-02
6.029025092720985413e-02 2.478828839957714081e-02
5.310060456395149231e-02 2.324258349835872650e-02
4.610269144177436829e-02 2.160352282226085663e-02
3.933449089527130127e-02 1.986559666693210602e-02
3.285583853721618652e-02 1.802397705614566803e-02
2.673036605119705200e-02 1.607768237590789795e-02
2.106554061174392700e-02 1.404030155390501022e-02
1.597122661769390106e-02 1.195235271006822586e-02
1.160480082035064697e-02 9.885272942483425140e-03
8.020914159715175629e-03 7.916509173810482025e-03
5.237514618784189224e-03 6.130213383585214615e-03
3.214617958292365074e-03 4.583889152854681015e-03
1.828051055781543255e-03 3.319161012768745422e-03
9.470468503423035145e-04 2.303375164046883583e-03
4.039646591991186142e-04 1.492993906140327454e-03
9.280224912799894810e-05 8.358806371688842773e-04
-5.803581734653562307e-05 2.739895717240869999e-04
-6.314885104075074196e-05 -2.321549400221556425e-04
4.909426934318616986e-05 -7.269528578035533428e-04
3.140556509606540203e-04 -1.234697410836815834e-03
8.058722596615552902e-04 -1.793846255168318748e-03
1.627974561415612698e-03 -2.428635023534297943e-03
2.938865451142191887e-03 -3.195798490196466446e-03
4.876500461250543594e-03 -4.090899601578712463e-03
7.600761950016021729e-03 -5.095995031297206879e-03
1.122301165014505386e-02 -6.177595816552639008e-03
1.578493788838386536e-02 -7.294396869838237762e-03
2.124327607452869415e-02 -8.387203328311443329e-03
2.749259583652019501e-02 -9.409430436789989471e-03
3.438277915120124817e-02 -1.032707560807466507e-02
4.174846783280372620e-02 -1.112520880997180939e-02
4.942779988050460815e-02 -1.182646490633487701e-02
5.728384107351303101e-02 -1.243379991501569748e-02
6.524688005447387695e-02 -1.295741461217403412e-02
7.326895743608474731e-02 -1.341276802122592926e-02
8.133295923471450806e-02 -1.382540538907051086e-02
8.944107592105865479e-02 -1.418464165180921555e-02
9.760037809610366821e-02 -1.449425425380468369e-02
1.058110296726226807e-01 -1.472800970077514648e-02
1.140643879771232605e-01 -1.488805282860994339e-02
1.223344877362251282e-01 -1.499630697071552277e-02
1.306210756301879883e-01 -1.506433077156543732e-02
1.389368623495101929e-01 -1.508626993745565414e-02
1.472777128219604492e-01 -1.507459860295057297e-02
1.556428968906402588e-01 -1.504944544285535812e-02
1.640328168869018555e-01 -1.500777713954448700e-02
1.724683642387390137e-01 -1.496324781328439713e-02
1.809361129999160767e-01 -1.489188335835933685e-02
1.894217580556869507e-01 -1.479303836822509766e-02
1.979072540998458862e-01 -1.468381658196449280e-02
2.063942551612854004e-01 -1.457315869629383087e-02
2.148975431919097900e-01 -1.444415003061294556e-02
2.234058827161788940e-01 -1.429702155292034149e-02
2.319104522466659546e-01 -1.413316372781991959e-02
2.404119074344635010e-01 -1.395567320287227631e-02
2.489348798990249634e-01 -1.377595029771327972e-02
2.574641704559326172e-01 -1.357491873204708099e-02
2.659950852394104004e-01 -1.334719546139240265e-02
2.745190560817718506e-01 -1.310726255178451538e-02
2.830364108085632324e-01 -1.286278478801250458e-02
2.915644347667694092e-01 -1.260607689619064331e-02
3.000870645046234131e-01 -1.233985833823680878e-02
3.086081743240356445e-01 -1.205652579665184021e-02
3.171334564685821533e-01 -1.176931895315647125e-02
3.256793320178985596e-01 -1.148380525410175323e-02
3.342393934726715088e-01 -1.118940301239490509e-02
3.428061604499816895e-01 -1.087963115423917770e-02
3.513749837875366211e-01 -1.056375354528427124e-02
3.599334955215454102e-01 -1.024275738745927811e-02
3.684869706630706787e-01 -9.916164912283420563e-03
3.770250082015991211e-01 -9.583372622728347778e-03
3.855614662170410156e-01 -9.245045483112335205e-03
3.940924704074859619e-01 -8.914330974221229553e-03
4.026387631893157959e-01 -8.587763644754886627e-03
4.111961424350738525e-01 -8.254933170974254608e-03
4.197604656219482422e-01 -7.915252819657325745e-03
4.283425509929656982e-01 -7.570810616016387939e-03
4.369206428527832031e-01 -7.215459365397691727e-03
4.454922378063201904e-01 -6.856231484562158585e-03
4.540551304817199707e-01 -6.494252011179924011e-03
4.626117050647735596e-01 -6.141863297671079636e-03
4.711622893810272217e-01 -5.802402738481760025e-03
4.797291755676269531e-01 -5.461816675961017609e-03
4.882975518703460693e-01 -5.116320215165615082e-03
4.968744516372680664e-01 -4.768302198499441147e-03
5.054740905761718750e-01 -4.411406815052032471e-03
5.140786767005920410e-01 -4.050435032695531845e-03
5.226883888244628906e-01 -3.692017169669270515e-03
5.313068032264709473e-01 -3.344406606629490852e-03
5.399281382560729980e-01 -3.014130052179098129e-03
5.485554933547973633e-01 -2.697318559512495995e-03
5.571919679641723633e-01 -2.375063486397266388e-03
5.658238530158996582e-01 -2.060953993350267410e-03
5.744382143020629883e-01 -1.751038944348692894e-03
5.830330848693847656e-01 -1.441131229512393475e-03
5.916044712066650391e-01 -1.133241690695285797e-03
6.001471877098083496e-01 -8.291080594062805176e-04
6.086750626564025879e-01 -5.364041426219046116e-04
6.171784996986389160e-01 -2.444798592478036880e-04
6.256750822067260742e-01 4.564188202493824065e-05
6.341813206672668457e-01 3.388425393495708704e-04
6.427079439163208008e-01 6.107143126428127289e-04
6.512344479560852051e-01 8.766977698542177677e-04
6.597681641578674316e-01 1.132282195612788200e-03
6.683123707771301270e-01 1.378730405122041702e-03
6.768457293510437012e-01 1.599448849447071552e-03
6.853858828544616699e-01 1.800890779122710228e-03
6.939112544059753418e-01 1.985833048820495605e-03
7.024330496788024902e-01 2.153584966436028481e-03
7.109397649765014648e-01 2.309254836291074753e-03
7.194374799728393555e-01 2.467281883582472801e-03
7.278991937637329102e-01 2.646898385137319565e-03
7.363553643226623535e-01 2.837438369169831276e-03
7.448226809501647949e-01 3.036306006833910942e-03
7.533113360404968262e-01 3.229019930586218834e-03
7.618571519851684570e-01 3.399493172764778137e-03
7.704575061798095703e-01 3.531990339979529381e-03
7.791048884391784668e-01 3.619027789682149887e-03
7.877751588821411133e-01 3.657818306237459183e-03
7.964400649070739746e-01 3.671336220577359200e-03
8.050573468208312988e-01 3.658937290310859680e-03
8.136498332023620605e-01 3.620923031121492386e-03
8.222066760063171387e-01 3.562320489436388016e-03
8.307262659072875977e-01 3.500374034047126770e-03
8.392156362533569336e-01 3.431369783356785774e-03
8.476651906967163086e-01 3.382199211046099663e-03
8.560746312141418457e-01 3.350528655573725700e-03
8.644583821296691895e-01 3.350956598296761513e-03
8.728135824203491211e-01 3.381393384188413620e-03
8.811615705490112305e-01 3.427037736400961876e-03
8.895363807678222656e-01 3.449883311986923218e-03
8.979573249816894531e-01 3.425842849537730217e-03
9.064282178878784180e-01 3.338161855936050415e-03
9.149395227432250977e-01 3.180061466991901398e-03
9.234414696693420410e-01 2.950127469375729561e-03
9.323152899742126465e-01 2.639384940266609192e-03
9.406573772430419922e-01 2.314295154064893723e-03
9.485951662063598633e-01 1.983008347451686859e-03
9.562644958496093750e-01 1.659326371736824512e-03
9.637936353683471680e-01 1.336325542069971561e-03
9.674195051193237305e-01 1.184011460281908512e-03
9.747628569602966309e-01 8.766334503889083862e-04
9.824141860008239746e-01 5.594035610556602478e-04
9.905965328216552734e-01 2.248992532258853316e-04
9.995327591896057129e-01 -1.343024778179824352e-04
