Airfoils2D_109
9.997506141662597656e-01 2.565668837632983923e-04
9.919236898422241211e-01 9.443939779885113239e-04
9.833006262779235840e-01 1.666029915213584900e-03
9.741111397743225098e-01 2.411636058241128922e-03
9.645848870277404785e-01 3.171373391523957253e-03
9.504101872444152832e-01 4.298646934330463409e-03
9.411677718162536621e-01 5.052793771028518677e-03
9.321770071983337402e-01 5.794341210275888443e-03
9.235512018203735352e-01 6.516941357403993607e-03
9.154188036918640137e-01 7.217583246529102325e-03
9.068982601165771484e-01 7.958523929119110107e-03
8.983760476112365723e-01 8.707751519978046417e-03
8.898902535438537598e-01 9.429516270756721497e-03
8.814285397529602051e-01 1.013504154980182648e-02
8.729738593101501465e-01 1.082722190767526627e-02
8.645236492156982422e-01 1.150941755622625351e-02
8.560867309570312500e-01 1.216182392090559006e-02
8.476226925849914551e-01 1.281198486685752869e-02
8.391308188438415527e-01 1.347539387643337250e-02
8.306194543838500977e-01 1.412573363631963730e-02
8.220912814140319824e-01 1.476303115487098694e-02
8.135747909545898438e-01 1.538604870438575745e-02
8.050552010536193848e-01 1.600354164838790894e-02
7.965392470359802246e-01 1.663344725966453552e-02
7.880330085754394531e-01 1.727797277271747589e-02
7.795329093933105469e-01 1.793398335576057434e-02
7.710211873054504395e-01 1.861207373440265656e-02
7.625122070312500000e-01 1.928971149027347565e-02
7.540008425712585449e-01 1.993085816502571106e-02
7.454810142517089844e-01 2.053732052445411682e-02
7.369600534439086914e-01 2.111535333096981049e-02
7.284433841705322266e-01 2.167432382702827454e-02
7.199275493621826172e-01 2.224282920360565186e-02
7.114086151123046875e-01 2.282480336725711823e-02
7.028924822807312012e-01 2.341888286173343658e-02
6.943796873092651367e-01 2.402040362358093262e-02
6.858736276626586914e-01 2.462336234748363495e-02
6.773715615272521973e-01 2.521835826337337494e-02
6.688833236694335938e-01 2.578919194638729095e-02
6.603990793228149414e-01 2.634373679757118225e-02
6.519148349761962891e-01 2.688795700669288635e-02
6.434260010719299316e-01 2.743155136704444885e-02
6.349336504936218262e-01 2.796561643481254578e-02
6.264352202415466309e-01 2.848595753312110901e-02
6.179248690605163574e-01 2.899251133203506470e-02
6.094085574150085449e-01 2.949687838554382324e-02
6.009030938148498535e-01 2.999255433678627014e-02
5.924100279808044434e-01 3.047004900872707367e-02
5.839107036590576172e-01 3.093959204852581024e-02
5.754037499427795410e-01 3.140398859977722168e-02
5.668998360633850098e-01 3.187730535864830017e-02
5.584001541137695312e-01 3.235397487878799438e-02
5.499039292335510254e-01 3.282820433378219604e-02
5.414094328880310059e-01 3.329849243164062500e-02
5.329228639602661133e-01 3.376351669430732727e-02
5.244494080543518066e-01 3.421687707304954529e-02
5.159719586372375488e-01 3.465141728520393372e-02
5.074837207794189453e-01 3.507011756300926208e-02
4.989872872829437256e-01 3.547605127096176147e-02
4.904786944389343262e-01 3.587364777922630310e-02
4.819677770137786865e-01 3.625779226422309875e-02
4.734663963317871094e-01 3.662864491343498230e-02
4.649690687656402588e-01 3.699191287159919739e-02
4.564771354198455811e-01 3.734918311238288879e-02
4.479993283748626709e-01 3.769910335540771484e-02
4.395202398300170898e-01 3.803576156497001648e-02
4.310421943664550781e-01 3.836830332875251770e-02
4.225639402866363525e-01 3.868869319558143616e-02
4.140834212303161621e-01 3.898157179355621338e-02
4.056032299995422363e-01 3.925553336739540100e-02
3.971291780471801758e-01 3.951121121644973755e-02
3.886587321758270264e-01 3.975487127900123596e-02
3.801999092102050781e-01 3.998709470033645630e-02
3.717559874057769775e-01 4.020726308226585388e-02
3.633211255073547363e-01 4.041147604584693909e-02
3.548971712589263916e-01 4.060608521103858948e-02
3.464943468570709229e-01 4.077823460102081299e-02
3.381129801273345947e-01 4.092136770486831665e-02
3.297350704669952393e-01 4.105094447731971741e-02
3.213617801666259766e-01 4.115473106503486633e-02
3.129910528659820557e-01 4.124493896961212158e-02
3.046254217624664307e-01 4.131982102990150452e-02
2.962573766708374023e-01 4.137739166617393494e-02
2.878904640674591064e-01 4.141479358077049255e-02
2.795315384864807129e-01 4.142698273062705994e-02
2.711898088455200195e-01 4.140957072377204895e-02
2.628561258316040039e-01 4.136396199464797974e-02
2.545258402824401855e-01 4.128832370042800903e-02
2.462053745985031128e-01 4.117245972156524658e-02
2.378979325294494629e-01 4.103010147809982300e-02
2.295975834131240845e-01 4.085736349225044250e-02
2.212891280651092529e-01 4.065095260739326477e-02
2.129826098680496216e-01 4.040914028882980347e-02
2.046903967857360840e-01 4.012430459260940552e-02
1.964010000228881836e-01 3.980459645390510559e-02
1.881154328584671021e-01 3.944543376564979553e-02
1.798428595066070557e-01 3.903326764702796936e-02
1.715957224369049072e-01 3.857822716236114502e-02
1.633927077054977417e-01 3.808021172881126404e-02
1.552203148603439331e-01 3.753862529993057251e-02
1.470741480588912964e-01 3.693845868110656738e-02
1.389861851930618286e-01 3.627588599920272827e-02
1.309549659490585327e-01 3.555974364280700684e-02
1.229739710688591003e-01 3.478486090898513794e-02
1.150433272123336792e-01 3.392889350652694702e-02
1.071783453226089478e-01 3.297228738665580750e-02
9.938381612300872803e-02 3.193488344550132751e-02
9.166995435953140259e-02 3.080280870199203491e-02
8.402359485626220703e-02 2.958545275032520294e-02
7.645028084516525269e-02 2.826633676886558533e-02
6.897103786468505859e-02 2.686384320259094238e-02
6.158361956477165222e-02 2.539704926311969757e-02
5.431533977389335632e-02 2.384662441909313202e-02
4.719128832221031189e-02 2.219773828983306885e-02
4.028022661805152893e-02 2.042091079056262970e-02
3.363241255283355713e-02 1.853050664067268372e-02
2.734186686575412750e-02 1.651513390243053436e-02
2.152761444449424744e-02 1.440934464335441589e-02
1.630876772105693817e-02 1.224149484187364578e-02
1.179300714284181595e-02 1.010676193982362747e-02
8.072262629866600037e-03 8.094008080661296844e-03
5.175743252038955688e-03 6.274668034166097641e-03
3.061202121898531914e-03 4.706846550107002258e-03
1.633647829294204712e-03 3.400964196771383286e-03
7.454153383150696754e-04 2.361576538532972336e-03
2.453177585266530514e-04 1.523997634649276733e-03
9.237240192305762321e-06 8.373126038350164890e-04
-7.251912757055833936e-05 2.318133047083392739e-04
-6.392830255208536983e-05 -3.178870247211307287e-04
3.095268766628578305e-05 -8.477721712552011013e-04
2.236157160950824618e-04 -1.397458021529018879e-03
5.887313163839280605e-04 -1.982761546969413757e-03
1.244351849891245365e-03 -2.621397608891129494e-03
2.347200410440564156e-03 -3.339232178404927254e-03
4.081401973962783813e-03 -4.169254563748836517e-03
6.635281257331371307e-03 -5.092559382319450378e-03
1.015956141054630280e-02 -6.098033394664525986e-03
1.470941863954067230e-02 -7.135055959224700928e-03
2.025165036320686340e-02 -8.159916847944259644e-03
2.665192447602748871e-02 -9.147924371063709259e-03
3.372778370976448059e-02 -1.004934869706630707e-02
4.126515612006187439e-02 -1.085835788398981094e-02
4.907295480370521545e-02 -1.158453617244958878e-02
5.702926591038703918e-02 -1.222989335656166077e-02
6.505625694990158081e-02 -1.279349997639656067e-02
7.313427329063415527e-02 -1.328762713819742203e-02
8.124617487192153931e-02 -1.369324885308742523e-02
8.940091729164123535e-02 -1.401810999959707260e-02
9.760518372058868408e-02 -1.426583435386419296e-02
1.058551743626594543e-01 -1.443049311637878418e-02
1.141369193792343140e-01 -1.454287488013505936e-02
1.224457249045372009e-01 -1.461526565253734589e-02
1.307928264141082764e-01 -1.464904285967350006e-02
1.391778141260147095e-01 -1.466830540448427200e-02
1.475998461246490479e-01 -1.467245351523160934e-02
1.560437083244323730e-01 -1.466488186269998550e-02
1.645065844058990479e-01 -1.465320866554975510e-02
1.729988455772399902e-01 -1.462708227336406708e-02
1.815020740032196045e-01 -1.458682026714086533e-02
1.900033950805664062e-01 -1.454155892133712769e-02
1.984931826591491699e-01 -1.447484083473682404e-02
2.069825828075408936e-01 -1.438152603805065155e-02
2.154690176248550415e-01 -1.428108010441064835e-02
2.239534556865692139e-01 -1.416035555303096771e-02
2.324307262897491455e-01 -1.404076069593429565e-02
2.409152686595916748e-01 -1.391041837632656097e-02
2.494252473115921021e-01 -1.377727463841438293e-02
2.579403519630432129e-01 -1.364521216601133347e-02
2.664770781993865967e-01 -1.350339129567146301e-02
2.750174999237060547e-01 -1.335375383496284485e-02
2.835639417171478271e-01 -1.319363433867692947e-02
2.921071052551269531e-01 -1.303042657673358917e-02
3.006497919559478760e-01 -1.285075861960649490e-02
3.091822564601898193e-01 -1.266955398023128510e-02
3.177097141742706299e-01 -1.247747987508773804e-02
3.262279331684112549e-01 -1.228262111544609070e-02
3.347342312335968018e-01 -1.208747364580631256e-02
3.432610034942626953e-01 -1.189327239990234375e-02
3.517871797084808350e-01 -1.172633562237024307e-02
3.603302538394927979e-01 -1.155644468963146210e-02
3.688910603523254395e-01 -1.138898730278015137e-02
3.774634301662445068e-01 -1.121051423251628876e-02
3.860310614109039307e-01 -1.102316845208406448e-02
3.945951759815216064e-01 -1.081647910177707672e-02
4.031434953212738037e-01 -1.058808527886867523e-02
4.116840958595275879e-01 -1.035197637975215912e-02
4.202306270599365234e-01 -1.011199783533811569e-02
4.287876188755035400e-01 -9.871504269540309906e-03
4.373684525489807129e-01 -9.617686271667480469e-03
4.459647238254547119e-01 -9.360816329717636108e-03
4.545644819736480713e-01 -9.099943563342094421e-03
4.631539881229400635e-01 -8.843208663165569305e-03
4.717406630516052246e-01 -8.583716116845607758e-03
4.803058803081512451e-01 -8.329008705914020538e-03
4.888482689857482910e-01 -8.089293725788593292e-03
4.973730146884918213e-01 -7.850964553654193878e-03
5.059024691581726074e-01 -7.613325491547584534e-03
5.144357681274414062e-01 -7.378918584436178207e-03
5.229755640029907227e-01 -7.134142797440290451e-03
5.315287709236145020e-01 -6.881147623062133789e-03
5.400923490524291992e-01 -6.619259715080261230e-03
5.486758351325988770e-01 -6.341411732137203217e-03
5.572676062583923340e-01 -6.048515904694795609e-03
5.658543109893798828e-01 -5.755232181400060654e-03
5.744368433952331543e-01 -5.461117252707481384e-03
5.830189585685729980e-01 -5.181795917451381683e-03
5.915961265563964844e-01 -4.918176215142011642e-03
6.001706123352050781e-01 -4.667198285460472107e-03
6.087503433227539062e-01 -4.433801863342523575e-03
6.173372864723205566e-01 -4.211898893117904663e-03
6.259253025054931641e-01 -3.990611061453819275e-03
6.345117092132568359e-01 -3.767939051613211632e-03
6.430794596672058105e-01 -3.549547167494893074e-03
6.516358256340026855e-01 -3.332072170451283455e-03
6.601745486259460449e-01 -3.115685656666755676e-03
6.687057018280029297e-01 -2.894894452765583992e-03
6.772371530532836914e-01 -2.670495538040995598e-03
6.857801675796508789e-01 -2.439505653455853462e-03
6.943454742431640625e-01 -2.200833987444639206e-03
7.029182910919189453e-01 -1.947214826941490173e-03
7.114930152893066406e-01 -1.684783142991364002e-03
7.200515866279602051e-01 -1.414974220097064972e-03
7.285798192024230957e-01 -1.160131301730871201e-03
7.370660901069641113e-01 -9.213361190631985664e-04
7.455230355262756348e-01 -7.134418119676411152e-04
7.539785504341125488e-01 -5.510093178600072861e-04
7.624664902687072754e-01 -4.255923267919570208e-04
7.710184454917907715e-01 -3.293623158242553473e-04
7.796360850334167480e-01 -2.268413372803479433e-04
7.883085012435913086e-01 -1.012403517961502075e-04
7.969923019409179688e-01 6.210721039678901434e-05
8.056343793869018555e-01 2.560060238465666771e-04
8.142163753509521484e-01 4.840110195800662041e-04
8.227308988571166992e-01 7.103685056790709496e-04
8.312011957168579102e-01 9.172898135147988796e-04
8.396545648574829102e-01 1.101385219953954220e-03
8.481147885322570801e-01 1.247932552359998226e-03
8.565928339958190918e-01 1.372492755763232708e-03
8.650982975959777832e-01 1.458881772123277187e-03
8.736028075218200684e-01 1.522032660432159901e-03
8.820814490318298340e-01 1.549582928419113159e-03
8.905399441719055176e-01 1.540945377200841904e-03
8.989700675010681152e-01 1.491689006797969341e-03
9.073798060417175293e-01 1.422787783667445183e-03
9.157758355140686035e-01 1.343000796623528004e-03
9.241606593132019043e-01 1.254796166904270649e-03
9.329258203506469727e-01 1.182102365419268608e-03
9.411873221397399902e-01 1.128106494434177876e-03
9.490720033645629883e-01 1.106053474359214306e-03
9.567079544067382812e-01 1.091362209990620613e-03
9.642271995544433594e-01 1.064741867594420910e-03
9.678481221199035645e-01 1.040251692757010460e-03
9.752013683319091797e-01 9.308495791628956795e-04
9.828959703445434570e-01 7.091053994372487068e-04
9.911634922027587891e-01 3.368832694832235575e-04
1.000235319137573242e+00 -2.239524183096364141e-04
