Airfoils2D_129F
1.000001179241953642e+00 1.128746912806764769e-04
9.915279378350658757e-01 3.820320950614204230e-05
9.830527568931415328e-01 -1.963577905711284157e-05
9.745756421489184529e-01 -6.097380321633713134e-05
9.660965994651244948e-01 -8.614285447434775328e-05
9.576156286504414750e-01 -9.547539048084686529e-05
9.491327239978576413e-01 -8.930428227956597087e-05
9.406479095757370734e-01 -6.796288892768037712e-05
9.321611917063384878e-01 -3.178507698009284065e-05
9.236725768106077705e-01 1.889481388958101442e-05
9.151820562041628193e-01 8.374209772750798326e-05
9.066896421036398923e-01 1.624215003618757617e-04
8.981953506473896454e-01 2.545971861717482264e-04
8.896991885952373336e-01 3.599329045641631929e-04
8.812011609633030318e-01 4.780919508382529552e-04
8.727012530195372708e-01 6.087374676724818323e-04
8.641994950373343976e-01 7.515314495066924456e-04
8.556958940270984471e-01 9.061357134275528982e-04
8.471904570487008845e-01 1.072211591352161030e-03
8.386831752581043187e-01 1.249420271477542921e-03
8.301740618535691230e-01 1.437422034598433325e-03
8.216631337913105071e-01 1.635876551615163786e-03
8.131503982827544830e-01 1.844443202060748856e-03
8.046358559254768172e-01 2.062781050006852468e-03
7.961195009516361942e-01 2.290548872358908958e-03
7.876013601904482409e-01 2.527404085063721280e-03
7.790814409349133829e-01 2.773004102814558870e-03
7.705597504885205451e-01 3.027005848112167448e-03
7.620362702301641811e-01 3.289066559746536660e-03
7.535110324426567141e-01 3.558841441278245803e-03
7.449840452828998538e-01 3.835985906416857459e-03
7.364553160607238969e-01 4.120154899765305669e-03
7.279246415770799228e-01 4.411010065305001789e-03
7.193730783415035468e-01 4.707644574432367536e-03
7.108305282264829605e-01 5.003084250585218898e-03
7.023276774052886751e-01 5.289416145058464282e-03
6.938640132388687043e-01 5.559994019055166693e-03
6.854386979986657469e-01 5.808367609522606910e-03
6.770507852395586390e-01 6.028266961234709023e-03
6.686995423553442341e-01 6.213586669698966530e-03
6.603818862426702463e-01 6.358422185844425645e-03
6.519638561284274436e-01 6.466527758946171225e-03
6.434721761499060388e-01 6.568221779332031156e-03
6.351886910710725642e-01 6.697325290958773200e-03
6.271077433123433131e-01 6.886537895746454307e-03
6.190574890468965030e-01 7.160809116451782863e-03
6.108908351146108417e-01 7.513978119460730520e-03
6.026008308722810014e-01 7.928191796920447398e-03
5.941823793388149033e-01 8.383729807334986545e-03
5.856974842024594841e-01 8.859420940036477274e-03
5.772010273587108165e-01 9.347452566244139269e-03
5.686933680838001104e-01 9.845863476622893767e-03
5.601744572648487130e-01 1.035269862954013576e-02
5.516441653606831697e-01 1.086599145356006990e-02
5.431023141662882914e-01 1.138376207636495989e-02
5.345491352759875747e-01 1.190398929133285912e-02
5.259985100697247562e-01 1.242380693643677265e-02
5.174594730386020691e-01 1.294064650651914963e-02
5.089319425734406543e-01 1.345250996962256244e-02
5.004158414486917783e-01 1.395741558362702250e-02
4.919109327457912850e-01 1.445340734867663762e-02
4.834170882471826025e-01 1.493853876692126902e-02
4.749341806761466778e-01 1.541087918783389660e-02
4.664622178176751621e-01 1.586850653296633870e-02
4.580007702662434177e-01 1.630953790615121551e-02
4.495407781767696842e-01 1.673309688433157263e-02
4.410752292992845547e-01 1.713998799033633266e-02
4.326041021952204968e-01 1.753101809425841942e-02
4.241273878590183788e-01 1.790699597393208969e-02
4.156451547692447401e-01 1.826872975305106686e-02
4.071574268862135915e-01 1.861703246201155265e-02
3.986642284939208025e-01 1.895271994034844823e-02
3.901655430158476046e-01 1.927661239258723902e-02
3.816614149771763165e-01 1.958953045325905612e-02
3.731518901817487133e-01 1.989229768970597265e-02
3.646369939182014797e-01 2.018574134066296669e-02
3.561167312434883048e-01 2.047069219853630065e-02
3.475911031737386470e-01 2.074798401322085900e-02
3.390601797875275603e-01 2.101845121818713552e-02
3.305239869919162077e-01 2.128293266961536409e-02
3.219827530114324210e-01 2.154226365482360406e-02
3.134468865754471700e-01 2.179630531361678031e-02
3.049238854703851254e-01 2.204298231712758030e-02
2.964137100450130458e-01 2.228008173826414098e-02
2.879163215981571100e-01 2.250541097190365825e-02
2.794318143675580957e-01 2.271679434966514949e-02
2.709600386921129922e-01 2.291208254906779151e-02
2.625009324676145783e-01 2.308914341917753243e-02
2.540544585168774128e-01 2.324586365973425189e-02
2.456205792935726995e-01 2.338014926036783084e-02
2.371993757814671033e-01 2.348992392042562743e-02
2.287906982877597195e-01 2.357313365697683363e-02
2.203944920648882866e-01 2.362774130395270747e-02
2.120107142693812008e-01 2.365172789619360630e-02
2.036393196548861029e-01 2.364309262161837580e-02
1.952802600974812841e-01 2.359985255501922952e-02
1.869332560212860206e-01 2.352004042972023062e-02
1.785860111758738600e-01 2.340231913891805196e-02
1.702301671770326263e-01 2.324758579090577953e-02
1.618659036682837671e-01 2.305723569677950446e-02
1.534934022460139047e-01 2.283267338217351977e-02
1.451128461812686565e-01 2.257531264247352593e-02
1.367243763562048797e-01 2.228657500431511715e-02
1.283281778639011605e-01 2.196789245740855476e-02
1.199259801901564337e-01 2.162076763312260202e-02
1.115677566343358934e-01 2.124554939333396508e-02
1.032854986213120330e-01 2.083326678151635122e-02
9.507825048436319149e-02 2.037264023506498573e-02
8.694504060584895555e-02 1.985297240546922068e-02
7.888485461149966071e-02 1.926410828973587619e-02
7.089660741112067954e-02 1.859639526767185511e-02
6.297911521307586469e-02 1.784064215482229765e-02
5.512767848446843005e-02 1.698769047060781287e-02
4.721757241439127756e-02 1.602139328901364818e-02
3.915833098100501841e-02 1.494990244570788482e-02
3.094591057082847138e-02 1.379761625559121872e-02
2.277856042832411554e-02 1.261919836070934074e-02
1.713177666350559208e-02 1.165213111177024891e-02
1.292699561755024547e-02 1.061287068369509527e-02
9.421402955753905434e-03 9.391705841617168510e-03
6.350639844396074700e-03 7.954697322647847832e-03
4.082227504771997542e-03 6.579051063312912027e-03
2.649369309864352436e-03 5.432420100202122945e-03
1.678381309134948599e-03 4.399410706054646472e-03
1.012983693215947388e-03 3.437163321939527144e-03
5.581153090099494427e-04 2.502454246822021899e-03
2.591905145982365444e-04 1.558283259628700417e-03
1.121202906790152315e-04 6.670158249298537793e-04
9.606691398177834773e-05 -2.019625845976269821e-04
2.028545216026135382e-04 -1.014825624613732930e-03
4.161873048311127629e-04 -1.771948744563022317e-03
7.357261518065913008e-04 -2.492792823872333387e-03
1.168195880570127576e-03 -3.175508543130691960e-03
1.699489805643237010e-03 -3.786522189139965040e-03
2.526515471359945010e-03 -4.486353146666718049e-03
3.679925041442630700e-03 -5.208737259199890460e-03
6.176131004730801323e-03 -6.367102547036923056e-03
1.143751933254267064e-02 -8.415273356145993797e-03
1.720508214226421084e-02 -1.032227830526603884e-02
2.321784105731411127e-02 -1.198548462290671517e-02
2.951496296832232386e-02 -1.342701785804544662e-02
3.613572470974081574e-02 -1.467029115639466828e-02
4.313435482988738079e-02 -1.574562528752300808e-02
5.055076280903437330e-02 -1.668949329109310070e-02
5.845156424396151518e-02 -1.755657345006046005e-02
6.670199994575927438e-02 -1.839357736063506818e-02
7.497209208685361170e-02 -1.918748194345374497e-02
8.325031558331549841e-02 -1.993788276128582310e-02
9.153649166966101869e-02 -2.064549747630388399e-02
9.983043937455569894e-02 -2.131104593289490784e-02
1.081319756042060515e-01 -2.193525022030699129e-02
1.164409422866459765e-01 -2.251883656494374844e-02
1.247571364851756959e-01 -2.306253032600795796e-02
1.330803587049732839e-01 -2.356705989143932298e-02
1.414104181751317524e-01 -2.403315686325332642e-02
1.497471224220502384e-01 -2.446155533381176583e-02
1.580902773521329352e-01 -2.485299192223566073e-02
1.664396873338166438e-01 -2.520820580711268313e-02
1.747951901112728412e-01 -2.552794001523355644e-02
1.831565602462088549e-01 -2.581293763259972368e-02
1.915235968453040394e-01 -2.606394556145626498e-02
1.998983365715653049e-01 -2.628187812588028693e-02
2.082839664483009390e-01 -2.646826835373221679e-02
2.166805592114088297e-01 -2.662477786798752438e-02
2.250881762235871497e-01 -2.675307958424021082e-02
2.335067686571670742e-01 -2.685485690422675584e-02
2.419362880131365190e-01 -2.693180641577334888e-02
2.503767178669190629e-01 -2.698563809368801150e-02
2.588280405972138154e-01 -2.701807486786746842e-02
2.672902899806108845e-01 -2.703085277419777985e-02
2.757634678590556443e-01 -2.702572068590927690e-02
2.842474843883924240e-01 -2.700444102940903132e-02
2.927423194932218253e-01 -2.696878986785131854e-02
3.012479529811152301e-01 -2.692055683330549232e-02
3.097644764867927281e-01 -2.686154440688288264e-02
3.182917892079248912e-01 -2.679357007776423868e-02
3.268298441505407825e-01 -2.671846514709424331e-02
3.353730405275615611e-01 -2.663784380928209405e-02
3.439135749975648637e-01 -2.655183337855182221e-02
3.524512724466195568e-01 -2.645998588260864426e-02
3.609861399716486341e-01 -2.636185212456159527e-02
3.695181707207535471e-01 -2.625698387997279018e-02
3.780473425127111597e-01 -2.614493396734231603e-02
3.865736445490192685e-01 -2.602525592991950659e-02
3.950970896889666184e-01 -2.589750379638804112e-02
4.036176712472606121e-01 -2.576123267268989186e-02
4.121353767429385417e-01 -2.561599859394114720e-02
4.206501773812302281e-01 -2.546135875268832824e-02
4.291620949560244203e-01 -2.529687026432979671e-02
4.376711230433633637e-01 -2.512209153085410290e-02
4.461772553010608378e-01 -2.493658177120782610e-02
4.546804590826110104e-01 -2.473990164714013826e-02
4.631807593017157609e-01 -2.453161133141456771e-02
4.716797267101959235e-01 -2.431131270278879403e-02
4.801793841350513459e-01 -2.407900184439243016e-02
4.886797764262529320e-01 -2.383485257741292662e-02
4.971809035018172063e-01 -2.357904001018898063e-02
5.056827522479361292e-01 -2.331173977639232689e-02
5.141853182370084152e-01 -2.303312739594308087e-02
5.226885970168487772e-01 -2.274337851943768543e-02
5.311925962340573459e-01 -2.244266849199734806e-02
5.396973005024203740e-01 -2.213117358617327363e-02
5.482027041002384138e-01 -2.180906988828533802e-02
5.567088024887201225e-01 -2.147653357432892027e-02
5.652155981856088474e-01 -2.113374066257996467e-02
5.737230859429359731e-01 -2.078086759580421647e-02
5.822312547973472752e-01 -2.041809119887676507e-02
5.907401001425556242e-01 -2.004558817568008813e-02
5.992496198753107794e-01 -1.966353524777811335e-02
6.077598179243676180e-01 -1.927210897665067660e-02
6.162706785942976273e-01 -1.887148695344614130e-02
6.247821972292322279e-01 -1.846184641167092355e-02
6.332943691636189198e-01 -1.804336471724121357e-02
6.418072018875714546e-01 -1.761621875209641239e-02
6.503206801316865349e-01 -1.718058665823873898e-02
6.588347976580659626e-01 -1.673664627690072543e-02
6.673495497722142789e-01 -1.628457550498602080e-02
6.758649404831820195e-01 -1.582455189762191003e-02
6.843809615290300519e-01 -1.535675379067322384e-02
6.928976030814955056e-01 -1.488135975426219809e-02
7.014148604322835157e-01 -1.439854821691722436e-02
7.099327346173069930e-01 -1.390849740700176966e-02
7.184512234106318340e-01 -1.341138585860861439e-02
7.269703139010645909e-01 -1.290739286787351107e-02
7.354900051331700883e-01 -1.239669716894141981e-02
7.440146923911594712e-01 -1.187945018537780312e-02
7.525496053008211561e-01 -1.135682822261439850e-02
7.610948281719404074e-01 -1.083063163385024862e-02
7.696487347797790202e-01 -1.030277987467076960e-02
7.781961863786419631e-01 -9.776035823151431325e-03
7.867330450715226409e-01 -9.252476799663211446e-03
7.952595631493629691e-01 -8.733895846953599468e-03
8.037758839984963100e-01 -8.222079361435931724e-03
8.122821301580194220e-01 -7.718801716448559294e-03
8.207783503866983299e-01 -7.225828292140470781e-03
8.292648019849255814e-01 -6.744899230188993247e-03
8.377416254309812960e-01 -6.277748753306610328e-03
8.462089607885699971e-01 -5.826098338346180107e-03
8.546668769069927230e-01 -5.391660397293533517e-03
8.631155383181883245e-01 -4.976129573202260105e-03
8.715552634288585843e-01 -4.581181261378556094e-03
8.799965655460286751e-01 -4.207451366445700246e-03
8.884504926859784213e-01 -3.853144852214287607e-03
8.969172084365467645e-01 -3.516314143688025438e-03
9.053965773838457132e-01 -3.195008478737455544e-03
9.138884428275975136e-01 -2.887260977642008147e-03
9.223926992503717059e-01 -2.591085946782283565e-03
9.309092582960011297e-01 -2.304480242134140239e-03
9.394381386084131869e-01 -2.025420272466012857e-03
9.479790955413267550e-01 -1.751873857190418835e-03
9.565320225936241316e-01 -1.481786701007670876e-03
9.650963556751963601e-01 -1.213101287981802534e-03
9.736568588880543107e-01 -9.442049922828118277e-04
9.822046445379121193e-01 -6.732898830001470512e-04
9.907396039279140476e-01 -3.982897685853566214e-04
9.992616284164944629e-01 -1.171559952294984347e-04
