Airfoils2D_117
9.999853462389074465e-01 7.269848065303691469e-04
9.915745973062970453e-01 1.335763768128335255e-03
9.831536538440698303e-01 1.928514634953612788e-03
9.747225988909229422e-01 2.506723405325531149e-03
9.662815165329307066e-01 3.071885645914997597e-03
9.578304917900551940e-01 3.625506578427521720e-03
9.493695024773760593e-01 4.169108043790196658e-03
9.408987392764441848e-01 4.704207980774320445e-03
9.324182908168081596e-01 5.232341042899673125e-03
9.239282449269266007e-01 5.755051962829318621e-03
9.154286343124796721e-01 6.273898929418749403e-03
9.069195372615170836e-01 6.790447495135384752e-03
8.984016423356545600e-01 7.306236585925135474e-03
8.898866962417490978e-01 7.822144354119309889e-03
8.813811712664785247e-01 8.339365714891168457e-03
8.728852161257678599e-01 8.859468383288632287e-03
8.643987865100917212e-01 9.384021644119819316e-03
8.559163330737721287e-01 9.914631157778276693e-03
8.474309097897669840e-01 1.045155425154748081e-02
8.389422904244228096e-01 1.099419853311668638e-02
8.304504500258755861e-01 1.154195738178276191e-02
8.219553427682393387e-01 1.209422392569106143e-02
8.134569146403918261e-01 1.265039026613282679e-02
8.049550891834044153e-01 1.320984843233887970e-02
7.964498095093823782e-01 1.377198762252335174e-02
7.879410460093607682e-01 1.433619365331396424e-02
7.794287443094528589e-01 1.490185239914541479e-02
7.709128705504989520e-01 1.546834679693594866e-02
7.623972011530293358e-01 1.603480484930666292e-02
7.538850559241181415e-01 1.660038501490315385e-02
7.453763803454392933e-01 1.716447171923154644e-02
7.368711235839485729e-01 1.772645071680963025e-02
7.283692682770348537e-01 1.828570713794321068e-02
7.198700923436283095e-01 1.884170491573722295e-02
7.113726547498208097e-01 1.939409980088185881e-02
7.028769220816335483e-01 1.994255081352691930e-02
6.943829052153821513e-01 2.048671466173012518e-02
6.858905817571232522e-01 2.102625068795577201e-02
6.773999368451373293e-01 2.156081822089672001e-02
6.689109617880302228e-01 2.209007667745200784e-02
6.604236571201953510e-01 2.261368539274583381e-02
6.519380210292617939e-01 2.313130435399482487e-02
6.434540287562547922e-01 2.364259542817616355e-02
6.349716717045621461e-01 2.414721996185260552e-02
6.264909412946325640e-01 2.464483978188266797e-02
6.180118506743156326e-01 2.513511594893627285e-02
6.095343725139867885e-01 2.561771236856119974e-02
6.010584952141607706e-01 2.609229248566068832e-02
5.925842102336722483e-01 2.655852004524856744e-02
5.841115162541521411e-01 2.701605888353687118e-02
5.756404144854004867e-01 2.746457321198556706e-02
5.671708792901664076e-01 2.790372914014113345e-02
5.587029021109005678e-01 2.833319232138355528e-02
5.502364743765946198e-01 2.875262888387284527e-02
5.417716021908955959e-01 2.916170472892987142e-02
5.333082711773652340e-01 2.956008725598371217e-02
5.248464636544343254e-01 2.994744445809353894e-02
5.163861709546894163e-01 3.032344435728343002e-02
5.079273843758320695e-01 3.068775544627990598e-02
4.994701145402199449e-01 3.104004589487200858e-02
4.910143369645503242e-01 3.137998583926451118e-02
4.825600390212935187e-01 3.170724534112280557e-02
4.741072118191854701e-01 3.202149476793542809e-02
4.656558464075951087e-01 3.232240495237108380e-02
4.572059550159078833e-01 3.260964648617046407e-02
4.487562820805447994e-01 3.288298587334281819e-02
4.403044639914139857e-01 3.314261484996871426e-02
4.318504373625332016e-01 3.338882066521315500e-02
4.233942239607699776e-01 3.362188885216799844e-02
4.149358257450374565e-01 3.384210579661073998e-02
4.064752843286697503e-01 3.404975717553269943e-02
3.980126217870920691e-01 3.424512957389826834e-02
3.895478601657715312e-01 3.442850993186701708e-02
3.810810186408679079e-01 3.460018560046878439e-02
3.726121048244180889e-01 3.476044448146500127e-02
3.641411583231564664e-01 3.490957421476760525e-02
3.556682014012427229e-01 3.504786316047218270e-02
3.471932563685757867e-01 3.517560003486049774e-02
3.387163375216478700e-01 3.529307401781402176e-02
3.302374625317492374e-01 3.540057456870258912e-02
3.217566665183203001e-01 3.549839129403081078e-02
3.132799365317433526e-01 3.558651569153715999e-02
3.048211403775904493e-01 3.566274518462626830e-02
2.963814064664354042e-01 3.572392711187354769e-02
2.879606884028835245e-01 3.576695338764820931e-02
2.795589142941609095e-01 3.578875728369396159e-02
2.711760934025295722e-01 3.578631239423266108e-02
2.628122339001594532e-01 3.575663267798492168e-02
2.544673419605530951e-01 3.569677182617692762e-02
2.461415099453577171e-01 3.560382379894101029e-02
2.378346951125961672e-01 3.547492025020554385e-02
2.295468340111838090e-01 3.530722955578696753e-02
2.212779142927588094e-01 3.509795753985694988e-02
2.130279160361159829e-01 3.484434614132408958e-02
2.047968104806857648e-01 3.454367253696725981e-02
1.965845587246280723e-01 3.419324818747439959e-02
1.883911103960119460e-01 3.379041779598204037e-02
1.802108359750790589e-01 3.333244912181596714e-02
1.720285619079501005e-01 3.281810039968970777e-02
1.638438925383897959e-01 3.224810223123495551e-02
1.556575226153203428e-01 3.162326354155143432e-02
1.474701755547638271e-01 3.094440018972278647e-02
1.392825610050798524e-01 3.021233184316077583e-02
1.310953910239938680e-01 2.942788299984850850e-02
1.229093799126109998e-01 2.859188292226332376e-02
1.147368755760263259e-01 2.770602401170042112e-02
1.066097597141526521e-01 2.677000357234636529e-02
9.853120675870384593e-02 2.577812073890996952e-02
9.050156140151534301e-02 2.472452068242921366e-02
8.252111290734066851e-02 2.360351639571816110e-02
7.459008674445828657e-02 2.240957886898487655e-02
6.670863638759484682e-02 2.113732646205253654e-02
5.887683547251668092e-02 1.978151336055803539e-02
5.108504031686868924e-02 1.833552419837675140e-02
4.330366932134070701e-02 1.679264986453442646e-02
3.553249671597467213e-02 1.515395235365699263e-02
2.777446227111157045e-02 1.342115033504749991e-02
2.073155112573076345e-02 1.173760273824010943e-02
1.525389886922887475e-02 1.018384857693419715e-02
1.069889706961361930e-02 8.560886305128748847e-03
6.801881182329835331e-03 6.813059212925805241e-03
4.125844479728094094e-03 5.327775504891844351e-03
2.628314973355245013e-03 4.241523657619074295e-03
1.615099178823355044e-03 3.268893399015963645e-03
8.778416241599956878e-04 2.321640766829300827e-03
5.320846063793828462e-04 1.748211706302916493e-03
2.499831979967765891e-04 1.138812871075373188e-03
7.586374087295100297e-05 5.111641248583438657e-04
4.230625443007096295e-05 -5.786159957038568378e-05
1.383590399548306575e-04 -6.326310130211718497e-04
3.436256428117088818e-04 -1.200102416673585592e-03
7.446568590881617270e-04 -1.925701576245817271e-03
1.301969553599815555e-03 -2.661172058553986589e-03
2.020604360687675103e-03 -3.375482508934423646e-03
2.975196218195882199e-03 -4.080352811040692702e-03
4.378954364132402188e-03 -4.827224102442195970e-03
6.815596875714029224e-03 -5.748545508587422914e-03
1.150002942703828336e-02 -7.136716919697405452e-03
1.680896191457600247e-02 -8.333544193371263467e-03
2.289416261440413436e-02 -9.358390906943125920e-03
3.001039612849107710e-02 -1.028143103101476601e-02
3.766102818145020126e-02 -1.111555302961143854e-02
4.549631752692061964e-02 -1.184904980998182505e-02
5.353361496252620477e-02 -1.250914808441271585e-02
6.177764634492388662e-02 -1.312625996859458424e-02
7.008609996098530415e-02 -1.371192908322613029e-02
7.840207331626602993e-02 -1.426458152093352909e-02
8.672533484088419675e-02 -1.478486937245803746e-02
9.505568291396841729e-02 -1.527344866476951397e-02
1.033928586771054731e-01 -1.573097416589941400e-02
1.117366221246988839e-01 -1.615810419746507159e-02
1.200867377731919122e-01 -1.655549960696954884e-02
1.284429693114601256e-01 -1.692382344424505150e-02
1.368050796573792305e-01 -1.726374096396065747e-02
1.451728443107851430e-01 -1.757592010107918504e-02
1.535460376974445151e-01 -1.786103081226393663e-02
1.619243949213076406e-01 -1.811974396959588340e-02
1.703076763572825558e-01 -1.835273365474155219e-02
1.786956418758646747e-01 -1.856067614985196235e-02
1.870880508924213370e-01 -1.874424993405606615e-02
1.954847966277691862e-01 -1.890413969524915028e-02
2.038880778683099526e-01 -1.904125052151618702e-02
2.122988182651038003e-01 -1.915680331504266906e-02
2.207170690377788791e-01 -1.925204709265846206e-02
2.291428805267100299e-01 -1.932823766542381486e-02
2.375763023038584554e-01 -1.938663770646341725e-02
2.460174589482578000e-01 -1.942851712047009502e-02
2.544663350509203670e-01 -1.945515195543792014e-02
2.629229684450860027e-01 -1.946782581761190636e-02
2.713874066115981032e-01 -1.946782947821864770e-02
2.798596967265440938e-01 -1.945646086896517246e-02
2.883399765057230724e-01 -1.943502485685705619e-02
2.968282077868490410e-01 -1.940483393588261773e-02
3.053244332885061141e-01 -1.936720788262303802e-02
3.138286996164232900e-01 -1.932347383543928446e-02
3.223410987026393282e-01 -1.927496608357957136e-02
3.308612074251780499e-01 -1.922302509126515291e-02
3.393811054589399578e-01 -1.916842056085103774e-02
3.478971379987608747e-01 -1.911063705177493133e-02
3.564092603085732835e-01 -1.904898651940103646e-02
3.649173970595638306e-01 -1.898278314490044194e-02
3.734215554819649285e-01 -1.891134244676036247e-02
3.819216977519684364e-01 -1.883398220862424893e-02
3.904177860398965749e-01 -1.875002215789647875e-02
3.989097489284783582e-01 -1.865878433604789902e-02
4.073975666244301075e-01 -1.855959221964528089e-02
4.158812174063262757e-01 -1.845177117682002960e-02
4.243606635392450088e-01 -1.833464866104920696e-02
4.328358658402500225e-01 -1.820755406348736893e-02
4.413067424044129772e-01 -1.806981941550650159e-02
4.497733020146101324e-01 -1.792077723872137138e-02
4.582355072779062399e-01 -1.775976261692790992e-02
4.666934530862702490e-01 -1.758611054558584588e-02
4.751511529361799324e-01 -1.739935679367972041e-02
4.836109526986633322e-01 -1.719976578165604078e-02
4.920728510068718142e-01 -1.698775663676774933e-02
5.005368659299519463e-01 -1.676374881871557643e-02
5.090030154676367102e-01 -1.652816253798841672e-02
5.174713281666105669e-01 -1.628141844239996625e-02
5.259418308388160712e-01 -1.602393793498601768e-02
5.344145219832263649e-01 -1.575614404741576199e-02
5.428894193930267065e-01 -1.547846002038013973e-02
5.513665408273433766e-01 -1.519130985645585422e-02
5.598459245069360435e-01 -1.489511759583359712e-02
5.683275782633204765e-01 -1.459030907005680854e-02
5.768115093758554579e-01 -1.427731094116410290e-02
5.852977355268977888e-01 -1.395655028212071727e-02
5.937862774500652918e-01 -1.362845481744859311e-02
6.022771785649673193e-01 -1.329345213097182267e-02
6.107704279510072221e-01 -1.295197271136768781e-02
6.192660432988713604e-01 -1.260444672961090300e-02
6.277640423126082947e-01 -1.225130513408544466e-02
6.362644638147002540e-01 -1.189297875668565013e-02
6.447673161535772968e-01 -1.152990047578775559e-02
6.532726055853271818e-01 -1.116250406787107526e-02
6.617803499039819348e-01 -1.079122361117318234e-02
6.702905771176875804e-01 -1.041649351884818206e-02
6.788033182864030568e-01 -1.003874884348780055e-02
6.873185681137601311e-01 -9.658427045189489982e-03
6.958363445288442417e-01 -9.275965357264810349e-03
7.043566676783064029e-01 -8.891801706127527502e-03
7.128795855516094626e-01 -8.506373551662995899e-03
7.214050842373367356e-01 -8.120121950166770894e-03
7.299327355104929804e-01 -7.733507549761728037e-03
7.384587842165960536e-01 -7.347142477552278186e-03
7.469802386882656853e-01 -6.961734017999175739e-03
7.554957432029396625e-01 -6.578303204273908307e-03
7.640053394625730965e-01 -6.197876319557693407e-03
7.725090625021435731e-01 -5.821475595710696484e-03
7.810069002208978040e-01 -5.450120978109020131e-03
7.894989059706976064e-01 -5.084825172468980352e-03
7.979851432759929031e-01 -4.726596202342238026e-03
8.064656462999603148e-01 -4.376439116106881251e-03
8.149404437600294981e-01 -4.035354932645869065e-03
8.234095092619745371e-01 -3.704342540050572195e-03
8.318729432394971202e-01 -3.384391587234990284e-03
8.403307794417610443e-01 -3.076490260726053028e-03
8.487830516115378865e-01 -2.781622586376128730e-03
8.572297786648935825e-01 -2.500768930908821384e-03
8.656709584652559908e-01 -2.234906079534358745e-03
8.741066769490064559e-01 -1.985003910702453495e-03
8.825369683168284851e-01 -1.752029996732373069e-03
8.909618670185279754e-01 -1.536947856626186314e-03
8.993814078048797400e-01 -1.340716980302842634e-03
9.077955651995297526e-01 -1.164294051094646705e-03
9.162044364713537448e-01 -1.008629056777281697e-03
9.246080577037409931e-01 -8.746695452671719197e-04
9.330064655561258746e-01 -7.633591476302744542e-04
9.413996973366330900e-01 -6.756376107898608369e-04
9.497877741735898383e-01 -6.124409346249389766e-04
9.581707143242347291e-01 -5.747011094740359007e-04
9.665485961316482300e-01 -5.633460944943810122e-04
9.749214602920888151e-01 -5.793004702321928514e-04
9.832893485481200013e-01 -6.234851373700888398e-04
9.916523037733350199e-01 -6.968173668833874601e-04
1.000010370058590725e+00 -8.002108538863116852e-04
