Airfoils2D_119
9.999803900718688965e-01 -1.079113062587566674e-04
9.919229149818420410e-01 6.155439768917858601e-04
9.837613105773925781e-01 1.292978296987712383e-03
9.755098223686218262e-01 1.932410988956689835e-03
9.671827554702758789e-01 2.541860565543174744e-03
9.545761346817016602e-01 3.417676547542214394e-03
9.461227655410766602e-01 3.987905569374561310e-03
9.376583099365234375e-01 4.557070322334766388e-03
9.291995167732238770e-01 5.132725462317466736e-03
9.207549691200256348e-01 5.720541346818208694e-03
9.123227596282958984e-01 6.323916837573051453e-03
9.038878083229064941e-01 6.944040767848491669e-03
8.954297900199890137e-01 7.579627912491559982e-03
8.869440555572509766e-01 8.226339705288410187e-03
8.784445524215698242e-01 8.877635933458805084e-03
8.699468374252319336e-01 9.527585469186306000e-03
8.614583611488342285e-01 1.017167791724205017e-02
8.529824614524841309e-01 1.080665737390518188e-02
8.445175290107727051e-01 1.143077388405799866e-02
8.360566496849060059e-01 1.204386446624994278e-02
8.275896310806274414e-01 1.264701038599014282e-02
8.191126585006713867e-01 1.324151828885078430e-02
8.106261491775512695e-01 1.382859889417886734e-02
8.021321296691894531e-01 1.440911088138818741e-02
7.936307191848754883e-01 1.498394832015037537e-02
7.851221561431884766e-01 1.555401366204023361e-02
7.766060233116149902e-01 1.612024568021297455e-02
7.680818438529968262e-01 1.668359525501728058e-02
7.595506310462951660e-01 1.724491640925407410e-02
7.510147690773010254e-01 1.780499331653118134e-02
7.424775362014770508e-01 1.836461573839187622e-02
7.339414358139038086e-01 1.892462000250816345e-02
7.254080176353454590e-01 1.948576234281063080e-02
7.168778777122497559e-01 2.004863135516643524e-02
7.083501219749450684e-01 2.061361446976661682e-02
6.998226046562194824e-01 2.118088677525520325e-02
6.912928819656372070e-01 2.175039425492286682e-02
6.827594637870788574e-01 2.232180908322334290e-02
6.742225885391235352e-01 2.289462648332118988e-02
6.656835675239562988e-01 2.346832118928432465e-02
6.571435332298278809e-01 2.404241450130939484e-02
6.486037373542785645e-01 2.461642026901245117e-02
6.400653719902038574e-01 2.518985606729984283e-02
6.315294504165649414e-01 2.576225064694881439e-02
6.229965090751647949e-01 2.633316256105899811e-02
6.144666075706481934e-01 2.690219692885875702e-02
6.059390306472778320e-01 2.746902219951152802e-02
5.974140167236328125e-01 2.803325094282627106e-02
5.888920426368713379e-01 2.859443426132202148e-02
5.803736448287963867e-01 2.915202081203460693e-02
5.718595981597900391e-01 2.970535494387149811e-02
5.633506774902343750e-01 3.025367483496665955e-02
5.548473000526428223e-01 3.079614043235778809e-02
5.463498234748840332e-01 3.133186325430870056e-02
5.378581881523132324e-01 3.185994923114776611e-02
5.293722152709960938e-01 3.237954899668693542e-02
5.208916664123535156e-01 3.288980573415756226e-02
5.124166011810302734e-01 3.338988125324249268e-02
5.039469003677368164e-01 3.387892991304397583e-02
4.954825043678283691e-01 3.435611352324485779e-02
4.870233833789825439e-01 3.482060134410858154e-02
4.785697758197784424e-01 3.527153283357620239e-02
4.701226353645324707e-01 3.570792078971862793e-02
4.616810381412506104e-01 3.612882643938064575e-02
4.532424211502075195e-01 3.653362765908241272e-02
4.448030889034271240e-01 3.692217543721199036e-02
4.363589584827423096e-01 3.729484602808952332e-02
4.279059767723083496e-01 3.765259310603141785e-02
4.194408357143402100e-01 3.799683600664138794e-02
4.109605252742767334e-01 3.832939267158508301e-02
4.024624824523925781e-01 3.865252807736396790e-02
3.939499855041503906e-01 3.896823897957801819e-02
3.854292929172515869e-01 3.927779570221900940e-02
3.769089877605438232e-01 3.958139196038246155e-02
3.683986663818359375e-01 3.987793624401092529e-02
3.599076569080352783e-01 4.016508534550666809e-02
3.514435291290283203e-01 4.043938219547271729e-02
3.430114984512329102e-01 4.069663956761360168e-02
3.346137702465057373e-01 4.093226790428161621e-02
3.262456655502319336e-01 4.114211350679397583e-02
3.179017007350921631e-01 4.132266342639923096e-02
3.095747828483581543e-01 4.147126153111457825e-02
3.012569844722747803e-01 4.158622771501541138e-02
2.929406166076660156e-01 4.166692122817039490e-02
2.846193909645080566e-01 4.171360284090042114e-02
2.762891948223114014e-01 4.172715917229652405e-02
2.679485082626342773e-01 4.170884937047958374e-02
2.596005499362945557e-01 4.165980964899063110e-02
2.512481510639190674e-01 4.158086329698562622e-02
2.428949922323226929e-01 4.147249832749366760e-02
2.345452606678009033e-01 4.133472591638565063e-02
2.262030392885208130e-01 4.116703942418098450e-02
2.178717404603958130e-01 4.096847027540206909e-02
2.095530182123184204e-01 4.073765128850936890e-02
2.012447267770767212e-01 4.047317057847976685e-02
1.929474472999572754e-01 4.017394781112670898e-02
1.846668869256973267e-01 3.983871266245841980e-02
1.764117926359176636e-01 3.946546837687492371e-02
1.681924462318420410e-01 3.905121609568595886e-02
1.600192338228225708e-01 3.859186917543411255e-02
1.519012153148651123e-01 3.808230906724929810e-02
1.438448727130889893e-01 3.751667961478233337e-02
1.358527839183807373e-01 3.688873350620269775e-02
1.279224604368209839e-01 3.619227930903434753e-02
1.200526505708694458e-01 3.542168065905570984e-02
1.122422069311141968e-01 3.457166627049446106e-02
1.044899970293045044e-01 3.363740816712379456e-02
9.679532051086425781e-02 3.261453285813331604e-02
8.915811032056808472e-02 3.149911761283874512e-02
8.157334476709365845e-02 3.028639219701290131e-02
7.401967048645019531e-02 2.896939031779766083e-02
6.651884317398071289e-02 2.755087986588478088e-02
5.912709981203079224e-02 2.603806555271148682e-02
5.192039161920547485e-02 2.443799562752246857e-02
4.498063772916793823e-02 2.275485545396804810e-02
3.838222101330757141e-02 2.098823897540569305e-02
3.217902779579162598e-02 1.913199014961719513e-02
2.631877921521663666e-02 1.712782308459281921e-02
2.077765204012393951e-02 1.494795922189950943e-02
1.568463072180747986e-02 1.267558988183736801e-02
1.121880486607551575e-02 1.043415442109107971e-02
7.503868546336889267e-03 8.310504257678985596e-03
4.619901068508625031e-03 6.394525058567523956e-03
2.573328325524926186e-03 4.749776329845190048e-03
1.289780600927770138e-03 3.425915492698550224e-03
5.952861974947154522e-04 2.394994255155324936e-03
2.214270934928208590e-04 1.551374094560742378e-03
8.983095540315844119e-06 8.256801520474255085e-04
-6.073782788007520139e-05 2.308911643922328949e-04
-3.166487090311420616e-07 -2.744772937148809433e-04
1.543790858704596758e-04 -7.533119060099124908e-04
4.134090850129723549e-04 -1.242712372913956642e-03
7.559002842754125595e-04 -1.753605785779654980e-03
1.121020759455859661e-03 -2.253610175102949142e-03
1.885729841887950897e-03 -2.844775095582008362e-03
3.433821955695748329e-03 -3.601451870054006577e-03
6.006476934999227524e-03 -4.540281370282173157e-03
9.699877351522445679e-03 -5.627925042062997818e-03
1.449799723923206329e-02 -6.824077107012271881e-03
2.024797536432743073e-02 -8.046418428421020508e-03
2.670570090413093567e-02 -9.207714349031448364e-03
3.356969729065895081e-02 -1.021228358149528503e-02
4.059070721268653870e-02 -1.100678648799657822e-02
4.791557416319847107e-02 -1.166597101837396622e-02
5.555770546197891235e-02 -1.222961768507957458e-02
6.345153599977493286e-02 -1.271783187985420227e-02
7.151721417903900146e-02 -1.314511615782976151e-02
7.967466115951538086e-02 -1.351966615766286850e-02
8.785963803529739380e-02 -1.384398620575666428e-02
9.604103863239288330e-02 -1.411736849695444107e-02
1.042371466755867004e-01 -1.434112340211868286e-02
1.124595925211906433e-01 -1.451845653355121613e-02
1.207081601023674011e-01 -1.465217676013708115e-02
1.289826333522796631e-01 -1.474514417350292206e-02
1.372827738523483276e-01 -1.480026822537183762e-02
1.456083059310913086e-01 -1.482051331549882889e-02
1.539589911699295044e-01 -1.480889506638050079e-02
1.623356044292449951e-01 -1.476852782070636749e-02
1.707378476858139038e-01 -1.470271404832601547e-02
1.791635155677795410e-01 -1.461470406502485275e-02
1.876091957092285156e-01 -1.450747437775135040e-02
1.960707902908325195e-01 -1.438357029110193253e-02
2.045441120862960815e-01 -1.424502860754728317e-02
2.130254805088043213e-01 -1.409337017685174942e-02
2.215122431516647339e-01 -1.392967812716960907e-02
2.300033569335937500e-01 -1.375474873930215836e-02
2.384998053312301636e-01 -1.356932427734136581e-02
2.470022290945053101e-01 -1.337428670376539230e-02
2.555107772350311279e-01 -1.317054405808448792e-02
2.640255689620971680e-01 -1.295900996774435043e-02
2.725466787815093994e-01 -1.274060271680355072e-02
2.810743153095245361e-01 -1.251624524593353271e-02
2.896086573600769043e-01 -1.228686049580574036e-02
2.981501817703247070e-01 -1.205340307205915451e-02
3.066989481449127197e-01 -1.181688625365495682e-02
3.152542710304260254e-01 -1.157828699797391891e-02
3.238148391246795654e-01 -1.133844442665576935e-02
3.323789536952972412e-01 -1.109797973185777664e-02
3.409448862075805664e-01 -1.085727382451295853e-02
3.495109975337982178e-01 -1.061645708978176117e-02
3.580760955810546875e-01 -1.037545129656791687e-02
3.666396141052246094e-01 -1.013403851538896561e-02
3.752018511295318604e-01 -9.891974739730358124e-03
3.837629258632659912e-01 -9.649072773754596710e-03
3.923227787017822266e-01 -9.405160322785377502e-03
4.008814394474029541e-01 -9.160064160823822021e-03
4.094388186931610107e-01 -8.913612924516201019e-03
4.179949164390563965e-01 -8.665633387863636017e-03
4.265496134757995605e-01 -8.415955118834972382e-03
4.351024925708770752e-01 -8.164389990270137787e-03
4.436535239219665527e-01 -7.910696789622306824e-03
4.522034823894500732e-01 -7.654675282537937164e-03
4.607540667057037354e-01 -7.396233268082141876e-03
4.693070948123931885e-01 -7.135473657399415970e-03
4.778632223606109619e-01 -6.872752215713262558e-03
4.864220023155212402e-01 -6.608668249100446701e-03
4.949820935726165771e-01 -6.344016641378402710e-03
5.035412907600402832e-01 -6.079720333218574524e-03
5.120969414710998535e-01 -5.816717632114887238e-03
5.206469893455505371e-01 -5.555875599384307861e-03
5.291905403137207031e-01 -5.298019386827945709e-03
5.377278923988342285e-01 -5.043932236731052399e-03
5.462596416473388672e-01 -4.794385284185409546e-03
5.547857880592346191e-01 -4.550162237137556076e-03
5.633065104484558105e-01 -4.312044940888881683e-03
5.718210339546203613e-01 -4.080871585756540298e-03
5.803295373916625977e-01 -3.857529954984784126e-03
5.888333916664123535e-01 -3.642783733084797859e-03
5.973346829414367676e-01 -3.437136765569448471e-03
6.058362722396850586e-01 -3.240749705582857132e-03
6.143407821655273438e-01 -3.053409745916724205e-03
6.228507161140441895e-01 -2.874550176784396172e-03
6.313678026199340820e-01 -2.703323028981685638e-03
6.398928761482238770e-01 -2.538721542805433273e-03
6.484252214431762695e-01 -2.379754325374960899e-03
6.569644808769226074e-01 -2.225504256784915924e-03
6.655114889144897461e-01 -2.075040014460682869e-03
6.740660667419433594e-01 -1.927442033775150776e-03
6.826266646385192871e-01 -1.781808445230126381e-03
6.911907792091369629e-01 -1.637249253690242767e-03
6.997552514076232910e-01 -1.492883195169270039e-03
7.083166837692260742e-01 -1.347530167549848557e-03
7.168797850608825684e-01 -1.199284684844315052e-03
7.254407405853271484e-01 -1.047111232765018940e-03
7.339891195297241211e-01 -8.919216343201696873e-04
7.425006031990051270e-01 -7.377620786428451538e-04
7.509564757347106934e-01 -5.925734294578433037e-04
7.593660354614257812e-01 -4.654675722122192383e-04
7.677628993988037109e-01 -3.637131303548812866e-04
7.761567234992980957e-01 -2.898070961236953735e-04
7.845501899719238281e-01 -2.386119595030322671e-04
7.929578423500061035e-01 -1.987772993743419647e-04
8.013844490051269531e-01 -1.570333115523681045e-04
8.098325133323669434e-01 -1.015598973026499152e-04
8.182933926582336426e-01 -2.557024345151148736e-05
8.267613649368286133e-01 7.068490231176838279e-05
8.352470993995666504e-01 1.817866723285987973e-04
8.437546491622924805e-01 2.988935157191008329e-04
8.522526025772094727e-01 4.118552315048873425e-04
8.607176542282104492e-01 5.122201400808990002e-04
8.691444396972656250e-01 5.933812353760004044e-04
8.775401115417480469e-01 6.509600207209587097e-04
8.859249949455261230e-01 6.831567152403295040e-04
8.943209052085876465e-01 6.905457703396677971e-04
9.027410149574279785e-01 6.755756912752985954e-04
9.111927747726440430e-01 6.419691490009427071e-04
9.196775555610656738e-01 5.937559180893003941e-04
9.281904697418212891e-01 5.345458630472421646e-04
9.367249011993408203e-01 4.679311532527208328e-04
9.452708363533020020e-01 3.975849249400198460e-04
9.538167715072631836e-01 3.272228641435503960e-04
9.580877423286437988e-01 2.931656490545719862e-04
9.666171669960021973e-01 2.296238963026553392e-04
9.751212596893310547e-01 1.752398384269326925e-04
9.835897088050842285e-01 1.336865243501961231e-04
9.920120239257812500e-01 1.086369011318311095e-04
