Airfoils2D_069F
9.999996180521640854e-01 1.224753889837482427e-04
9.914603845915967995e-01 3.529717588628741702e-04
9.829198797455971359e-01 5.872171500091991937e-04
9.743780990626951244e-01 8.249832679645160809e-04
9.658350380880311725e-01 1.066041603135820795e-03
9.572906749053142761e-01 1.310163932292944923e-03
9.487450214223426270e-01 1.557120855725071477e-03
9.401980742025766169e-01 1.806683186376653160e-03
9.316498287715855309e-01 2.058621550492806349e-03
9.231002632190704604e-01 2.312706878074397791e-03
9.145493891645782858e-01 2.568708889622315326e-03
9.059972033825131055e-01 2.826397522988462023e-03
8.974437013713258970e-01 3.085542536666689099e-03
8.888888604200186894e-01 3.345914027093891980e-03
8.803326934516870761e-01 3.607280790051250151e-03
8.717751966478197723e-01 3.869411908942390222e-03
8.632163648186026439e-01 4.132076290941574803e-03
8.546561795814371365e-01 4.395043030282921523e-03
8.460957073747988888e-01 4.658047680772017113e-03
8.375365375367188614e-01 4.920809692640112747e-03
8.289787117730214039e-01 5.183096258306566992e-03
8.204222397094915742e-01 5.444675777559915275e-03
8.118671001996710102e-01 5.705317811072213412e-03
8.033132887263152444e-01 5.964791627275470819e-03
7.947608041975898763e-01 6.222866609218673413e-03
7.862096540389206245e-01 6.479312105553249393e-03
7.776598183571368228e-01 6.733898503788521631e-03
7.691112926651508808e-01 6.986395942216696436e-03
7.605640761113546811e-01 7.236574669956455721e-03
7.520181755172777871e-01 7.484204935926086141e-03
7.434735714362467052e-01 7.729057969268645495e-03
7.349302594053099824e-01 7.970904774501302512e-03
7.263882430440132820e-01 8.209516347728011351e-03
7.178499208463310355e-01 8.444464085078789983e-03
7.093176384766969322e-01 8.674771616684328127e-03
7.007913296485404064e-01 8.899391499698190364e-03
6.922709181256665456e-01 9.117281113005151760e-03
6.837564042360828598e-01 9.327400504849436141e-03
6.752476307625646657e-01 9.528718191306663476e-03
6.667445203444934965e-01 9.720205077000139762e-03
6.582468695341030518e-01 9.900839098017880091e-03
6.497213347959023277e-01 1.007215784331911418e-02
6.411826123531800814e-01 1.024242800774901631e-02
6.327033737001271918e-01 1.042067968147089227e-02
6.242848534300370344e-01 1.061697437821656001e-02
6.159263175399470880e-01 1.084098913041762688e-02
6.076273111014545147e-01 1.110198917923050678e-02
5.993869013915504862e-01 1.140887006029507947e-02
5.912034532453699365e-01 1.177020252694231488e-02
5.830141733550420202e-01 1.219402609930472607e-02
5.747580312640238054e-01 1.267581942722647431e-02
5.664322250895398314e-01 1.320484342431005841e-02
5.580344431157093776e-01 1.376974510245346228e-02
5.495622850219303857e-01 1.435854644430960975e-02
5.410376981331623814e-01 1.495689169029471022e-02
5.325737401755837874e-01 1.554364327022002452e-02
5.241831707142144969e-01 1.610516140464980650e-02
5.158175846699288858e-01 1.663503711077418332e-02
5.074299856592527913e-01 1.713721591257578308e-02
4.990195115222291200e-01 1.761522399717955351e-02
4.905862748771762094e-01 1.807258023825871265e-02
4.821302886773385366e-01 1.851286531707346458e-02
4.736515321839542270e-01 1.893971816856012194e-02
4.651499718764052216e-01 1.935683571853919621e-02
4.566254681662706427e-01 1.976797842626145871e-02
4.480921012434825323e-01 2.017548954877702166e-02
4.395634481867261578e-01 2.057860870632106931e-02
4.310396437481456289e-01 2.097643859127995558e-02
4.225207439131461462e-01 2.136808909786431024e-02
4.140066799111731255e-01 2.175267917827429856e-02
4.054974389573128835e-01 2.212932838506995181e-02
3.969930131413802465e-01 2.249715927484322378e-02
3.884934376354065022e-01 2.285529583075170471e-02
3.799986841089233458e-01 2.320286801521053224e-02
3.715087218792014756e-01 2.353900898582991438e-02
3.630235433956905955e-01 2.386285408977442679e-02
3.545431507321726294e-01 2.417354149378025258e-02
3.460675792915271498e-01 2.447021144260341438e-02
3.375967680913340985e-01 2.475201075191121869e-02
3.291307094101541542e-01 2.501808736812466752e-02
3.206693953860371704e-01 2.526759235222704805e-02
3.122128416615557178e-01 2.549967924124219368e-02
3.037610509392630331e-01 2.571350517482956857e-02
2.953139792051458490e-01 2.590823149690668625e-02
2.868716175786873435e-01 2.608302159703666107e-02
2.784339568042525914e-01 2.623704190339547215e-02
2.700010065833405859e-01 2.636946158555859843e-02
2.615727724597688986e-01 2.647945306648541441e-02
2.531492078013326541e-01 2.656619239569280727e-02
2.447303012984812232e-01 2.662885796865257365e-02
2.363160409880073476e-01 2.666663111268652991e-02
2.279064141930668419e-01 2.667869606049864256e-02
2.195014551145540449e-01 2.666424008033267679e-02
2.111011038063065337e-01 2.662245329718696679e-02
2.027053421657199483e-01 2.655252848482030081e-02
1.943141540119687483e-01 2.645366119352372813e-02
1.859276210473742308e-01 2.632505140717894543e-02
1.775584749733799816e-01 2.616543580031582134e-02
1.692201753798738550e-01 2.597088501440717595e-02
1.609131872385034245e-01 2.573666856760398886e-02
1.526381397612015522e-01 2.545816307268066944e-02
1.443956523566730654e-01 2.513084712145420563e-02
1.361863301944489235e-01 2.475029902894791689e-02
1.280107595804442777e-01 2.431219445712833396e-02
1.198693363795688693e-01 2.381229292313914031e-02
1.117409143023697926e-01 2.324604099146263675e-02
1.036007882585385370e-01 2.261318324211345279e-02
9.544738073136499468e-02 2.191623710955614701e-02
8.727947235013125415e-02 2.115777394270219880e-02
7.909579647881982700e-02 2.034039234572761201e-02
7.089517519251377353e-02 1.946673325877405075e-02
6.267646461114356748e-02 1.853947815663279514e-02
5.444586282953683964e-02 1.756222890017952037e-02
4.656713215243205028e-02 1.656157085761895964e-02
3.924532112185157018e-02 1.549504861162979280e-02
3.241537229692613431e-02 1.430312890265817219e-02
2.600548663249933543e-02 1.294305681209545478e-02
1.996852397312029112e-02 1.138656777209640612e-02
1.425823865352322459e-02 9.610968168035281117e-03
8.828921427083814485e-03 7.594497277357271231e-03
4.421307944151289457e-03 5.678767885863034333e-03
2.828909180404965383e-03 4.813265799695693077e-03
1.987051971913421367e-03 4.197248519318738831e-03
1.321058105362017026e-03 3.539406163856511842e-03
8.329526078218140155e-04 2.862174751444402244e-03
4.652587001561169725e-04 2.106115079860846218e-03
2.063760043349982933e-04 1.257793795730975358e-03
6.882547379185906397e-05 3.513812654143478372e-04
6.424802503292992425e-05 -5.291147137058412964e-04
1.795767348803433761e-04 -1.308393364112342633e-03
4.063627867969281295e-04 -2.031061083804886879e-03
7.575754060364619635e-04 -2.738789685659717525e-03
1.219083130441876196e-03 -3.400511950048271548e-03
1.903884874199462387e-03 -4.133302360813380198e-03
2.849118383668321815e-03 -4.901471850576474831e-03
4.493894665600469719e-03 -5.906664229365228037e-03
7.574421544215845584e-03 -7.302251736864466200e-03
1.179533531817037600e-02 -8.783033500164844423e-03
1.641891387767342378e-02 -9.988371586721587342e-03
2.178809128476017626e-02 -1.099179708430867569e-02
2.856218279932583315e-02 -1.191737398588579161e-02
3.668893562462603730e-02 -1.290218098466095788e-02
4.486870487728572554e-02 -1.384227253943087939e-02
5.306202515180413748e-02 -1.473085614821632860e-02
6.125675001647632595e-02 -1.556457723544842596e-02
6.945586678892871901e-02 -1.634233422863042712e-02
7.766925065826041363e-02 -1.706631549325869981e-02
8.589698586420252413e-02 -1.773834233206433159e-02
9.413900527401225515e-02 -1.836023577908347387e-02
1.023952526690865006e-01 -1.893383245343778498e-02
1.106656894267929736e-01 -1.946098491425954716e-02
1.189501657077455254e-01 -1.994355431508027660e-02
1.272485842548452817e-01 -2.038342185458471428e-02
1.355608417506323493e-01 -2.078248489086035461e-02
1.438868293864840608e-01 -2.114265731010848970e-02
1.522264334202513003e-01 -2.146586986398969776e-02
1.605795357201277029e-01 -2.175407047884534220e-02
1.689461141874575301e-01 -2.200922739486901869e-02
1.773259635955566904e-01 -2.223332063834850339e-02
1.857189404754939765e-01 -2.242835082545311179e-02
1.941248776970733725e-01 -2.259633659609875528e-02
2.025412254854479233e-01 -2.273913346804722416e-02
2.109656385695644898e-01 -2.285808612054644751e-02
2.193981632695355399e-01 -2.295446417282041504e-02
2.278387437413713912e-01 -2.302954327117849934e-02
2.362873936535505037e-01 -2.308460729062110361e-02
2.447441259174506223e-01 -2.312094730602602677e-02
2.532089648114027591e-01 -2.313986166752095980e-02
2.616819925318014106e-01 -2.314265592198579830e-02
2.701631398515630389e-01 -2.313064286867669295e-02
2.786524177617308307e-01 -2.310514299617286854e-02
2.871498370187375859e-01 -2.306748427340495067e-02
2.956554633666178544e-01 -2.301900185425242301e-02
3.041693008321119662e-01 -2.296103869788533591e-02
3.126913132363353109e-01 -2.289494579920014344e-02
3.212215111531406819e-01 -2.282208159842151474e-02
3.297599085070373470e-01 -2.274381223700398108e-02
3.382989697257067774e-01 -2.266114717927060485e-02
3.468315172013243242e-01 -2.257343166417032088e-02
3.553574943452865176e-01 -2.247955014006323277e-02
3.638768388589575520e-01 -2.237839229178928066e-02
3.723894322100463894e-01 -2.226885372657770590e-02
3.808952976359982201e-01 -2.214983340445040097e-02
3.893943822577022318e-01 -2.202023623100667071e-02
3.978866333121006127e-01 -2.187897216147387247e-02
4.063719453471896226e-01 -2.172495717660465758e-02
4.148502936034865196e-01 -2.155711095388044077e-02
4.233216524687607452e-01 -2.137435800541984121e-02
4.317859701819045104e-01 -2.117562824696472834e-02
4.402431953886974947e-01 -2.095985651000703553e-02
4.486932104256237119e-01 -2.072598443663067197e-02
4.571360265408329626e-01 -2.047295515595573892e-02
4.655716936917156379e-01 -2.019971478092149816e-02
4.740063152846851202e-01 -1.990535551650836343e-02
4.824459017663746407e-01 -1.959032154852025434e-02
4.908906491465727107e-01 -1.925558254810938105e-02
4.993405699009670351e-01 -1.890211896721467194e-02
5.077957119418167187e-01 -1.853091424442026777e-02
5.162561332358023281e-01 -1.814295562858187633e-02
5.247218926609970024e-01 -1.773923454706964956e-02
5.331931187653961013e-01 -1.732074317046308418e-02
5.416697982910094744e-01 -1.688848484865373284e-02
5.501519888319674756e-01 -1.644346391621245157e-02
5.586397480207749844e-01 -1.598668902948760170e-02
5.671331715095334625e-01 -1.551917107750858810e-02
5.756323196661480290e-01 -1.504192716018828285e-02
5.841372111427820535e-01 -1.455598119126096275e-02
5.926479041474537190e-01 -1.406235934622686139e-02
6.011644751319529245e-01 -1.356209116171709465e-02
6.096870294780568633e-01 -1.305620887049705088e-02
6.182155626001349935e-01 -1.254575572592380416e-02
6.267501337875058809e-01 -1.203177575809853683e-02
6.352908172804649922e-01 -1.151531662157038484e-02
6.438376558046794429e-01 -1.099743243023725524e-02
6.523844232199165205e-01 -1.047956146410347622e-02
6.609252067193200908e-01 -9.963122968801668700e-03
6.694599851091728171e-01 -9.449174867481920786e-03
6.779887713108149194e-01 -8.938768403197678084e-03
6.865116911739592709e-01 -8.432943503324463741e-03
6.950288038256353662e-01 -7.932739618466454548e-03
7.035401615028239464e-01 -7.439192115254054417e-03
7.120457566345309575e-01 -6.953335266179624941e-03
7.205457214486865603e-01 -6.476190853776517091e-03
7.290401140913245204e-01 -6.008780573458694617e-03
7.375289982521886500e-01 -5.552121437804732711e-03
7.460135932487607091e-01 -5.107095653467235048e-03
7.544951311301879571e-01 -4.674310408324226958e-03
7.629736250442428203e-01 -4.254369511209921649e-03
7.714490712689008323e-01 -3.847876114811568313e-03
7.799214601077815168e-01 -3.455432094912106854e-03
7.883907566896027896e-01 -3.077638841699455521e-03
7.968569950619472930e-01 -2.715093087127651034e-03
8.053201717503680745e-01 -2.368391797731815140e-03
8.137802833916506495e-01 -2.038130405201884609e-03
8.222373109067855346e-01 -1.724903381551304293e-03
8.306912415246675563e-01 -1.429303330893163821e-03
8.391420982746378154e-01 -1.151920115281289793e-03
8.475898784619519954e-01 -8.933430684166931025e-04
8.560345796160276910e-01 -6.541600152776616073e-04
8.644761828803072534e-01 -4.349576906246691911e-04
8.729146800836186104e-01 -2.363209380715766759e-04
8.813500928452406846e-01 -5.883246076601355483e-05
8.897824198502042314e-01 9.692588517238760206e-05
8.982116601363597796e-01 2.303737132417429273e-04
9.066378046493365206e-01 3.409319972349192005e-04
9.150608326243911961e-01 4.280231473642902361e-04
9.234807738317233339e-01 4.910715553543951086e-04
9.318976290105722704e-01 5.295026104967020739e-04
9.403113993951126570e-01 5.427431136258355649e-04
9.487220867440482319e-01 5.302212627476192257e-04
9.571296662416626244e-01 4.913668061130371323e-04
9.655341600121376544e-01 4.256107705196692675e-04
9.739355799732785091e-01 3.323854253567949625e-04
9.823339303009274159e-01 2.111243937521438256e-04
9.907292158492175815e-01 6.126260687299063274e-05
9.991214421818827018e-01 -1.177637175426330215e-04
