Airfoils2D_090
9.999611370754040163e-01 6.244936230354375850e-05
9.914510290222325883e-01 6.926797863313630598e-04
9.829392508375667248e-01 1.326070839303501638e-03
9.744257917520410262e-01 1.962341736478745435e-03
9.659106409687944206e-01 2.601211368018270780e-03
9.573937692087863827e-01 3.242399690170649339e-03
9.488751802620960518e-01 3.885623846297945726e-03
9.403548669767721746e-01 4.530601466903093864e-03
9.318328184381757806e-01 5.177050136736178684e-03
9.233090074672850589e-01 5.824688348184249402e-03
9.147834329816609822e-01 6.473232283026644426e-03
9.062560902331420198e-01 7.122398067595816368e-03
8.977271326163546172e-01 7.771889453758720409e-03
8.891988224510536387e-01 8.421249336720516496e-03
8.806720190762722389e-01 9.070127576145350923e-03
8.721467037784883525e-01 9.718241221412652828e-03
8.636228654643040015e-01 1.036530707131190325e-02
8.551005063564116604e-01 1.101104124598727488e-02
8.465796111298541371e-01 1.165516152931179820e-02
8.380601597119461399e-01 1.229738638954247336e-02
8.295421411334796824e-01 1.293743393229129270e-02
8.210255547333377146e-01 1.357502182035006180e-02
8.125103910050299749e-01 1.420986871482360879e-02
8.039966273029712784e-01 1.484169458004603800e-02
7.954842527723580137e-01 1.547021882202455866e-02
7.869732626610054238e-01 1.609516072559920991e-02
7.784636556655968320e-01 1.671623966104419934e-02
7.699554053530274222e-01 1.733317715924703045e-02
7.614485009681651873e-01 1.794569392102821764e-02
7.529429324576717431e-01 1.855351092123232182e-02
7.444387090959303510e-01 1.915634809557185264e-02
7.359357994458871621e-01 1.975392860131660808e-02
7.274341928324810080e-01 2.034597442914380314e-02
7.189338785969771051e-01 2.093220789098534582e-02
7.104348612295945387e-01 2.151235059219844259e-02
7.019371207978489791e-01 2.208612614520310408e-02
6.934406407733421096e-01 2.265325823137836689e-02
6.849454105462126074e-01 2.321347044676014965e-02
6.764514265671075499e-01 2.376648625106556403e-02
6.679586847982775799e-01 2.431202948009433817e-02
6.594671609588347305e-01 2.484982558733789954e-02
6.509768444574728363e-01 2.537959944822258326e-02
6.424877247023232929e-01 2.590107625677667835e-02
6.339998092453138501e-01 2.641398043802532444e-02
6.255130714770072986e-01 2.691803882178308432e-02
6.170274985750788810e-01 2.741297769253313310e-02
6.085430799218519704e-01 2.789852351696566271e-02
6.000598122817086821e-01 2.837440266797378735e-02
5.915776901971552260e-01 2.884034198959693762e-02
5.830966903427855508e-01 2.929606961665018328e-02
5.746168020344446514e-01 2.974131328178842432e-02
5.661380145647472162e-01 3.017580103249487694e-02
5.576603323382196553e-01 3.059926048434750273e-02
5.491837338994979278e-01 3.101142088649230105e-02
5.407082039243961136e-01 3.141201145821700957e-02
5.322337315820758752e-01 3.180076150203204471e-02
5.237603077512158478e-01 3.217740055568617946e-02
5.152879372909482392e-01 3.254165788563066070e-02
5.068165916401854432e-01 3.289326452371045539e-02
4.983462597942001637e-01 3.323195101584894284e-02
4.898769306969023019e-01 3.355744821626154700e-02
4.814085994065307461e-01 3.386948706411849197e-02
4.729412612637242663e-01 3.416779883344538832e-02
4.644748922628404442e-01 3.445211577949964382e-02
4.560094643955480143e-01 3.472217049953123247e-02
4.475433105878290907e-01 3.497783868559148357e-02
4.390746886218150902e-01 3.521938449168513646e-02
4.306036235201924911e-01 3.544711861410475978e-02
4.221301757456662473e-01 3.566135114945062634e-02
4.136543944903592340e-01 3.586239294877624495e-02
4.051763290125198758e-01 3.605055528507714047e-02
3.966960130182753397e-01 3.622615016553340506e-02
3.882135046275869694e-01 3.638948947889688451e-02
3.797288600534060587e-01 3.654088562270458446e-02
3.712421287714935958e-01 3.668065156316847181e-02
3.627533600730565855e-01 3.680910069320163236e-02
3.542625811155059035e-01 3.692654712072208911e-02
3.457698640328151773e-01 3.703330472895508679e-02
3.372752584473743820e-01 3.712968818110769925e-02
3.287788140081988608e-01 3.721601256448597156e-02
3.202806066858723266e-01 3.729259316841927047e-02
3.117892524693291478e-01 3.735921571780024403e-02
3.033141218751792545e-01 3.741364728980088594e-02
2.948552895651399552e-01 3.745320384839972983e-02
2.864127242445682620e-01 3.747523281757138974e-02
2.779864797417928579e-01 3.747711189111957442e-02
2.695765129153106510e-01 3.745624913496888031e-02
2.611827082515226217e-01 3.741008149713510172e-02
2.528050304305854978e-01 3.733607473716045455e-02
2.444434416132813814e-01 3.723172311364671139e-02
2.360979007489815984e-01 3.709454893129020270e-02
2.277683970386283896e-01 3.692210284690531502e-02
2.194549285927075433e-01 3.671196359899164818e-02
2.111573506299818936e-01 3.646173297093493332e-02
2.028756015183811601e-01 3.616904031032033839e-02
1.946096124014790596e-01 3.583154023257452414e-02
1.863592753429928195e-01 3.544691039061226984e-02
1.781211595794626457e-01 3.501285880748439272e-02
1.698920847497969455e-01 3.452790281128721717e-02
1.616730413654927645e-01 3.399099559064890780e-02
1.534650840946258921e-01 3.340110186117641045e-02
1.452692878861152892e-01 3.275719660237655373e-02
1.370866834529197997e-01 3.205826031158791334e-02
1.289182997112259810e-01 3.130328184375608808e-02
1.207654024862594294e-01 3.049128326952862955e-02
1.126501256480961499e-01 2.962242171045217920e-02
1.045953869027414218e-01 2.869252796809712916e-02
9.660081824099701897e-02 2.769407662754574950e-02
8.866558471696607546e-02 2.661977144303701720e-02
8.078875520421288647e-02 2.546256218659880347e-02
7.296929103089593027e-02 2.421562044175366163e-02
6.520603575020210430e-02 2.287231377061222162e-02
5.749764902972155645e-02 2.142616699262890959e-02
4.980465687040343953e-02 1.986509058227277705e-02
4.209461251092008055e-02 1.818686877545864014e-02
3.438991950229512012e-02 1.640302361739226153e-02
2.674892347996957187e-02 1.453452914505400269e-02
2.023655370429222958e-02 1.280463685876008680e-02
1.493246941036618057e-02 1.111987797607692265e-02
1.027077099388123624e-02 9.290211919209014069e-03
6.183714496585934577e-03 7.317570947862871329e-03
3.768809772546473976e-03 5.873899649345492441e-03
2.495426949928151571e-03 4.868538875059796704e-03
1.642048478245864253e-03 3.976589295781965752e-03
1.066653690095870511e-03 3.165170188661781212e-03
6.592659131992513770e-04 2.355590399440265440e-03
3.965119233342917818e-04 1.552198661474265195e-03
2.557577615220662289e-04 7.264236911568093232e-04
2.423264034627952747e-04 -7.884026950698221244e-05
3.548202256947716226e-04 -8.744548505786646714e-04
5.804558455976360862e-04 -1.625528317035787595e-03
9.100161701101950641e-04 -2.327652591200602295e-03
1.365663266984438930e-03 -3.005496664396583618e-03
1.979555573445549322e-03 -3.667931555372515914e-03
2.797089026259519731e-03 -4.325340324394098823e-03
4.052174202635200687e-03 -5.075788307540744088e-03
6.488066030183103211e-03 -6.125961268823108818e-03
1.073564750344084204e-02 -7.524441525859212714e-03
1.551280293028182641e-02 -8.692229528688527954e-03
2.096211566831316514e-02 -9.636449414764783339e-03
2.763980591252736610e-02 -1.045896576589395305e-02
3.556947787279163969e-02 -1.128076400621425696e-02
4.361850255915231817e-02 -1.203739114468604758e-02
5.173925836404513062e-02 -1.273068393109514328e-02
5.992051139062476439e-02 -1.336673268158607500e-02
6.813512313589090152e-02 -1.394972363808694160e-02
7.636623840724489354e-02 -1.448133558978345441e-02
8.461383599355372376e-02 -1.496382196995275395e-02
9.287790022311999405e-02 -1.539946028379248627e-02
1.011584063799246397e-01 -1.579055171958917980e-02
1.094553216001769858e-01 -1.613942184692697054e-02
1.177686057526969032e-01 -1.644842125734776242e-02
1.260982122982532427e-01 -1.671992615343613139e-02
1.344441189274772075e-01 -1.695633967609765091e-02
1.428063460783770278e-01 -1.716009223967794248e-02
1.511847330538534651e-01 -1.733363699741101785e-02
1.595792157322144800e-01 -1.747945772518964130e-02
1.679897274376188632e-01 -1.760006620711119726e-02
1.764161995899601598e-01 -1.769800264058065536e-02
1.848586247321495069e-01 -1.777583653771663483e-02
1.933168928348473481e-01 -1.783616548231556354e-02
2.017832806853684380e-01 -1.788113006099735156e-02
2.102510350427823915e-01 -1.791129477712392545e-02
2.187201141574833529e-01 -1.792690385135211478e-02
2.271905253263298285e-01 -1.792820200655905957e-02
2.356622705937534701e-01 -1.791543417897353482e-02
2.441353399696412074e-01 -1.788884559012413403e-02
2.526097330722967271e-01 -1.784868172383526769e-02
2.610854494565687522e-01 -1.779518831763088685e-02
2.695624996162279130e-01 -1.772861126893101116e-02
2.780408785620406831e-01 -1.764919682080582156e-02
2.865205791758612675e-01 -1.755719152471587816e-02
2.950016007859097567e-01 -1.745284214331429065e-02
3.034839426711616328e-01 -1.733639569726384833e-02
3.119676201329813492e-01 -1.720809921190055714e-02
3.204526181303073429e-01 -1.706820040510909423e-02
3.289389340400733497e-01 -1.691694710257232032e-02
3.374265669695752368e-01 -1.675458736509674237e-02
3.459155205048141668e-01 -1.658136941973869030e-02
3.544058028199873478e-01 -1.639754163014567334e-02
3.628973993360687378e-01 -1.620335311228874448e-02
3.713903090292249853e-01 -1.599905297627319048e-02
3.798845308489896544e-01 -1.578489059536140188e-02
3.883800760730761192e-01 -1.556111527417319319e-02
3.968769373864083905e-01 -1.532797704732907600e-02
4.053751076017384491e-01 -1.508572623788277840e-02
4.138745855835086473e-01 -1.483461327708827590e-02
4.223753731840827474e-01 -1.457488876794987842e-02
4.308774819699067171e-01 -1.430680325580959041e-02
4.393808950917251765e-01 -1.403060844035937393e-02
4.478856113619756329e-01 -1.374655581620336589e-02
4.563916295849048677e-01 -1.345489714411836346e-02
4.648989677458547076e-01 -1.315588376928590250e-02
4.734082967393198893e-01 -1.284978340286850075e-02
4.819202406392128490e-01 -1.253701308180641370e-02
4.904348151482001428e-01 -1.221804674123536799e-02
4.989520469602929387e-01 -1.189335882799529356e-02
5.074719603220156916e-01 -1.156342479663147009e-02
5.159945455329720820e-01 -1.122872237043100012e-02
5.245198163195223806e-01 -1.088972933379920606e-02
5.330477904864519001e-01 -1.054692425530301056e-02
5.415785113512431304e-01 -1.020078560942561455e-02
5.501119594382128941e-01 -9.851795367671724660e-03
5.586481486360084237e-01 -9.500435122836789134e-03
5.671870928800741840e-01 -9.147187423582602353e-03
5.757288432347882345e-01 -8.792534234926199441e-03
5.842733783515277057e-01 -8.436961489886995319e-03
5.928203066778853225e-01 -8.080971519261672883e-03
6.013656605328093763e-01 -7.725216318880176632e-03
6.099081403185373507e-01 -7.370236320627952635e-03
6.184477912668419064e-01 -7.016514987061886824e-03
6.269846311571358743e-01 -6.664535961748850774e-03
6.355186739069594859e-01 -6.314782087999916936e-03
6.440499038663295428e-01 -5.967736448190121695e-03
6.525783564686340465e-01 -5.623879072838767167e-03
6.611040536452645888e-01 -5.283689602314279449e-03
6.696270091377363176e-01 -4.947647059327322031e-03
6.781472159083511420e-01 -4.616230319023501873e-03
6.866646925958517222e-01 -4.289916282064450311e-03
6.951794688538789346e-01 -3.969180498610801189e-03
7.036915583003894303e-01 -3.654498203472357400e-03
7.122009660625725491e-01 -3.346343994270251521e-03
7.207076870551822889e-01 -3.045191858223769005e-03
7.292117622262961341e-01 -2.751513206953014323e-03
7.377132051469431628e-01 -2.465779519383525745e-03
7.462120293910124991e-01 -2.188461341880425497e-03
7.547082211094588988e-01 -1.920029142304323019e-03
7.632018142970655727e-01 -1.660950905414625665e-03
7.716928298507996775e-01 -1.411694153884515170e-03
7.801812814260035145e-01 -1.172725720143585068e-03
7.886671753757046321e-01 -9.445117077776714158e-04
7.971505065649963084e-01 -7.275175491316739507e-04
8.056313152514704701e-01 -5.222065863644887503e-04
8.141096153000257907e-01 -3.290419762787315456e-04
8.225854206498093291e-01 -1.484859646860492086e-04
8.310587288229407399e-01 1.899979746489213479e-05
8.395295545416221472e-01 1.729549680043013476e-04
8.479979281740053221e-01 3.129203516127360574e-04
8.564638640586188512e-01 4.384373193656964491e-04
8.649273766593166268e-01 5.490481367017667740e-04
8.733884603316570683e-01 6.442957503245456833e-04
8.818471391089397482e-01 7.237243958244033359e-04
8.903034391260489233e-01 7.868791375461515374e-04
8.987573754670359349e-01 8.333057803030787750e-04
9.072089633997277858e-01 8.625510010033174673e-04
9.156581997460667699e-01 8.741623375334809255e-04
9.241051074873334326e-01 8.676883025101554117e-04
9.325497141402034895e-01 8.426781873469286858e-04
9.409920358413077501e-01 7.986821040653629836e-04
9.494320889759534365e-01 7.352510067877298001e-04
9.578698783712125131e-01 6.519368155204951967e-04
9.663054158843404906e-01 5.482923018921214645e-04
9.747387359280947905e-01 4.238707551419545745e-04
9.831698560286575850e-01 2.782264248431547040e-04
9.915987940310184712e-01 1.109143627331826720e-04
1.000025568113408925e+00 -7.850958662329390338e-05
