Airfoils2D_029
9.999948169884127491e-01 1.823671426548883741e-04
9.915720514572176070e-01 5.643369433434065625e-04
9.831307080117465125e-01 9.283215079216733260e-04
9.746708338102799685e-01 1.277232282324976655e-03
9.661924776953219052e-01 1.614017665557747078e-03
9.576956762892339103e-01 1.941664105794763204e-03
9.491802753367303280e-01 2.263203325837747065e-03
9.406465350556518779e-01 2.581690172525133702e-03
9.321065623230697650e-01 2.899776948262132188e-03
9.235835721196669068e-01 3.219713014179476519e-03
9.150790293710775458e-01 3.544524402857943471e-03
9.065928389391931796e-01 3.877256216025024189e-03
8.981250058571264017e-01 4.220911522769775319e-03
8.896755791428152538e-01 4.578453928167032505e-03
8.812446063356126347e-01 4.952809863204336860e-03
8.728322993329662438e-01 5.346861158765398025e-03
8.644385100346864137e-01 5.763469962002909855e-03
8.560594627520130562e-01 6.205463635365407460e-03
8.476903521826223420e-01 6.674741196383314652e-03
8.393312566379373951e-01 7.172637511946946577e-03
8.309823670629894465e-01 7.700473466996547549e-03
8.226439295155022480e-01 8.259558081685342695e-03
8.143160851520367949e-01 8.851199111044295853e-03
8.059990044469899084e-01 9.476694822551440939e-03
7.976927204089450107e-01 1.013734708917856178e-02
7.893755604931309566e-01 1.083516078733676169e-02
7.810196569762714036e-01 1.156735461901908964e-02
7.726232344700449950e-01 1.232723612117379852e-02
7.641847424459197180e-01 1.310788479198116314e-02
7.557033379039990173e-01 1.390209285381750585e-02
7.472030061187890926e-01 1.470009434246255693e-02
7.387418447286349110e-01 1.548883903907241621e-02
7.303231452854223038e-01 1.626060887749149544e-02
7.219247543666104105e-01 1.701127730925200074e-02
7.135201447286333432e-01 1.774245888760097797e-02
7.051088871597422925e-01 1.845503410180311665e-02
6.966910493042182129e-01 1.914984197862104956e-02
6.882666809488591220e-01 1.982772604806472272e-02
6.798358304266078900e-01 2.048953291286148559e-02
6.713986053867974091e-01 2.113610766454952772e-02
6.629550757792013194e-01 2.176830160579194817e-02
6.545053120242964040e-01 2.238696915599957399e-02
6.460493626960663871e-01 2.299296944988909672e-02
6.375872821074421992e-01 2.358716427929937604e-02
6.291191802677512657e-01 2.417041475665708886e-02
6.206451291260933756e-01 2.474358796192259111e-02
6.121652009343333534e-01 2.530755417818606259e-02
6.036794232690215756e-01 2.586318982925030555e-02
5.951879023415882486e-01 2.641136939018670637e-02
5.866942650877625676e-01 2.695257303983466385e-02
5.782039082192055313e-01 2.748616306102285439e-02
5.697169608038825661e-01 2.801147601861725053e-02
5.612334269779339913e-01 2.852785788567920727e-02
5.527532436146581629e-01 2.903466054375986385e-02
5.442763862122128593e-01 2.953123525073956396e-02
5.358028303097471801e-01 3.001693504216233072e-02
5.273325765409635490e-01 3.049111334039716209e-02
5.188655956626889720e-01 3.095312709031039847e-02
5.104018425386193103e-01 3.140233581249174399e-02
5.019412926995300284e-01 3.183809961227269947e-02
4.934839216269925055e-01 3.225978034703998187e-02
4.850297350770349514e-01 3.266674018678779323e-02
4.765786908426410395e-01 3.305834543892459398e-02
4.681307508600845435e-01 3.343396383953604195e-02
4.596858901951719756e-01 3.379296420167559462e-02
4.512422399458637101e-01 3.413487869331024299e-02
4.427968818500508941e-01 3.445980842590652682e-02
4.343497459866875743e-01 3.476793547353208141e-02
4.259008697123564113e-01 3.505943801825802536e-02
4.174502858954986517e-01 3.533449456021476448e-02
4.089980274727424425e-01 3.559328373822311792e-02
4.005441210216751369e-01 3.583598450872660379e-02
3.920886002092668909e-01 3.606277573787158852e-02
3.836315039604635824e-01 3.627383631249422175e-02
3.751728654663786799e-01 3.646934543200087975e-02
3.667127179766131451e-01 3.664948243693041952e-02
3.582510886086554547e-01 3.681442692445439924e-02
3.497880106965934321e-01 3.696435848615642339e-02
3.413235238436319596e-01 3.709945676263425030e-02
3.328576615156693119e-01 3.721990166315812532e-02
3.243904572278403231e-01 3.732587323976119253e-02
3.159261059146868389e-01 3.741732300631538111e-02
3.074725922006849022e-01 3.749286111410883582e-02
2.990302409271006212e-01 3.755062915679437119e-02
2.905991093303307848e-01 3.758878427370607872e-02
2.821792542248726665e-01 3.760549834535487773e-02
2.737707509027048070e-01 3.759895790608597244e-02
2.653737229066918668e-01 3.756736446738114660e-02
2.569881328590076230e-01 3.750893343209807385e-02
2.486140330296622014e-01 3.742189433298027251e-02
2.402514737494989006e-01 3.730449073694507012e-02
2.319005030595180372e-01 3.715498008033082250e-02
2.235611663458681730e-01 3.697163349156005335e-02
2.152335632867000692e-01 3.675273723345139770e-02
2.069176996997298124e-01 3.649658892440948987e-02
1.986135826760624390e-01 3.620149887378606990e-02
1.903212430348892870e-01 3.586579087491433004e-02
1.820399190056259386e-01 3.548779849720796326e-02
1.737683058646095902e-01 3.506608947365277146e-02
1.655067364402427188e-01 3.459942628369241935e-02
1.572556321841587224e-01 3.408658372971457018e-02
1.490154104059228934e-01 3.352634419155332834e-02
1.407865280453842183e-01 3.291750092350340801e-02
1.325693482495443609e-01 3.225884822900518256e-02
1.243642729568658067e-01 3.154919046745950639e-02
1.161825053533300928e-01 3.078792716648747277e-02
1.080480201364031612e-01 2.997236849652864035e-02
9.996323541574425597e-02 2.909640645275374943e-02
9.192916304811203643e-02 2.815399745723805650e-02
8.394675583341845715e-02 2.713928844485977501e-02
7.601689609967847427e-02 2.604660731822368985e-02
6.814038448824470684e-02 2.487045250880887820e-02
6.031792914751873957e-02 2.360548146199301089e-02
5.266893594305071397e-02 2.226269010833374293e-02
4.540016952430881575e-02 2.084241759539654654e-02
3.848836768585627011e-02 1.930421463888101416e-02
3.190094571693779385e-02 1.761517894989218791e-02
2.561034357596551556e-02 1.574952882437511553e-02
1.959342859462427644e-02 1.368661024210216653e-02
1.381848132035963864e-02 1.140431501691861749e-02
8.342550608492878272e-03 8.921869512521315992e-03
5.143133932228344252e-03 7.231553097102485714e-03
3.503113447413971297e-03 6.095140491956513480e-03
2.428507189797222531e-03 5.115622555539958878e-03
1.598820522805821783e-03 4.112676534972334666e-03
9.635785496243701957e-04 3.057581685118786544e-03
5.417612696814769983e-04 2.055006438860778294e-03
2.756799604988076336e-04 1.030650564003517426e-03
1.870890152702286416e-04 1.728420287374573291e-04
2.353649659844116334e-04 -6.674023436392396676e-04
4.194648868535462557e-04 -1.489526500947696867e-03
7.281770200183559959e-04 -2.280972076170166563e-03
1.212578705964255550e-03 -3.131739621744505410e-03
1.893215047601933638e-03 -4.006020917022906289e-03
2.844349122556192981e-03 -4.921476339362981442e-03
4.029590174712504441e-03 -5.774609250631597065e-03
5.445844017576939936e-03 -6.512394299138127805e-03
7.312411671213329273e-03 -7.160860416777142107e-03
1.117377381103448926e-02 -7.983948014980707039e-03
1.823642508219603525e-02 -9.204974680112044255e-03
2.537917404091270465e-02 -1.024705788860770690e-02
3.273026565165784718e-02 -1.113880581400637781e-02
4.034405637418840562e-02 -1.190855554154680515e-02
4.822687627592236320e-02 -1.258399023273109284e-02
5.637228101275441883e-02 -1.319806668444411385e-02
6.460698455661069428e-02 -1.376467453679168333e-02
7.285731423410504726e-02 -1.428307786550135801e-02
8.112330154006062999e-02 -1.475549592078686384e-02
8.940496931064398356e-02 -1.518416992208887484e-02
9.770235879347394237e-02 -1.557136490838381335e-02
1.060155366630927687e-01 -1.591937000810808925e-02
1.143444264413641248e-01 -1.623049243373036327e-02
1.226890242265771397e-01 -1.650706767298951855e-02
1.310493213243892896e-01 -1.675145615306930166e-02
1.394253049471597117e-01 -1.696604371111870568e-02
1.478169588800175849e-01 -1.715324203652390106e-02
1.562243434119640340e-01 -1.731549050904368503e-02
1.646474371412808557e-01 -1.745525315096610117e-02
1.730861452088787444e-01 -1.757502025029775497e-02
1.815404436392575038e-01 -1.767731103962860012e-02
1.900099814283912891e-01 -1.776466643822085384e-02
1.984858158621338187e-01 -1.783892107261058138e-02
2.069633880820987704e-01 -1.790050675512743980e-02
2.154426787248658048e-01 -1.794970202962054007e-02
2.239236831502632863e-01 -1.798678590919068621e-02
2.324063966595368014e-01 -1.801203773643014067e-02
2.408908255913921048e-01 -1.802573719484345388e-02
2.493769630235239121e-01 -1.802816424589672936e-02
2.578647952133258370e-01 -1.801959920741532523e-02
2.663543172595231323e-01 -1.800032275055730990e-02
2.748455242184928982e-01 -1.797061588021051440e-02
2.833384287468710960e-01 -1.793075984258589786e-02
2.918330110318001491e-01 -1.788103634660201391e-02
3.003292632593944078e-01 -1.782172741554275894e-02
3.088271803453503939e-01 -1.775311539774387590e-02
3.173267625350608689e-01 -1.767548292677385141e-02
3.258280147883053091e-01 -1.758911290153545443e-02
3.343309165738069244e-01 -1.749428881700460306e-02
3.428354627107860764e-01 -1.739129437435719613e-02
3.513416480007576226e-01 -1.728041361377986515e-02
3.598494826988851703e-01 -1.716193069278690309e-02
3.683589518618670122e-01 -1.703613043965280377e-02
3.768700445823173761e-01 -1.690329799270485350e-02
3.853827556135267507e-01 -1.676371875459549410e-02
3.938970857336240305e-01 -1.661767836350664870e-02
4.024130391692250508e-01 -1.646546271927954233e-02
4.109305952264808992e-01 -1.630735851033184025e-02
4.194497486434251021e-01 -1.614365250852001221e-02
4.279704941587483824e-01 -1.597463182849526500e-02
4.364928462526100339e-01 -1.580058351940641370e-02
4.450167821521981981e-01 -1.562179572303497126e-02
4.535422944712129145e-01 -1.543855662987835171e-02
4.620693610610884239e-01 -1.525115504620794607e-02
4.705973574673639193e-01 -1.505985067615465793e-02
4.791258685894003722e-01 -1.486478101185709222e-02
4.876548939712921360e-01 -1.466605434175996883e-02
4.961844375856102607e-01 -1.446377890438104580e-02
5.047145061093155638e-01 -1.425806292094160266e-02
5.132451064677866492e-01 -1.404901465087791783e-02
5.217762369837692926e-01 -1.383674261362106105e-02
5.303079016265761503e-01 -1.362135524211233878e-02
5.388401050330385855e-01 -1.340296100068891737e-02
5.473728582494863382e-01 -1.318166823414800015e-02
5.559061575111861053e-01 -1.295758571825312948e-02
5.644400067863262205e-01 -1.273082208086775968e-02
5.729744100431214404e-01 -1.250148599858146026e-02
5.815093785211798982e-01 -1.226968599824693369e-02
5.900449101210322178e-01 -1.203553101542091143e-02
5.985810076210231756e-01 -1.179912990552069683e-02
6.071176749905056180e-01 -1.156059154063503701e-02
6.156549218394873346e-01 -1.132002468214631137e-02
6.241927493805315974e-01 -1.107753837486069245e-02
6.327311587152039118e-01 -1.083324171838969362e-02
6.412701538154789160e-01 -1.058724378076003614e-02
6.498097428430568145e-01 -1.033965355715219664e-02
6.583499299640692692e-01 -1.009058020585846920e-02
6.668907147845217764e-01 -9.840133068490583904e-03
6.754321012802031454e-01 -9.588421409440200244e-03
6.839740963459568501e-01 -9.335554455613582700e-03
6.925167067418688260e-01 -9.081641485736677982e-03
7.010599307597082941e-01 -8.826792079832767104e-03
7.096037723799746288e-01 -8.571115699080507702e-03
7.181482374121970214e-01 -8.314721798926637264e-03
7.266933348497657263e-01 -8.057719787752678706e-03
7.352390618515871612e-01 -7.800219479236813157e-03
7.437854224034714523e-01 -7.542330531766882132e-03
7.523324214112264707e-01 -7.284162625258607318e-03
7.608800697399179525e-01 -7.025825308806110323e-03
7.694280881098951586e-01 -6.767436950891302268e-03
7.779755725085315543e-01 -6.509134827403759843e-03
7.865224298708125561e-01 -6.251031665066210212e-03
7.950686557245266739e-01 -5.993237462552441011e-03
8.036142626451030502e-01 -5.735861654413989229e-03
8.121592546199565277e-01 -5.479013885340205253e-03
8.207036356351349315e-01 -5.222803750771916678e-03
8.292474018934230529e-01 -4.967341029246008510e-03
8.377905643171342787e-01 -4.712735008918928110e-03
8.463331277440102607e-01 -4.459095111695361886e-03
8.548750961549386185e-01 -4.206530735960409793e-03
8.634164669438535444e-01 -3.955151424330213827e-03
8.719572486839328729e-01 -3.705066339732515906e-03
8.804974473563719206e-01 -3.456384673850210719e-03
8.890370669375915469e-01 -3.209215628444629306e-03
8.975761061939568908e-01 -2.963668505548806842e-03
9.061145709893424494e-01 -2.719852351944662683e-03
9.146524686298356244e-01 -2.477876125983979709e-03
9.231898030883836093e-01 -2.237848833237449705e-03
9.317265746849854313e-01 -1.999879531733379963e-03
9.402627862151353710e-01 -1.764077158775693944e-03
9.487984464911300986e-01 -1.530550437461648816e-03
9.573335594837277807e-01 -1.299408177611388214e-03
9.658681272476341562e-01 -1.070759191294207158e-03
9.744021491520908906e-01 -8.447123101539484894e-04
9.829356356967340336e-01 -6.213760215235996157e-04
9.914685908517103519e-01 -4.008589399270436168e-04
1.000001018587280743e+00 -1.832696312152882730e-04
