Airfoils2D_204
1.000002962081772973e+00 3.119054157848239047e-04
9.915343366208617670e-01 1.029161243436741693e-03
9.830640207498022587e-01 1.737845513305361989e-03
9.745920226027655620e-01 2.438157136450531254e-03
9.661183503505380576e-01 3.130295185600482418e-03
9.576430042953831823e-01 3.814459529986158771e-03
9.491659935635070600e-01 4.490849475090101690e-03
9.406873333951026872e-01 5.159664016908239136e-03
9.322070320972213331e-01 5.821102880623292911e-03
9.237250962929087761e-01 6.475366087045374142e-03
9.152415226787147251e-01 7.122654571393680599e-03
9.067563329890208079e-01 7.763167518780384607e-03
8.982695356504161177e-01 8.397105313978716484e-03
8.897811391167830264e-01 9.024668507426680114e-03
8.812911404588518183e-01 9.646058646530905958e-03
8.727995556733100235e-01 1.026147604974334340e-02
8.643063971610998042e-01 1.087112148294155922e-02
8.558116734770401246e-01 1.147519616373138956e-02
8.473153865866075440e-01 1.207390194097499730e-02
8.388175428129224231e-01 1.266744051362254236e-02
8.303181596199613601e-01 1.325601297746790801e-02
8.218172456504801993e-01 1.383982122247584198e-02
8.133148071338849316e-01 1.441906747231279720e-02
8.048108419458935847e-01 1.499395467840311871e-02
7.963053719815462728e-01 1.556468433584207688e-02
7.877984059602876066e-01 1.613145901150956144e-02
7.792899526190978365e-01 1.669448144190072841e-02
7.707800059901105394e-01 1.725395549819525032e-02
7.622685883991663358e-01 1.781008335643524676e-02
7.537557097544917983e-01 1.836306819048496436e-02
7.452413788582521459e-01 1.891311341872644117e-02
7.367255925634781377e-01 1.946042339735268994e-02
7.282083808057062679e-01 2.000520052910650937e-02
7.196911450666784171e-01 2.054748462967408498e-02
7.111755189415966960e-01 2.108695094460986616e-02
7.026615399853537447e-01 2.162327533202739252e-02
6.941491949678062490e-01 2.215613730287909269e-02
6.856384649932404374e-01 2.268521713964232953e-02
6.771293414846991654e-01 2.321019489782496018e-02
6.686218251238846833e-01 2.373075049316724500e-02
6.601159134825462793e-01 2.424656447363568446e-02
6.516115826317763204e-01 2.475731911178075118e-02
6.431088240948343859e-01 2.526269615312995778e-02
6.346076315395661194e-01 2.576237763972126157e-02
6.261080164369896561e-01 2.625604501330033869e-02
6.176099482305751343e-01 2.674338259088800823e-02
6.091134185126879652e-01 2.722407380025186965e-02
6.006184188872415453e-01 2.769780248792176949e-02
5.921249581864551637e-01 2.816425198057358192e-02
5.836330172494790247e-01 2.862310758511673811e-02
5.751425811596040383e-01 2.907405476590532376e-02
5.666536415410966532e-01 2.951677904214141529e-02
5.581661966215147874e-01 2.995096601482153884e-02
5.496802480675900826e-01 3.037630155774792909e-02
5.411957707320678157e-01 3.079247330543156969e-02
5.327127562126959814e-01 3.119916844139331014e-02
5.242311960926568926e-01 3.159607456321200658e-02
5.157510992435884178e-01 3.198287890294936042e-02
5.072724453510384368e-01 3.235927046774736415e-02
4.987952203797763051e-01 3.272493835225393638e-02
4.903194158184581708e-01 3.307957180582464518e-02
4.818450263383917687e-01 3.342286036026812651e-02
4.733720592761603285e-01 3.375449348662269700e-02
4.649004867684722875e-01 3.407416245769368662e-02
4.564303001475795707e-01 3.438155816177994317e-02
4.479617569391188825e-01 3.467634943447904516e-02
4.394952427463539868e-01 3.495813032689751298e-02
4.310307745701529858e-01 3.522648479252316056e-02
4.225683399549099994e-01 3.548099844912144807e-02
4.141079431017484769e-01 3.572125708185963644e-02
4.056495881269009951e-01 3.594684721123134197e-02
3.971932961732020373e-01 3.615735568032270308e-02
3.887390653598468138e-01 3.635237069750734545e-02
3.802868879758068976e-01 3.653148127661060007e-02
3.718367677013335593e-01 3.669427686066632083e-02
3.633887080839277028e-01 3.684034761615947312e-02
3.549427295965025264e-01 3.696928418710823672e-02
3.464988288513379810e-01 3.708067836599484440e-02
3.380569982961669218e-01 3.717412264735039940e-02
3.296172408390083963e-01 3.724921006286642522e-02
3.211795592020298962e-01 3.730553435075223412e-02
3.127477715501951749e-01 3.734248945623627747e-02
3.043274076486492397e-01 3.735846537835720710e-02
2.959186826566854722e-01 3.735155018456408349e-02
2.875217398536361602e-01 3.731984808575103396e-02
2.791367215143138458e-01 3.726147923809793733e-02
2.707637685451585452e-01 3.717457960276290829e-02
2.624030900534425337e-01 3.705730191354114633e-02
2.540547824274974609e-01 3.690781332211372223e-02
2.457189467554471429e-01 3.672429590264568444e-02
2.373957144216852777e-01 3.650494728481028933e-02
2.290852133393583290e-01 3.624798005202404388e-02
2.207875674852262105e-01 3.595162152614637258e-02
2.125028964217688665e-01 3.561411353070945141e-02
2.042313350744224265e-01 3.523371311679840412e-02
1.959730242562812419e-01 3.480869235458294852e-02
1.877280032688451172e-01 3.433733196647035385e-02
1.794932326448912818e-01 3.381787220016415491e-02
1.712638063076095674e-01 3.324931096623764265e-02
1.630400857175203222e-01 3.263130784046971294e-02
1.548226015303131309e-01 3.196353492234636079e-02
1.466118830119130523e-01 3.124566569528010665e-02
1.384084579909306001e-01 3.047737502323110553e-02
1.302128528102585725e-01 2.965833914572958349e-02
1.220255999694889043e-01 2.878823651317582999e-02
1.138580627295521647e-01 2.786747529107972896e-02
1.057273731533227568e-01 2.689431642922742241e-02
9.763413062343091753e-02 2.586424526747247571e-02
8.957843089237460532e-02 2.477279079945334667e-02
8.156032977917106186e-02 2.361557369059381906e-02
7.357983896380962396e-02 2.238830068175817409e-02
6.563692190463175924e-02 2.108675851684618102e-02
5.773157665959183227e-02 1.970682297564043187e-02
4.990358007852074840e-02 1.825021674978375211e-02
4.222869165686866239e-02 1.671625914626645795e-02
3.472262406703079118e-02 1.509140018364030222e-02
2.739877415931726845e-02 1.336374646269229520e-02
2.075648058401477133e-02 1.162989533801778337e-02
1.511072866699822784e-02 9.893674418829245462e-03
1.008309085553786913e-02 8.015432897351761760e-03
5.682278535488235159e-03 6.022085465749062519e-03
3.490854073584296908e-03 4.793700782344770261e-03
2.229863554749736930e-03 3.845836713552755557e-03
1.477847602663440217e-03 3.091728862664143863e-03
9.139874999531128743e-04 2.337285838451509754e-03
5.884708151820732197e-04 1.755466725275288842e-03
3.360814587139262827e-04 1.131855473677353605e-03
1.941937834931838536e-04 5.110762801797863377e-04
1.762330021840202493e-04 -6.962697568946638179e-05
2.793205841574221437e-04 -6.491864039391916129e-04
4.888373738614669537e-04 -1.221102045997596091e-03
8.688203433879751383e-04 -1.900770897846959084e-03
1.335266382247500680e-03 -2.506476064695416662e-03
1.968067900901569051e-03 -3.121324218312736352e-03
2.817167794154182281e-03 -3.730906802664584517e-03
4.087827165098078044e-03 -4.385167187169122793e-03
6.346639918660644357e-03 -5.184487205062981996e-03
1.125999386776175767e-02 -6.499663020180789473e-03
1.696924291899740145e-02 -7.678216819036659535e-03
2.331550060470935840e-02 -8.664979916527273951e-03
3.063376077967821728e-02 -9.556793613014692018e-03
3.862448426152957637e-02 -1.041911085567239631e-02
4.670930318116282148e-02 -1.121836173033482868e-02
5.487804168450865355e-02 -1.196309515849674869e-02
6.312200487512249769e-02 -1.266261753755916139e-02
7.139457434556109594e-02 -1.332079107214642275e-02
7.967307981058596722e-02 -1.393721029520090735e-02
8.795739553734209515e-02 -1.451244818774562011e-02
9.624739422204132977e-02 -1.504707900687736813e-02
1.045429470383287818e-01 -1.554167832992182571e-02
1.128439236860937361e-01 -1.599682309578600095e-02
1.211501981938340189e-01 -1.641309191848531676e-02
1.294616550487443229e-01 -1.679106525334493269e-02
1.377781369414392554e-01 -1.713132314505965911e-02
1.460995081512622140e-01 -1.743444833878749975e-02
1.544256317318539740e-01 -1.770102510914168745e-02
1.627563695605766525e-01 -1.793163928630212359e-02
1.710915823877384168e-01 -1.812687827988712641e-02
1.794311311590067459e-01 -1.828733112254451315e-02
1.877749039414226551e-01 -1.841358881587602109e-02
1.961228924949091068e-01 -1.850624517811057246e-02
2.044790814615129737e-01 -1.856620726143786218e-02
2.128459580909665416e-01 -1.859506846273825328e-02
2.212235376248299079e-01 -1.859451899816748355e-02
2.296118332751200530e-01 -1.856626203398546726e-02
2.380109308003244828e-01 -1.851201325699824984e-02
2.464208021653663261e-01 -1.843350199296999239e-02
2.548414236650320408e-01 -1.833247138030892620e-02
2.632728033872395179e-01 -1.821067793437855173e-02
2.717149488173786764e-01 -1.806989183748215419e-02
2.801679118963093518e-01 -1.791189618364208425e-02
2.886317374894366017e-01 -1.773848782513215427e-02
2.971063535012008483e-01 -1.755148015005749892e-02
3.055917672242706162e-01 -1.735269930303493663e-02
3.140879863541646833e-01 -1.714398570911653680e-02
3.225951182051676192e-01 -1.692719163427389845e-02
3.311128974118564550e-01 -1.670419290109604118e-02
3.396330650851409616e-01 -1.647654031764887034e-02
3.481500201232173852e-01 -1.624415900412964561e-02
3.566637382673118473e-01 -1.600655283130957354e-02
3.651742039940550910e-01 -1.576322648681908675e-02
3.736814311599931382e-01 -1.551368483458530866e-02
3.821854111443359070e-01 -1.525743437898225904e-02
3.906861339458536642e-01 -1.499398268575584912e-02
3.991835572100859708e-01 -1.472283938929816113e-02
4.076777080972977529e-01 -1.444351295209652525e-02
4.161685782774189879e-01 -1.415551393050306674e-02
4.246561595097430586e-01 -1.385835388476021508e-02
4.331404242412495997e-01 -1.355154608916928592e-02
4.416213677749344368e-01 -1.323460404698941981e-02
4.500989985259969406e-01 -1.290704173391776614e-02
4.585733086935368519e-01 -1.256837469686188959e-02
4.670443918182391463e-01 -1.221811546019625598e-02
4.755169594201984484e-01 -1.185588674206403646e-02
4.839943718851181242e-01 -1.148226404776012295e-02
4.924766690205015229e-01 -1.109812939095902035e-02
5.009638938700624600e-01 -1.070436796443069438e-02
5.094561131622821204e-01 -1.030186715825328475e-02
5.179533905780255854e-01 -9.891517777594652575e-03
5.264557262202315124e-01 -9.474217087162310411e-03
5.349631635678377961e-01 -9.050863693372875746e-03
5.434757479057302776e-01 -8.622359503414785131e-03
5.519935907669107911e-01 -8.189606450085314820e-03
5.605166676774661072e-01 -7.753516785106006476e-03
5.690450228603531890e-01 -7.315002758587304220e-03
5.775787007521028249e-01 -6.874980063175495371e-03
5.861153302480011096e-01 -6.434492458893496108e-03
5.946473166919328257e-01 -5.994854759694671735e-03
6.031740142595080068e-01 -5.557020625847278704e-03
6.116954673418825150e-01 -5.121904638901740581e-03
6.202116643915480676e-01 -4.690420753316665824e-03
6.287226910031057381e-01 -4.263474521672300580e-03
6.372286059354212995e-01 -3.841969474356170863e-03
6.457294527986282562e-01 -3.426806510495111150e-03
6.542252424267346322e-01 -3.018884701822486735e-03
6.627160168231036597e-01 -2.619098168475446527e-03
6.712018539708085596e-01 -2.228336010994460582e-03
6.796827969805621095e-01 -1.847485678522824354e-03
6.881588889008474208e-01 -1.477431297828343121e-03
6.966301123632000492e-01 -1.119056199055894598e-03
7.050965686972736624e-01 -7.732352958635845463e-04
7.135583038691408753e-01 -4.408426927652492376e-04
7.220153609983513965e-01 -1.227493564288131269e-04
7.304677739193843333e-01 1.801766660377778721e-04
7.389155679824053191e-01 4.670703585849681817e-04
7.473606999880395563e-01 7.372447492630391629e-04
7.558047113886334767e-01 9.903835247800905385e-04
7.642475574651228509e-01 1.226200806836461130e-03
7.726891895227544493e-01 1.444410963976005711e-03
7.811295464816936374e-01 1.644728463282103034e-03
7.895685990353358275e-01 1.826868910956242235e-03
7.980063010032756310e-01 1.990547818107163674e-03
8.064426063144347623e-01 2.135481056809742945e-03
8.148774690127444931e-01 2.261384859439216806e-03
8.233108253557510636e-01 2.367975612254068218e-03
8.317426467704530646e-01 2.454970548162356114e-03
8.401728885283595849e-01 2.522086988441749663e-03
8.486015051948795351e-01 2.569042599208613397e-03
8.570284514802132270e-01 2.595555401815523820e-03
8.654536699160809698e-01 2.601343778297748616e-03
8.738771219152483560e-01 2.586126529457854952e-03
8.822987686817636011e-01 2.549622746290785766e-03
8.907185655707504646e-01 2.491551857007365083e-03
8.991364681136249093e-01 2.411633636625459213e-03
9.075524273909844064e-01 2.309588267161786623e-03
9.159663907520911863e-01 2.185136385981415949e-03
9.243783275848964642e-01 2.037998652463534656e-03
9.327881941954447864e-01 1.867896206653532794e-03
9.411959470989722520e-01 1.674550522888684084e-03
9.496015430265727364e-01 1.457683406756117052e-03
9.580049267100835264e-01 1.217017359367047547e-03
9.664060625445111130e-01 9.522747071682019504e-04
9.748049130805849227e-01 6.631780903315063255e-04
9.832014359856191543e-01 3.494506055065348961e-04
9.915955891767647135e-01 1.081566222256471858e-05
9.999873308278146578e-01 -3.530030214222541155e-04
