9.994075894355773926e-01 8.796564361546188593e-05
9.912446141242980957e-01 1.133269746787846088e-03
9.829677343368530273e-01 2.080084290355443954e-03
9.745966196060180664e-01 2.949465764686465263e-03
9.661510586738586426e-01 3.762470092624425888e-03
9.533626437187194824e-01 4.946488421410322189e-03
9.448384642601013184e-01 5.708711221814155579e-03
9.363128542900085449e-01 6.477809045463800430e-03
9.278212189674377441e-01 7.273210678249597549e-03
9.193545579910278320e-01 8.052299730479717255e-03
9.108985662460327148e-01 8.814337663352489471e-03
9.024421572685241699e-01 9.618371725082397461e-03
8.939855098724365234e-01 1.041578501462936401e-02
8.855219483375549316e-01 1.120287831872701645e-02
8.770043253898620605e-01 1.199051365256309509e-02
8.684802651405334473e-01 1.272931229323148727e-02
8.599561452865600586e-01 1.345980726182460785e-02
8.514459133148193359e-01 1.417939085513353348e-02
8.429312109947204590e-01 1.484239567071199417e-02
8.343709111213684082e-01 1.549326442182064056e-02
8.258487582206726074e-01 1.617853343486785889e-02
8.173235654830932617e-01 1.684493198990821838e-02
8.088220953941345215e-01 1.751753501594066620e-02
8.003415465354919434e-01 1.816358789801597595e-02
7.918738722801208496e-01 1.881847716867923737e-02
7.834349870681762695e-01 1.949194818735122681e-02
7.749903798103332520e-01 2.015634626150131226e-02
7.665162086486816406e-01 2.077191323041915894e-02
7.579978108406066895e-01 2.140977233648300171e-02
7.494770884513854980e-01 2.202486991882324219e-02
7.409443855285644531e-01 2.261225692927837372e-02
7.324295639991760254e-01 2.319710142910480499e-02
7.239333987236022949e-01 2.379280701279640198e-02
7.154466509819030762e-01 2.441429533064365387e-02
7.069629430770874023e-01 2.505903504788875580e-02
6.984677314758300781e-01 2.570144273340702057e-02
6.899574995040893555e-01 2.632315829396247864e-02
6.814385652542114258e-01 2.691446803510189056e-02
6.729051470756530762e-01 2.746977470815181732e-02
6.643815040588378906e-01 2.801384776830673218e-02
6.558650732040405273e-01 2.855209633708000183e-02
6.473521590232849121e-01 2.911817468702793121e-02
6.388276815414428711e-01 2.969714812934398651e-02
6.303014755249023438e-01 3.028965927660465240e-02
6.217764019966125488e-01 3.086850047111511230e-02
6.132668852806091309e-01 3.140399232506752014e-02
6.047566533088684082e-01 3.191410750150680542e-02
5.962650775909423828e-01 3.241927176713943481e-02
5.877944231033325195e-01 3.294315934181213379e-02
5.792980194091796875e-01 3.344469517469406128e-02
5.707859396934509277e-01 3.393291309475898743e-02
5.622443556785583496e-01 3.443126007914543152e-02
5.536829233169555664e-01 3.492581471800804138e-02
5.451177358627319336e-01 3.542870655655860901e-02
5.365594625473022461e-01 3.589120507240295410e-02
5.279992818832397461e-01 3.636430576443672180e-02
5.194774866104125977e-01 3.683975711464881897e-02
5.109930634498596191e-01 3.731451183557510376e-02
5.024907588958740234e-01 3.774283826351165771e-02
4.939938485622406006e-01 3.811989352107048035e-02
4.854846000671386719e-01 3.850486502051353455e-02
4.769644737243652344e-01 3.889953717589378357e-02
4.684275388717651367e-01 3.931684419512748718e-02
4.598893225193023682e-01 3.971336781978607178e-02
4.513484835624694824e-01 4.013807326555252075e-02
4.427929520606994629e-01 4.056329280138015747e-02
4.342338740825653076e-01 4.100850969552993774e-02
4.256605803966522217e-01 4.142078012228012085e-02
4.170837700366973877e-01 4.178211838006973267e-02
4.085647761821746826e-01 4.208824038505554199e-02
4.000206887722015381e-01 4.234913364052772522e-02
3.915111124515533447e-01 4.254292696714401245e-02
3.830662667751312256e-01 4.275479167699813843e-02
3.746284544467926025e-01 4.298427700996398926e-02
3.661772012710571289e-01 4.323880374431610107e-02
3.576976060867309570e-01 4.352775588631629944e-02
3.492264747619628906e-01 4.381332173943519592e-02
3.407398462295532227e-01 4.406935349106788635e-02
3.322835564613342285e-01 4.424677789211273193e-02
3.237745463848114014e-01 4.436524584889411926e-02
3.153421580791473389e-01 4.442645236849784851e-02
3.069247305393218994e-01 4.453790560364723206e-02
2.985132932662963867e-01 4.460973665118217468e-02
2.901373505592346191e-01 4.465387761592864990e-02
2.817733585834503174e-01 4.466619342565536499e-02
2.734096050262451172e-01 4.465713724493980408e-02
2.650471925735473633e-01 4.461390897631645203e-02
2.566818296909332275e-01 4.450020566582679749e-02
2.482642680406570435e-01 4.434862360358238220e-02
2.398441135883331299e-01 4.422296211123466492e-02
2.313877195119857788e-01 4.411181434988975525e-02
2.229502052068710327e-01 4.390475898981094360e-02
2.145527899265289307e-01 4.367266595363616943e-02
2.061910331249237061e-01 4.339192807674407959e-02
1.978457868099212646e-01 4.307527095079421997e-02
1.895457804203033447e-01 4.272287711501121521e-02
1.812937855720520020e-01 4.232874885201454163e-02
1.730118393898010254e-01 4.188039153814315796e-02
1.647201180458068848e-01 4.142014309763908386e-02
1.564949750900268555e-01 4.090673476457595825e-02
1.482309997081756592e-01 4.029215499758720398e-02
1.400158107280731201e-01 3.966982662677764893e-02
1.318840086460113525e-01 3.899468854069709778e-02
1.238059177994728088e-01 3.827885910868644714e-02
1.158134937286376953e-01 3.749664872884750366e-02
1.079033762216567993e-01 3.663919866085052490e-02
1.000341847538948059e-01 3.569376096129417419e-02
9.219308197498321533e-02 3.462036326527595520e-02
8.447075635194778442e-02 3.340623900294303894e-02
7.674811035394668579e-02 3.202770277857780457e-02
6.916391104459762573e-02 3.050244972109794617e-02
6.172040477395057678e-02 2.889103442430496216e-02
5.443518981337547302e-02 2.712909504771232605e-02
4.738358780741691589e-02 2.524953521788120270e-02
4.054802656173706055e-02 2.323426678776741028e-02
3.400928899645805359e-02 2.110657840967178345e-02
2.777752280235290527e-02 1.881538145244121552e-02
2.193128503859043121e-02 1.636851578950881958e-02
1.658354885876178741e-02 1.374069042503833771e-02
1.191516313701868057e-02 1.111271046102046967e-02
7.989036850631237030e-03 8.636109530925750732e-03
4.962505307048559189e-03 6.398607976734638214e-03
2.841257490217685699e-03 4.535337444394826889e-03
1.449823146685957909e-03 3.035672241821885109e-03
6.585369701497256756e-04 1.910800114274024963e-03
2.562776790000498295e-04 1.031388877891004086e-03
6.616359314648434520e-05 3.335090295877307653e-04
3.792407005676068366e-05 -3.738128580152988434e-04
1.034580127452500165e-04 -1.028882339596748352e-03
2.195021515944972634e-04 -1.716486411169171333e-03
4.640737315639853477e-04 -2.351914066821336746e-03
7.725061732344329357e-04 -2.940010745078325272e-03
1.117088366299867630e-03 -3.538655349984765053e-03
1.681667170487344265e-03 -4.171732813119888306e-03
2.670705551281571388e-03 -4.957091994583606720e-03
4.471094813197851181e-03 -5.830887239426374435e-03
7.343932054936885834e-03 -6.910528987646102905e-03
1.144479587674140930e-02 -8.086318150162696838e-03
1.672875881195068359e-02 -9.302688762545585632e-03
2.303159050643444061e-02 -1.042064838111400604e-02
3.006391040980815887e-02 -1.137482002377510071e-02
3.754850849509239197e-02 -1.215499080717563629e-02
4.529846087098121643e-02 -1.273472979664802551e-02
5.316320806741714478e-02 -1.318550389260053635e-02
6.118598207831382751e-02 -1.353173702955245972e-02
6.931556761264801025e-02 -1.385448034852743149e-02
7.755357772111892700e-02 -1.412289310246706009e-02
8.579658716917037964e-02 -1.435053069144487381e-02
9.404958784580230713e-02 -1.454059127718210220e-02
1.023230403661727905e-01 -1.469463668763637543e-02
1.106187328696250916e-01 -1.480208709836006165e-02
1.189585104584693909e-01 -1.485102251172065735e-02
1.273198872804641724e-01 -1.486070826649665833e-02
1.357258856296539307e-01 -1.484836265444755554e-02
1.441679149866104126e-01 -1.481131277978420258e-02
1.526478230953216553e-01 -1.473161485046148300e-02
1.611220389604568481e-01 -1.458480395376682281e-02
1.696128696203231812e-01 -1.442421320825815201e-02
1.781237125396728516e-01 -1.424584817141294479e-02
1.866474449634552002e-01 -1.404584851115942001e-02
1.951613575220108032e-01 -1.380847115069627762e-02
2.036872953176498413e-01 -1.355931255966424942e-02
2.122035771608352661e-01 -1.328417286276817322e-02
2.207193076610565186e-01 -1.300678309053182602e-02
2.292252629995346069e-01 -1.272449176758527756e-02
2.377173602581024170e-01 -1.241714414209127426e-02
2.462182343006134033e-01 -1.211832836270332336e-02
2.547308802604675293e-01 -1.181490905582904816e-02
2.632576823234558105e-01 -1.150416024029254913e-02
2.717972695827484131e-01 -1.118540856987237930e-02
2.803732156753540039e-01 -1.085728220641613007e-02
2.889378964900970459e-01 -1.047924812883138657e-02
2.975071370601654053e-01 -1.009973604232072830e-02
3.060588538646697998e-01 -9.724357165396213531e-03
3.146102726459503174e-01 -9.350759908556938171e-03
3.231318593025207520e-01 -8.964057080447673798e-03
3.316374421119689941e-01 -8.571150712668895721e-03
3.401388227939605713e-01 -8.182017132639884949e-03
3.486596345901489258e-01 -7.817467674612998962e-03
3.571885824203491211e-01 -7.408907637000083923e-03
3.657185435295104980e-01 -6.989855319261550903e-03
3.742791116237640381e-01 -6.577033083885908127e-03
3.828710317611694336e-01 -6.174847483634948730e-03
3.914602398872375488e-01 -5.806793458759784698e-03
4.000466465950012207e-01 -5.435910075902938843e-03
4.086059033870697021e-01 -5.050606559962034225e-03
4.171685874462127686e-01 -4.649026319384574890e-03
4.257098436355590820e-01 -4.241481423377990723e-03
4.342672824859619141e-01 -3.800776321440935135e-03
4.428045153617858887e-01 -3.391744568943977356e-03
4.513790309429168701e-01 -2.994340145960450172e-03
4.599693715572357178e-01 -2.609848277643322945e-03
4.685145616531372070e-01 -2.252466045320034027e-03
4.771046936511993408e-01 -1.904360600747168064e-03
4.856561422348022461e-01 -1.539894845336675644e-03
4.942259192466735840e-01 -1.151383039541542530e-03
5.027768015861511230e-01 -7.546200067736208439e-04
5.113572478294372559e-01 -4.058000340592116117e-04
5.199421644210815430e-01 -9.411154314875602722e-05
5.285348892211914062e-01 2.088803012156859040e-04
5.371091365814208984e-01 5.216784193180501461e-04
5.456331968307495117e-01 8.411285234615206718e-04
5.541810393333435059e-01 1.165806781500577927e-03
5.627148151397705078e-01 1.540336641483008862e-03
5.712646245956420898e-01 1.929929130710661411e-03
5.798212289810180664e-01 2.280034590512514114e-03
5.883664488792419434e-01 2.594311488792300224e-03
5.969494581222534180e-01 2.899093320593237877e-03
6.054978370666503906e-01 3.149493131786584854e-03
6.139940023422241211e-01 3.422504756599664688e-03
6.224302649497985840e-01 3.672932274639606476e-03
6.308820247650146484e-01 3.943149000406265259e-03
6.393416523933410645e-01 4.240458831191062927e-03
6.478310227394104004e-01 4.517593886703252792e-03
6.563295125961303711e-01 4.726136103272438049e-03
6.648120284080505371e-01 4.925797227770090103e-03
6.733296513557434082e-01 5.111098755151033401e-03
6.818388700485229492e-01 5.240757483989000320e-03
6.903085708618164062e-01 5.407693330198526382e-03
6.987668275833129883e-01 5.530269816517829895e-03
7.072367668151855469e-01 5.660286173224449158e-03
7.157084941864013672e-01 5.777780432254076004e-03
7.242226600646972656e-01 5.905641242861747742e-03
7.327265143394470215e-01 6.025527603924274445e-03
7.412377595901489258e-01 6.114218849688768387e-03
7.497635483741760254e-01 6.200554315000772476e-03
7.583050727844238281e-01 6.252144929021596909e-03
7.668400406837463379e-01 6.292023230344057083e-03
7.753769755363464355e-01 6.287766620516777039e-03
7.838957905769348145e-01 6.242471747100353241e-03
7.924141883850097656e-01 6.156323943287134171e-03
8.009394407272338867e-01 6.111729424446821213e-03
8.094486594200134277e-01 6.082899868488311768e-03
8.179656863212585449e-01 5.994669161736965179e-03
8.264834880828857422e-01 5.883654113858938217e-03
8.349897861480712891e-01 5.749751813709735870e-03
8.434961438179016113e-01 5.588549189269542694e-03
8.520078659057617188e-01 5.410746671259403229e-03
8.604953289031982422e-01 5.230044014751911163e-03
8.689765334129333496e-01 5.008005537092685699e-03
8.774465322494506836e-01 4.790084902197122574e-03
8.859295248985290527e-01 4.594238940626382828e-03
8.944011330604553223e-01 4.391847178339958191e-03
9.028552174568176270e-01 4.189542494714260101e-03
9.112881422042846680e-01 3.970815334469079971e-03
9.197335243225097656e-01 3.699036547914147377e-03
9.281710982322692871e-01 3.436190076172351837e-03
9.365831017494201660e-01 3.112705890089273453e-03
9.450111985206604004e-01 2.739152638241648674e-03
9.534770250320434570e-01 2.349379239603877068e-03
9.619935750961303711e-01 1.991061726585030556e-03
9.662486314773559570e-01 1.810926827602088451e-03
9.747504591941833496e-01 1.429515541531145573e-03
9.832279086112976074e-01 1.005594618618488312e-03
9.916647672653198242e-01 5.219792365096509457e-04
1.000044941902160645e+00 -3.851586734526790679e-05
