20140417-47.5_0.6+2
9.998550000000000493e-01 -1.036749999999999998e-02
9.964342999999999950e-01 -9.854599999999999818e-03
9.897236999999999840e-01 -8.913700000000000095e-03
9.817628000000000466e-01 -7.846799999999999262e-03
9.732722000000000317e-01 -6.738700000000000245e-03
9.646017999999999537e-01 -5.638800000000000236e-03
9.558913999999999467e-01 -4.549799999999999678e-03
9.471610000000000307e-01 -3.490399999999999840e-03
9.383903999999999579e-01 -2.433199999999999946e-03
9.296596999999999777e-01 -1.396799999999999908e-03
9.209093000000000417e-01 -3.774000000000000119e-04
9.121489999999999876e-01 6.214999999999999821e-04
9.034084000000000003e-01 1.608199999999999951e-03
8.946680000000000188e-01 2.576600000000000071e-03
8.859177000000000302e-01 3.535400000000000174e-03
8.771773999999999960e-01 4.474200000000000225e-03
8.684169999999999945e-01 5.401000000000000419e-03
8.596470000000000500e-01 6.312800000000000356e-03
8.508565999999999629e-01 7.210000000000000263e-03
8.420864000000000127e-01 8.099300000000000249e-03
8.333165999999999629e-01 8.961300000000000168e-03
8.245261999999999869e-01 9.818099999999999744e-03
8.157360999999999640e-01 1.066770000000000045e-02
8.069661999999999669e-01 1.148960000000000085e-02
7.981859000000000037e-01 1.230659999999999914e-02
7.893858999999999737e-01 1.310620000000000014e-02
7.805760999999999949e-01 1.389830000000000058e-02
7.717758999999999592e-01 1.468569999999999945e-02
7.629759000000000402e-01 1.545509999999999939e-02
7.541558999999999902e-01 1.621509999999999965e-02
7.453355999999999870e-01 1.697979999999999975e-02
7.365353999999999512e-01 1.772680000000000089e-02
7.277554000000000523e-01 1.845650000000000068e-02
7.189653000000000294e-01 1.917340000000000017e-02
7.102249999999999952e-01 1.989909999999999943e-02
7.016346999999999445e-01 2.059410000000000060e-02
6.930349999999999566e-01 2.123649999999999843e-02
6.843251999999999668e-01 2.190670000000000117e-02
6.755948999999999982e-01 2.259049999999999947e-02
6.668146999999999824e-01 2.325730000000000158e-02
6.580247000000000179e-01 2.392429999999999904e-02
6.492147000000000334e-01 2.457169999999999840e-02
6.403746999999999634e-01 2.521889999999999896e-02
6.315446999999999589e-01 2.585609999999999992e-02
6.227247000000000199e-01 2.649340000000000028e-02
6.139046000000000225e-01 2.711859999999999965e-02
6.050845000000000251e-01 2.773530000000000093e-02
5.962549000000000321e-01 2.833739999999999870e-02
5.874249999999999750e-01 2.894489999999999910e-02
5.785949999999999704e-01 2.954210000000000169e-02
5.697653000000000301e-01 3.013170000000000084e-02
5.609454999999999858e-01 3.071139999999999981e-02
5.521158999999999928e-01 3.128340000000000287e-02
5.432763000000000453e-01 3.184580000000000050e-02
5.344364999999999810e-01 3.241549999999999987e-02
5.256269999999999554e-01 3.296759999999999968e-02
5.168175000000000407e-01 3.351230000000000181e-02
5.079881000000000535e-01 3.403729999999999950e-02
4.991485999999999978e-01 3.457169999999999688e-02
4.903090999999999977e-01 3.509489999999999832e-02
4.814898000000000233e-01 3.560130000000000239e-02
4.726705999999999963e-01 3.610889999999999933e-02
4.638513000000000219e-01 3.659670000000000284e-02
4.550320999999999949e-01 3.708390000000000297e-02
4.462028000000000105e-01 3.755200000000000204e-02
4.373735999999999735e-01 3.801910000000000012e-02
4.285645000000000149e-01 3.846940000000000082e-02
4.197654000000000107e-01 3.890960000000000252e-02
4.109362999999999766e-01 3.933020000000000266e-02
4.021172000000000080e-01 3.975009999999999655e-02
3.933181000000000038e-01 4.015099999999999919e-02
3.844990999999999826e-01 4.053389999999999771e-02
3.756999999999999784e-01 4.090479999999999811e-02
3.669009999999999772e-01 4.125739999999999963e-02
3.580821000000000143e-01 4.159319999999999684e-02
3.492731000000000030e-01 4.191659999999999831e-02
3.404942000000000246e-01 4.222220000000000140e-02
3.317051999999999778e-01 4.250650000000000261e-02
3.229062999999999795e-01 4.277179999999999871e-02
3.141173999999999911e-01 4.301119999999999943e-02
3.053283999999999998e-01 4.323529999999999734e-02
2.965594999999999759e-01 4.343339999999999701e-02
2.877906000000000075e-01 4.360320000000000168e-02
2.790215999999999807e-01 4.375210000000000210e-02
2.702627000000000224e-01 4.387209999999999721e-02
2.615037000000000056e-01 4.395410000000000289e-02
2.527546999999999988e-01 4.401599999999999957e-02
2.440055999999999892e-01 4.404689999999999994e-02
2.352764999999999995e-01 4.403900000000000176e-02
2.265672999999999992e-01 4.399460000000000176e-02
2.178480999999999890e-01 4.390150000000000302e-02
2.091487999999999958e-01 4.377469999999999972e-02
2.004693999999999920e-01 4.360109999999999680e-02
1.917899000000000131e-01 4.337819999999999870e-02
1.831303999999999987e-01 4.311290000000000261e-02
1.745006000000000057e-01 4.278110000000000246e-02
1.659007999999999872e-01 4.239670000000000244e-02
1.573006999999999878e-01 4.193770000000000137e-02
1.487505000000000077e-01 4.141519999999999924e-02
1.402300999999999964e-01 4.081470000000000237e-02
1.317294999999999994e-01 4.013339999999999963e-02
1.232586999999999988e-01 3.936350000000000265e-02
1.148374000000000061e-01 3.850510000000000044e-02
1.064559000000000061e-01 3.754720000000000280e-02
9.812390000000000001e-02 3.648019999999999735e-02
8.987180000000000168e-02 3.530169999999999836e-02
8.170919999999999572e-02 3.400389999999999663e-02
7.359609999999999763e-02 3.255650000000000210e-02
6.560330000000000328e-02 3.097540000000000016e-02
5.776939999999999853e-02 2.923749999999999960e-02
5.006540000000000296e-02 2.731729999999999922e-02
4.260150000000000048e-02 2.523430000000000117e-02
3.539649999999999741e-02 2.294300000000000159e-02
2.856219999999999939e-02 2.048710000000000114e-02
2.226830000000000129e-02 1.787860000000000144e-02
1.673499999999999988e-02 1.522699999999999922e-02
1.216090000000000053e-02 1.268560000000000000e-02
8.660100000000000436e-03 1.042779999999999922e-02
6.069899999999999601e-03 8.478499999999999925e-03
4.160699999999999815e-03 6.808100000000000089e-03
2.751599999999999879e-03 5.347600000000000096e-03
1.696999999999999941e-03 4.053499999999999812e-03
9.301999999999999505e-04 2.871600000000000194e-03
4.020000000000000136e-04 1.780899999999999974e-03
8.780000000000000640e-05 7.592999999999999706e-04
-9.259174003971391826e-06 -2.109338230269489013e-04
1.218423923601254314e-04 -1.150679139214734296e-03
5.484519706465907024e-04 -2.092186525120041420e-03
1.283590594574170315e-03 -2.956009755653849717e-03
2.323238619399329609e-03 -3.736562914943558980e-03
3.664601434889926557e-03 -4.463856003883044481e-03
5.376991465999981894e-03 -5.198245942100411347e-03
7.599351058397873192e-03 -5.951544781922351972e-03
1.058234655940654308e-02 -6.770672373303599986e-03
1.467637696521091779e-02 -7.683198146281700752e-03
2.015011627890557142e-02 -8.652778187182722305e-03
2.692482298063360660e-02 -9.610788644099125047e-03
3.453939433438158596e-02 -1.047184856575428605e-02
4.258311064154814835e-02 -1.120260035659887202e-02
5.086620889935011131e-02 -1.181391060647049400e-02
5.926894780130518431e-02 -1.232269999862705724e-02
6.778116885660437352e-02 -1.274080428671942739e-02
7.636304677416477782e-02 -1.308956348457520485e-02
8.496458045745211574e-02 -1.336875321446055580e-02
9.360578313020144481e-02 -1.358210320501573865e-02
1.023067365078693530e-01 -1.375284306459562816e-02
1.110075434186251070e-01 -1.388188318140120246e-02
1.197282160324849437e-01 -1.397265328592327618e-02
1.284686532963469352e-01 -1.402485373125198290e-02
1.372189514076435357e-01 -1.403741929689281825e-02
1.459990783841037809e-01 -1.402967996649731770e-02
1.547591983552395467e-01 -1.399151072092042099e-02
1.635391419846298766e-01 -1.393157171251967197e-02
1.723389962757928273e-01 -1.384616261287885050e-02
1.811387803190362411e-01 -1.374075363660766207e-02
1.899384141356340872e-01 -1.362104509978536403e-02
1.987580814439614540e-01 -1.348236608038826112e-02
2.075676919131589082e-01 -1.332752228488032209e-02
2.163871271560144638e-01 -1.315124384865773433e-02
2.252066550222216190e-01 -1.297286507414936209e-02
2.340360974755217871e-01 -1.277015132557534141e-02
2.428754233594928869e-01 -1.256270283327302721e-02
2.517047162886266176e-01 -1.234588952291419683e-02
2.605240738036289638e-01 -1.211901104757719116e-02
2.693632697289490285e-01 -1.187456278350870233e-02
2.782125294142888117e-01 -1.161977910777622566e-02
2.870616852366098537e-01 -1.136389579006867774e-02
2.959008383106990769e-01 -1.110724760125566743e-02
3.047300285739681369e-01 -1.083273429557863807e-02
3.135791141483696975e-01 -1.055685110124072491e-02
3.224282709205074093e-01 -1.027276760624476482e-02
3.312672901723098251e-01 -9.978019652450910437e-03
3.401263352924729366e-01 -9.690601405090782175e-03
3.489754569406508522e-01 -9.396517971779639461e-03
3.578144459858479398e-01 -9.093170071034729560e-03
3.666635321588266327e-01 -8.788986700025253410e-03
3.755025857282074386e-01 -8.475538510342408433e-03
3.843515669844485005e-01 -8.169955499208403360e-03
3.932206207200145687e-01 -7.856501937029450669e-03
4.020695745795670462e-01 -7.543118974009603572e-03
4.109187031486348229e-01 -7.222535352923629103e-03
4.197677275034442101e-01 -6.900752090479433422e-03
4.286167750400671217e-01 -6.585568787323254313e-03
4.374758038993065146e-01 -6.265050392900275121e-03
4.463449316425254776e-01 -5.944196525128490720e-03
4.552039559356501064e-01 -5.622378138724538725e-03
4.640730029976637971e-01 -5.307024588265701372e-03
4.729320311544239486e-01 -4.986306195076419673e-03
4.817911610667652278e-01 -4.666087447563301710e-03
4.906503246981080424e-01 -4.355468640832755277e-03
4.994994609944469754e-01 -4.037085006176119664e-03
5.083586239233104376e-01 -3.726266200679272458e-03
5.172177861496947138e-01 -3.415247396416120143e-03
5.260868511249278123e-01 -3.104993814498027953e-03
5.349461224829249462e-01 -2.796574642957223508e-03
5.438052226438027104e-01 -2.496356123314064177e-03
5.526646027821727758e-01 -2.190436585112460251e-03
5.615238380663932771e-01 -1.900217652544887535e-03
5.703831533293400868e-01 -1.604298403898060709e-03
5.792423970433109304e-01 -1.316479456526133043e-03
5.880917741861116932e-01 -1.038195223273780761e-03
5.969431879754043546e-01 -6.306037763644249845e-04
6.055625573248156757e-01 -7.127368903284618355e-04
6.141857046827488009e-01 -7.921073261309445265e-04
6.228126047261345333e-01 -8.692994591284661753e-04
6.314432323878631514e-01 -9.448990539093253755e-04
6.400775595374385007e-01 -1.019493239710081217e-03
6.487153631219337857e-01 -1.093668868077555048e-03
6.573519575983022278e-01 -1.167975616736180054e-03
6.659853404185595016e-01 -1.242985754212905074e-03
6.746154845721408222e-01 -1.319287145969100022e-03
6.832423663495942323e-01 -1.397466294776140332e-03
6.918659580985934143e-01 -1.478108280445562285e-03
7.004862349103213592e-01 -1.561796823894919146e-03
7.091031718476591417e-01 -1.649114267460379066e-03
7.177167407986502212e-01 -1.740641545082510398e-03
7.263269178576697849e-01 -1.836958262119296834e-03
7.349336774652036608e-01 -1.938642640276701636e-03
7.435369916550953473e-01 -2.046271506866147259e-03
7.521368364526143102e-01 -2.160420376514619097e-03
7.607331862947358525e-01 -2.281663389367049200e-03
7.693260139809076081e-01 -2.410573307632688476e-03
7.779152944194135388e-01 -2.547721572679029819e-03
7.865010026763149531e-01 -2.693678284440504701e-03
7.950831129505669947e-01 -2.849012186905243611e-03
8.036615980088157585e-01 -3.014290655439124614e-03
8.122364341923307141e-01 -3.190079796659959534e-03
8.208075960856123787e-01 -3.376944354541137547e-03
8.293750582955162765e-01 -3.575447744974094826e-03
8.379387941139760931e-01 -3.786152025185240706e-03
8.464987801418470958e-01 -4.009618011015588131e-03
8.550549914647905814e-01 -4.246405168164981911e-03
8.636074033291607499e-01 -4.497071654353547963e-03
8.721559906760643077e-01 -4.762174309051631603e-03
8.807007287087025293e-01 -5.042268673069516711e-03
8.892415942034683773e-01 -5.337909040575277569e-03
8.977785632073728150e-01 -5.649648391050144693e-03
9.063116120096340600e-01 -5.978038424392392511e-03
9.148407171594830078e-01 -6.323629567639646107e-03
9.233658550524032060e-01 -6.686970963234057166e-03
9.318870026710408538e-01 -7.068610505005173440e-03
9.404041380920299398e-01 -7.469094872733753228e-03
9.489172390919801137e-01 -7.888969478345955744e-03
9.574262838033511525e-01 -8.328778501480645427e-03
9.659312507348634114e-01 -8.789064899214035775e-03
9.744321187922830863e-01 -9.270370416400502619e-03
9.829288672995615261e-01 -9.773235596663593441e-03
9.914214760203010623e-01 -1.029819979407119862e-02
9.999099251795299237e-01 -1.084580118552922433e-02
